0,0.00,W/m^2,0:00:00,28/6/17,Day of week:,Wednesday,23.75,Grade Celsius,
0,0.00,W/m^2,0:00:03,28/6/17,Day of week:,Wednesday,23.75,Grade Celsius,
0,0.00,W/m^2,0:00:06,28/6/17,Day of week:,Wednesday,23.69,Grade Celsius,
0,0.00,W/m^2,0:00:09,28/6/17,Day of week:,Wednesday,23.75,Grade Celsius,
0,0.00,W/m^2,0:00:12,28/6/17,Day of week:,Wednesday,23.75,Grade Celsius,
0,0.00,W/m^2,0:00:15,28/6/17,Day of week:,Wednesday,23.75,Grade Celsius,
0,0.00,W/m^2,0:00:19,28/6/17,Day of week:,Wednesday,23.75,Grade Celsius,
0,0.00,W/m^2,0:00:22,28/6/17,Day of week:,Wednesday,23.75,Grade Celsius,
0,0.00,W/m^2,0:00:25,28/6/17,Day of week:,Wednesday,23.75,Grade Celsius,
0,0.00,W/m^2,0:00:28,28/6/17,Day of week:,Wednesday,23.75,Grade Celsius,
0,0.00,W/m^2,0:00:31,28/6/17,Day of week:,Wednesday,23.75,Grade Celsius,
0,0.00,W/m^2,0:00:34,28/6/17,Day of week:,Wednesday,23.75,Grade Celsius,
0,0.00,W/m^2,0:00:37,28/6/17,Day of week:,Wednesday,23.75,Grade Celsius,
0,0.00,W/m^2,0:00:40,28/6/17,Day of week:,Wednesday,23.75,Grade Celsius,
0,0.00,W/m^2,0:00:43,28/6/17,Day of week:,Wednesday,23.81,Grade Celsius,
0,0.00,W/m^2,0:00:46,28/6/17,Day of week:,Wednesday,23.75,Grade Celsius,
0,0.00,W/m^2,0:00:49,28/6/17,Day of week:,Wednesday,23.75,Grade Celsius,
0,0.00,W/m^2,0:00:52,28/6/17,Day of week:,Wednesday,23.75,Grade Celsius,
0,0.00,W/m^2,0:00:55,28/6/17,Day of week:,Wednesday,23.75,Grade Celsius,
0,0.00,W/m^2,0:00:58,28/6/17,Day of week:,Wednesday,23.75,Grade Celsius,
0,0.00,W/m^2,0:01:01,28/6/17,Day of week:,Wednesday,23.75,Grade Celsius,
0,0.00,W/m^2,0:01:04,28/6/17,Day of week:,Wednesday,23.75,Grade Celsius,
0,0.00,W/m^2,0:01:08,28/6/17,Day of week:,Wednesday,23.75,Grade Celsius,
0,0.00,W/m^2,0:01:11,28/6/17,Day of week:,Wednesday,23.75,Grade Celsius,
0,0.00,W/m^2,0:01:14,28/6/17,Day of week:,Wednesday,23.75,Grade Celsius,
0,0.00,W/m^2,0:01:17,28/6/17,Day of week:,Wednesday,23.81,Grade Celsius,
0,0.00,W/m^2,0:01:20,28/6/17,Day of week:,Wednesday,23.81,Grade Celsius,
0,0.00,W/m^2,0:01:23,28/6/17,Day of week:,Wednesday,23.75,Grade Celsius,
0,0.00,W/m^2,0:01:26,28/6/17,Day of week:,Wednesday,23.75,Grade Celsius,
0,0.00,W/m^2,0:01:29,28/6/17,Day of week:,Wednesday,23.81,Grade Celsius,
0,0.00,W/m^2,0:01:32,28/6/17,Day of week:,Wednesday,23.75,Grade Celsius,
0,0.00,W/m^2,0:01:35,28/6/17,Day of week:,Wednesday,23.75,Grade Celsius,
0,0.00,W/m^2,0:01:38,28/6/17,Day of week:,Wednesday,23.75,Grade Celsius,
0,0.00,W/m^2,0:01:41,28/6/17,Day of week:,Wednesday,23.75,Grade Celsius,
0,0.00,W/m^2,0:01:44,28/6/17,Day of week:,Wednesday,23.75,Grade Celsius,
0,0.00,W/m^2,0:01:47,28/6/17,Day of week:,Wednesday,23.75,Grade Celsius,
0,0.00,W/m^2,0:01:50,28/6/17,Day of week:,Wednesday,23.75,Grade Celsius,
0,0.00,W/m^2,0:01:53,28/6/17,Day of week:,Wednesday,23.69,Grade Celsius,
0,0.00,W/m^2,0:01:56,28/6/17,Day of week:,Wednesday,23.69,Grade Celsius,
0,0.00,W/m^2,0:01:59,28/6/17,Day of week:,Wednesday,23.75,Grade Celsius,
0,0.00,W/m^2,0:02:03,28/6/17,Day of week:,Wednesday,23.75,Grade Celsius,
0,0.00,W/m^2,0:02:06,28/6/17,Day of week:,Wednesday,23.75,Grade Celsius,
0,0.00,W/m^2,0:02:09,28/6/17,Day of week:,Wednesday,23.75,Grade Celsius,
0,0.00,W/m^2,0:02:12,28/6/17,Day of week:,Wednesday,23.75,Grade Celsius,
0,0.00,W/m^2,0:02:15,28/6/17,Day of week:,Wednesday,23.75,Grade Celsius,
0,0.00,W/m^2,0:02:18,28/6/17,Day of week:,Wednesday,23.69,Grade Celsius,
0,0.00,W/m^2,0:02:21,28/6/17,Day of week:,Wednesday,23.69,Grade Celsius,
0,0.00,W/m^2,0:02:24,28/6/17,Day of week:,Wednesday,23.69,Grade Celsius,
0,0.00,W/m^2,0:02:27,28/6/17,Day of week:,Wednesday,23.69,Grade Celsius,
0,0.00,W/m^2,0:02:30,28/6/17,Day of week:,Wednesday,23.62,Grade Celsius,
0,0.00,W/m^2,0:02:33,28/6/17,Day of week:,Wednesday,23.62,Grade Celsius,
0,0.00,W/m^2,0:02:36,28/6/17,Day of week:,Wednesday,23.62,Grade Celsius,
0,0.00,W/m^2,0:02:39,28/6/17,Day of week:,Wednesday,23.62,Grade Celsius,
0,0.00,W/m^2,0:02:42,28/6/17,Day of week:,Wednesday,23.62,Grade Celsius,
0,0.00,W/m^2,0:02:45,28/6/17,Day of week:,Wednesday,23.62,Grade Celsius,
0,0.00,W/m^2,0:02:48,28/6/17,Day of week:,Wednesday,23.62,Grade Celsius,
0,0.00,W/m^2,0:02:51,28/6/17,Day of week:,Wednesday,23.62,Grade Celsius,
0,0.00,W/m^2,0:02:54,28/6/17,Day of week:,Wednesday,23.62,Grade Celsius,
0,0.00,W/m^2,0:02:58,28/6/17,Day of week:,Wednesday,23.62,Grade Celsius,
0,0.00,W/m^2,0:03:01,28/6/17,Day of week:,Wednesday,23.62,Grade Celsius,
0,0.00,W/m^2,0:03:04,28/6/17,Day of week:,Wednesday,23.62,Grade Celsius,
0,0.00,W/m^2,0:03:07,28/6/17,Day of week:,Wednesday,23.62,Grade Celsius,
0,0.00,W/m^2,0:03:10,28/6/17,Day of week:,Wednesday,23.62,Grade Celsius,
0,0.00,W/m^2,0:03:13,28/6/17,Day of week:,Wednesday,23.62,Grade Celsius,
0,0.00,W/m^2,0:03:16,28/6/17,Day of week:,Wednesday,23.62,Grade Celsius,
0,0.00,W/m^2,0:03:19,28/6/17,Day of week:,Wednesday,23.62,Grade Celsius,
0,0.00,W/m^2,0:03:22,28/6/17,Day of week:,Wednesday,23.62,Grade Celsius,
0,0.00,W/m^2,0:03:25,28/6/17,Day of week:,Wednesday,23.62,Grade Celsius,
0,0.00,W/m^2,0:03:28,28/6/17,Day of week:,Wednesday,23.62,Grade Celsius,
0,0.00,W/m^2,0:03:31,28/6/17,Day of week:,Wednesday,23.62,Grade Celsius,
0,0.00,W/m^2,0:03:34,28/6/17,Day of week:,Wednesday,23.62,Grade Celsius,
0,0.00,W/m^2,0:03:37,28/6/17,Day of week:,Wednesday,23.62,Grade Celsius,
0,0.00,W/m^2,0:03:40,28/6/17,Day of week:,Wednesday,23.62,Grade Celsius,
0,0.00,W/m^2,0:03:43,28/6/17,Day of week:,Wednesday,23.62,Grade Celsius,
0,0.00,W/m^2,0:03:46,28/6/17,Day of week:,Wednesday,23.62,Grade Celsius,
0,0.00,W/m^2,0:03:50,28/6/17,Day of week:,Wednesday,23.69,Grade Celsius,
0,0.00,W/m^2,0:03:53,28/6/17,Day of week:,Wednesday,23.69,Grade Celsius,
0,0.00,W/m^2,0:03:56,28/6/17,Day of week:,Wednesday,23.69,Grade Celsius,
0,0.00,W/m^2,0:03:59,28/6/17,Day of week:,Wednesday,23.69,Grade Celsius,
0,0.00,W/m^2,0:04:02,28/6/17,Day of week:,Wednesday,23.69,Grade Celsius,
0,0.00,W/m^2,0:04:05,28/6/17,Day of week:,Wednesday,23.69,Grade Celsius,
0,0.00,W/m^2,0:04:08,28/6/17,Day of week:,Wednesday,23.69,Grade Celsius,
0,0.00,W/m^2,0:04:11,28/6/17,Day of week:,Wednesday,23.69,Grade Celsius,
0,0.00,W/m^2,0:04:14,28/6/17,Day of week:,Wednesday,23.69,Grade Celsius,
0,0.00,W/m^2,0:04:17,28/6/17,Day of week:,Wednesday,23.69,Grade Celsius,
0,0.00,W/m^2,0:04:20,28/6/17,Day of week:,Wednesday,23.69,Grade Celsius,
0,0.00,W/m^2,0:04:23,28/6/17,Day of week:,Wednesday,23.69,Grade Celsius,
0,0.00,W/m^2,0:04:26,28/6/17,Day of week:,Wednesday,23.62,Grade Celsius,
0,0.00,W/m^2,0:04:29,28/6/17,Day of week:,Wednesday,23.62,Grade Celsius,
0,0.00,W/m^2,0:04:32,28/6/17,Day of week:,Wednesday,23.69,Grade Celsius,
0,0.00,W/m^2,0:04:35,28/6/17,Day of week:,Wednesday,23.69,Grade Celsius,
0,0.00,W/m^2,0:04:38,28/6/17,Day of week:,Wednesday,23.62,Grade Celsius,
0,0.00,W/m^2,0:04:41,28/6/17,Day of week:,Wednesday,23.62,Grade Celsius,
0,0.00,W/m^2,0:04:45,28/6/17,Day of week:,Wednesday,23.62,Grade Celsius,
0,0.00,W/m^2,0:04:48,28/6/17,Day of week:,Wednesday,23.62,Grade Celsius,
0,0.00,W/m^2,0:04:51,28/6/17,Day of week:,Wednesday,23.62,Grade Celsius,
0,0.00,W/m^2,0:04:54,28/6/17,Day of week:,Wednesday,23.62,Grade Celsius,
0,0.00,W/m^2,0:04:57,28/6/17,Day of week:,Wednesday,23.62,Grade Celsius,
0,0.00,W/m^2,0:05:00,28/6/17,Day of week:,Wednesday,23.62,Grade Celsius,
0,0.00,W/m^2,0:05:03,28/6/17,Day of week:,Wednesday,23.62,Grade Celsius,
0,0.00,W/m^2,0:05:06,28/6/17,Day of week:,Wednesday,23.62,Grade Celsius,
0,0.00,W/m^2,0:05:09,28/6/17,Day of week:,Wednesday,23.56,Grade Celsius,
0,0.00,W/m^2,0:05:12,28/6/17,Day of week:,Wednesday,23.62,Grade Celsius,
0,0.00,W/m^2,0:05:15,28/6/17,Day of week:,Wednesday,23.62,Grade Celsius,
0,0.00,W/m^2,0:05:18,28/6/17,Day of week:,Wednesday,23.62,Grade Celsius,
0,0.00,W/m^2,0:05:21,28/6/17,Day of week:,Wednesday,23.62,Grade Celsius,
0,0.00,W/m^2,0:05:24,28/6/17,Day of week:,Wednesday,23.62,Grade Celsius,
0,0.00,W/m^2,0:05:27,28/6/17,Day of week:,Wednesday,23.62,Grade Celsius,
0,0.00,W/m^2,0:05:30,28/6/17,Day of week:,Wednesday,23.62,Grade Celsius,
0,0.00,W/m^2,0:05:33,28/6/17,Day of week:,Wednesday,23.56,Grade Celsius,
0,0.00,W/m^2,0:05:37,28/6/17,Day of week:,Wednesday,23.56,Grade Celsius,
0,0.00,W/m^2,0:05:40,28/6/17,Day of week:,Wednesday,23.56,Grade Celsius,
0,0.00,W/m^2,0:05:43,28/6/17,Day of week:,Wednesday,23.56,Grade Celsius,
0,0.00,W/m^2,0:05:46,28/6/17,Day of week:,Wednesday,23.56,Grade Celsius,
0,0.00,W/m^2,0:05:49,28/6/17,Day of week:,Wednesday,23.56,Grade Celsius,
0,0.00,W/m^2,0:05:52,28/6/17,Day of week:,Wednesday,23.56,Grade Celsius,
0,0.00,W/m^2,0:05:55,28/6/17,Day of week:,Wednesday,23.62,Grade Celsius,
0,0.00,W/m^2,0:05:58,28/6/17,Day of week:,Wednesday,23.56,Grade Celsius,
0,0.00,W/m^2,0:06:01,28/6/17,Day of week:,Wednesday,23.62,Grade Celsius,
0,0.00,W/m^2,0:06:04,28/6/17,Day of week:,Wednesday,23.56,Grade Celsius,
0,0.00,W/m^2,0:06:07,28/6/17,Day of week:,Wednesday,23.62,Grade Celsius,
0,0.00,W/m^2,0:06:10,28/6/17,Day of week:,Wednesday,23.62,Grade Celsius,
0,0.00,W/m^2,0:06:13,28/6/17,Day of week:,Wednesday,23.62,Grade Celsius,
0,0.00,W/m^2,0:06:16,28/6/17,Day of week:,Wednesday,23.56,Grade Celsius,
0,0.00,W/m^2,0:06:20,28/6/17,Day of week:,Wednesday,23.62,Grade Celsius,
0,0.00,W/m^2,0:06:23,28/6/17,Day of week:,Wednesday,23.62,Grade Celsius,
0,0.00,W/m^2,0:06:26,28/6/17,Day of week:,Wednesday,23.62,Grade Celsius,
0,0.00,W/m^2,0:06:29,28/6/17,Day of week:,Wednesday,23.56,Grade Celsius,
0,0.00,W/m^2,0:06:32,28/6/17,Day of week:,Wednesday,23.62,Grade Celsius,
0,0.00,W/m^2,0:06:35,28/6/17,Day of week:,Wednesday,23.62,Grade Celsius,
0,0.00,W/m^2,0:06:38,28/6/17,Day of week:,Wednesday,23.62,Grade Celsius,
0,0.00,W/m^2,0:06:41,28/6/17,Day of week:,Wednesday,23.69,Grade Celsius,
0,0.00,W/m^2,0:06:44,28/6/17,Day of week:,Wednesday,23.69,Grade Celsius,
0,0.00,W/m^2,0:06:47,28/6/17,Day of week:,Wednesday,23.69,Grade Celsius,
0,0.00,W/m^2,0:06:50,28/6/17,Day of week:,Wednesday,23.69,Grade Celsius,
0,0.00,W/m^2,0:06:53,28/6/17,Day of week:,Wednesday,23.69,Grade Celsius,
0,0.00,W/m^2,0:06:56,28/6/17,Day of week:,Wednesday,23.69,Grade Celsius,
0,0.00,W/m^2,0:06:59,28/6/17,Day of week:,Wednesday,23.69,Grade Celsius,
0,0.00,W/m^2,0:07:02,28/6/17,Day of week:,Wednesday,23.69,Grade Celsius,
0,0.00,W/m^2,0:07:05,28/6/17,Day of week:,Wednesday,23.69,Grade Celsius,
0,0.00,W/m^2,0:07:08,28/6/17,Day of week:,Wednesday,23.62,Grade Celsius,
0,0.00,W/m^2,0:07:12,28/6/17,Day of week:,Wednesday,23.62,Grade Celsius,
0,0.00,W/m^2,0:07:15,28/6/17,Day of week:,Wednesday,23.69,Grade Celsius,
0,0.00,W/m^2,0:07:18,28/6/17,Day of week:,Wednesday,23.62,Grade Celsius,
0,0.00,W/m^2,0:07:21,28/6/17,Day of week:,Wednesday,23.62,Grade Celsius,
0,0.00,W/m^2,0:07:24,28/6/17,Day of week:,Wednesday,23.62,Grade Celsius,
0,0.00,W/m^2,0:07:27,28/6/17,Day of week:,Wednesday,23.62,Grade Celsius,
0,0.00,W/m^2,0:07:30,28/6/17,Day of week:,Wednesday,23.62,Grade Celsius,
0,0.00,W/m^2,0:07:33,28/6/17,Day of week:,Wednesday,23.62,Grade Celsius,
0,0.00,W/m^2,0:07:36,28/6/17,Day of week:,Wednesday,23.62,Grade Celsius,
0,0.00,W/m^2,0:07:39,28/6/17,Day of week:,Wednesday,23.62,Grade Celsius,
0,0.00,W/m^2,0:07:42,28/6/17,Day of week:,Wednesday,23.62,Grade Celsius,
0,0.00,W/m^2,0:07:45,28/6/17,Day of week:,Wednesday,23.62,Grade Celsius,
0,0.00,W/m^2,0:07:48,28/6/17,Day of week:,Wednesday,23.62,Grade Celsius,
0,0.00,W/m^2,0:07:51,28/6/17,Day of week:,Wednesday,23.62,Grade Celsius,
0,0.00,W/m^2,0:07:54,28/6/17,Day of week:,Wednesday,23.62,Grade Celsius,
0,0.00,W/m^2,0:07:57,28/6/17,Day of week:,Wednesday,23.62,Grade Celsius,
0,0.00,W/m^2,0:08:00,28/6/17,Day of week:,Wednesday,23.62,Grade Celsius,
0,0.00,W/m^2,0:08:03,28/6/17,Day of week:,Wednesday,23.62,Grade Celsius,
0,0.00,W/m^2,0:08:07,28/6/17,Day of week:,Wednesday,23.62,Grade Celsius,
0,0.00,W/m^2,0:08:10,28/6/17,Day of week:,Wednesday,23.56,Grade Celsius,
0,0.00,W/m^2,0:08:13,28/6/17,Day of week:,Wednesday,23.56,Grade Celsius,
0,0.00,W/m^2,0:08:16,28/6/17,Day of week:,Wednesday,23.56,Grade Celsius,
0,0.00,W/m^2,0:08:19,28/6/17,Day of week:,Wednesday,23.56,Grade Celsius,
0,0.00,W/m^2,0:08:22,28/6/17,Day of week:,Wednesday,23.56,Grade Celsius,
0,0.00,W/m^2,0:08:25,28/6/17,Day of week:,Wednesday,23.56,Grade Celsius,
0,0.00,W/m^2,0:08:28,28/6/17,Day of week:,Wednesday,23.50,Grade Celsius,
0,0.00,W/m^2,0:08:31,28/6/17,Day of week:,Wednesday,23.56,Grade Celsius,
0,0.00,W/m^2,0:08:34,28/6/17,Day of week:,Wednesday,23.50,Grade Celsius,
0,0.00,W/m^2,0:08:37,28/6/17,Day of week:,Wednesday,23.56,Grade Celsius,
0,0.00,W/m^2,0:08:40,28/6/17,Day of week:,Wednesday,23.56,Grade Celsius,
0,0.00,W/m^2,0:08:43,28/6/17,Day of week:,Wednesday,23.56,Grade Celsius,
0,0.00,W/m^2,0:08:46,28/6/17,Day of week:,Wednesday,23.56,Grade Celsius,
0,0.00,W/m^2,0:08:49,28/6/17,Day of week:,Wednesday,23.56,Grade Celsius,
0,0.00,W/m^2,0:08:52,28/6/17,Day of week:,Wednesday,23.56,Grade Celsius,
0,0.00,W/m^2,0:08:55,28/6/17,Day of week:,Wednesday,23.56,Grade Celsius,
0,0.00,W/m^2,0:08:59,28/6/17,Day of week:,Wednesday,23.56,Grade Celsius,
0,0.00,W/m^2,0:09:02,28/6/17,Day of week:,Wednesday,23.56,Grade Celsius,
0,0.00,W/m^2,0:09:05,28/6/17,Day of week:,Wednesday,23.56,Grade Celsius,
0,0.00,W/m^2,0:09:08,28/6/17,Day of week:,Wednesday,23.56,Grade Celsius,
0,0.00,W/m^2,0:09:11,28/6/17,Day of week:,Wednesday,23.56,Grade Celsius,
0,0.00,W/m^2,0:09:14,28/6/17,Day of week:,Wednesday,23.50,Grade Celsius,
0,0.00,W/m^2,0:09:17,28/6/17,Day of week:,Wednesday,23.56,Grade Celsius,
0,0.00,W/m^2,0:09:20,28/6/17,Day of week:,Wednesday,23.50,Grade Celsius,
0,0.00,W/m^2,0:09:23,28/6/17,Day of week:,Wednesday,23.50,Grade Celsius,
0,0.00,W/m^2,0:09:26,28/6/17,Day of week:,Wednesday,23.50,Grade Celsius,
0,0.00,W/m^2,0:09:29,28/6/17,Day of week:,Wednesday,23.50,Grade Celsius,
0,0.00,W/m^2,0:09:32,28/6/17,Day of week:,Wednesday,23.50,Grade Celsius,
0,0.00,W/m^2,0:09:35,28/6/17,Day of week:,Wednesday,23.50,Grade Celsius,
0,0.00,W/m^2,0:09:38,28/6/17,Day of week:,Wednesday,23.50,Grade Celsius,
0,0.00,W/m^2,0:09:41,28/6/17,Day of week:,Wednesday,23.50,Grade Celsius,
0,0.00,W/m^2,0:09:44,28/6/17,Day of week:,Wednesday,23.50,Grade Celsius,
0,0.00,W/m^2,0:09:47,28/6/17,Day of week:,Wednesday,23.50,Grade Celsius,
0,0.00,W/m^2,0:09:50,28/6/17,Day of week:,Wednesday,23.50,Grade Celsius,
0,0.00,W/m^2,0:09:54,28/6/17,Day of week:,Wednesday,23.50,Grade Celsius,
0,0.00,W/m^2,0:09:57,28/6/17,Day of week:,Wednesday,23.44,Grade Celsius,
0,0.00,W/m^2,0:10:00,28/6/17,Day of week:,Wednesday,23.44,Grade Celsius,
0,0.00,W/m^2,0:10:03,28/6/17,Day of week:,Wednesday,23.44,Grade Celsius,
0,0.00,W/m^2,0:10:06,28/6/17,Day of week:,Wednesday,23.44,Grade Celsius,
0,0.00,W/m^2,0:10:09,28/6/17,Day of week:,Wednesday,23.50,Grade Celsius,
0,0.00,W/m^2,0:10:12,28/6/17,Day of week:,Wednesday,23.44,Grade Celsius,
0,0.00,W/m^2,0:10:15,28/6/17,Day of week:,Wednesday,23.50,Grade Celsius,
0,0.00,W/m^2,0:10:18,28/6/17,Day of week:,Wednesday,23.50,Grade Celsius,
0,0.00,W/m^2,0:10:21,28/6/17,Day of week:,Wednesday,23.50,Grade Celsius,
0,0.00,W/m^2,0:10:24,28/6/17,Day of week:,Wednesday,23.50,Grade Celsius,
0,0.00,W/m^2,0:10:27,28/6/17,Day of week:,Wednesday,23.50,Grade Celsius,
0,0.00,W/m^2,0:10:30,28/6/17,Day of week:,Wednesday,23.50,Grade Celsius,
0,0.00,W/m^2,0:10:33,28/6/17,Day of week:,Wednesday,23.56,Grade Celsius,
0,0.00,W/m^2,0:10:36,28/6/17,Day of week:,Wednesday,23.56,Grade Celsius,
0,0.00,W/m^2,0:10:39,28/6/17,Day of week:,Wednesday,23.56,Grade Celsius,
0,0.00,W/m^2,0:10:42,28/6/17,Day of week:,Wednesday,23.56,Grade Celsius,
0,0.00,W/m^2,0:10:46,28/6/17,Day of week:,Wednesday,23.56,Grade Celsius,
0,0.00,W/m^2,0:10:49,28/6/17,Day of week:,Wednesday,23.56,Grade Celsius,
0,0.00,W/m^2,0:10:52,28/6/17,Day of week:,Wednesday,23.56,Grade Celsius,
0,0.00,W/m^2,0:10:55,28/6/17,Day of week:,Wednesday,23.56,Grade Celsius,
0,0.00,W/m^2,0:10:58,28/6/17,Day of week:,Wednesday,23.56,Grade Celsius,
0,0.00,W/m^2,0:11:01,28/6/17,Day of week:,Wednesday,23.56,Grade Celsius,
0,0.00,W/m^2,0:11:04,28/6/17,Day of week:,Wednesday,23.56,Grade Celsius,
0,0.00,W/m^2,0:11:07,28/6/17,Day of week:,Wednesday,23.56,Grade Celsius,
0,0.00,W/m^2,0:11:10,28/6/17,Day of week:,Wednesday,23.56,Grade Celsius,
0,0.00,W/m^2,0:11:13,28/6/17,Day of week:,Wednesday,23.56,Grade Celsius,
0,0.00,W/m^2,0:11:16,28/6/17,Day of week:,Wednesday,23.56,Grade Celsius,
0,0.00,W/m^2,0:11:19,28/6/17,Day of week:,Wednesday,23.56,Grade Celsius,
0,0.00,W/m^2,0:11:22,28/6/17,Day of week:,Wednesday,23.50,Grade Celsius,
0,0.00,W/m^2,0:11:25,28/6/17,Day of week:,Wednesday,23.56,Grade Celsius,
0,0.00,W/m^2,0:11:28,28/6/17,Day of week:,Wednesday,23.56,Grade Celsius,
0,0.00,W/m^2,0:11:31,28/6/17,Day of week:,Wednesday,23.62,Grade Celsius,
0,0.00,W/m^2,0:11:35,28/6/17,Day of week:,Wednesday,23.62,Grade Celsius,
0,0.00,W/m^2,0:11:38,28/6/17,Day of week:,Wednesday,23.56,Grade Celsius,
0,0.00,W/m^2,0:11:41,28/6/17,Day of week:,Wednesday,23.56,Grade Celsius,
0,0.00,W/m^2,0:11:44,28/6/17,Day of week:,Wednesday,23.56,Grade Celsius,
0,0.00,W/m^2,0:11:47,28/6/17,Day of week:,Wednesday,23.56,Grade Celsius,
0,0.00,W/m^2,0:11:50,28/6/17,Day of week:,Wednesday,23.56,Grade Celsius,
0,0.00,W/m^2,0:11:53,28/6/17,Day of week:,Wednesday,23.56,Grade Celsius,
0,0.00,W/m^2,0:11:56,28/6/17,Day of week:,Wednesday,23.56,Grade Celsius,
0,0.00,W/m^2,0:11:59,28/6/17,Day of week:,Wednesday,23.56,Grade Celsius,
0,0.00,W/m^2,0:12:02,28/6/17,Day of week:,Wednesday,23.50,Grade Celsius,
0,0.00,W/m^2,0:12:05,28/6/17,Day of week:,Wednesday,23.50,Grade Celsius,
0,0.00,W/m^2,0:12:08,28/6/17,Day of week:,Wednesday,23.50,Grade Celsius,
0,0.00,W/m^2,0:12:11,28/6/17,Day of week:,Wednesday,23.44,Grade Celsius,
0,0.00,W/m^2,0:12:14,28/6/17,Day of week:,Wednesday,23.44,Grade Celsius,
0,0.00,W/m^2,0:12:17,28/6/17,Day of week:,Wednesday,23.44,Grade Celsius,
0,0.00,W/m^2,0:12:20,28/6/17,Day of week:,Wednesday,23.44,Grade Celsius,
0,0.00,W/m^2,0:12:23,28/6/17,Day of week:,Wednesday,23.44,Grade Celsius,
0,0.00,W/m^2,0:12:27,28/6/17,Day of week:,Wednesday,23.44,Grade Celsius,
0,0.00,W/m^2,0:12:30,28/6/17,Day of week:,Wednesday,23.44,Grade Celsius,
0,0.00,W/m^2,0:12:33,28/6/17,Day of week:,Wednesday,23.44,Grade Celsius,
0,0.00,W/m^2,0:12:36,28/6/17,Day of week:,Wednesday,23.44,Grade Celsius,
0,0.00,W/m^2,0:12:39,28/6/17,Day of week:,Wednesday,23.44,Grade Celsius,
0,0.00,W/m^2,0:12:42,28/6/17,Day of week:,Wednesday,23.44,Grade Celsius,
0,0.00,W/m^2,0:12:45,28/6/17,Day of week:,Wednesday,23.44,Grade Celsius,
0,0.00,W/m^2,0:12:48,28/6/17,Day of week:,Wednesday,23.44,Grade Celsius,
0,0.00,W/m^2,0:12:51,28/6/17,Day of week:,Wednesday,23.44,Grade Celsius,
0,0.00,W/m^2,0:12:54,28/6/17,Day of week:,Wednesday,23.44,Grade Celsius,
0,0.00,W/m^2,0:12:57,28/6/17,Day of week:,Wednesday,23.44,Grade Celsius,
0,0.00,W/m^2,0:13:00,28/6/17,Day of week:,Wednesday,23.44,Grade Celsius,
0,0.00,W/m^2,0:13:03,28/6/17,Day of week:,Wednesday,23.44,Grade Celsius,
0,0.00,W/m^2,0:13:06,28/6/17,Day of week:,Wednesday,23.44,Grade Celsius,
0,0.00,W/m^2,0:13:09,28/6/17,Day of week:,Wednesday,23.44,Grade Celsius,
0,0.00,W/m^2,0:13:12,28/6/17,Day of week:,Wednesday,23.44,Grade Celsius,
0,0.00,W/m^2,0:13:15,28/6/17,Day of week:,Wednesday,23.44,Grade Celsius,
0,0.00,W/m^2,0:13:18,28/6/17,Day of week:,Wednesday,23.44,Grade Celsius,
0,0.00,W/m^2,0:13:22,28/6/17,Day of week:,Wednesday,23.50,Grade Celsius,
0,0.00,W/m^2,0:13:25,28/6/17,Day of week:,Wednesday,23.50,Grade Celsius,
0,0.00,W/m^2,0:13:28,28/6/17,Day of week:,Wednesday,23.50,Grade Celsius,
0,0.00,W/m^2,0:13:31,28/6/17,Day of week:,Wednesday,23.50,Grade Celsius,
0,0.00,W/m^2,0:13:34,28/6/17,Day of week:,Wednesday,23.50,Grade Celsius,
0,0.00,W/m^2,0:13:37,28/6/17,Day of week:,Wednesday,23.56,Grade Celsius,
0,0.00,W/m^2,0:13:40,28/6/17,Day of week:,Wednesday,23.56,Grade Celsius,
0,0.00,W/m^2,0:13:43,28/6/17,Day of week:,Wednesday,23.62,Grade Celsius,
0,0.00,W/m^2,0:13:46,28/6/17,Day of week:,Wednesday,23.62,Grade Celsius,
0,0.00,W/m^2,0:13:49,28/6/17,Day of week:,Wednesday,23.62,Grade Celsius,
0,0.00,W/m^2,0:13:52,28/6/17,Day of week:,Wednesday,23.62,Grade Celsius,
0,0.00,W/m^2,0:13:55,28/6/17,Day of week:,Wednesday,23.62,Grade Celsius,
0,0.00,W/m^2,0:13:58,28/6/17,Day of week:,Wednesday,23.62,Grade Celsius,
0,0.00,W/m^2,0:14:01,28/6/17,Day of week:,Wednesday,23.62,Grade Celsius,
0,0.00,W/m^2,0:14:04,28/6/17,Day of week:,Wednesday,23.62,Grade Celsius,
0,0.00,W/m^2,0:14:07,28/6/17,Day of week:,Wednesday,23.62,Grade Celsius,
0,0.00,W/m^2,0:14:10,28/6/17,Day of week:,Wednesday,23.62,Grade Celsius,
0,0.00,W/m^2,0:14:13,28/6/17,Day of week:,Wednesday,23.62,Grade Celsius,
0,0.00,W/m^2,0:14:17,28/6/17,Day of week:,Wednesday,23.62,Grade Celsius,
0,0.00,W/m^2,0:14:20,28/6/17,Day of week:,Wednesday,23.62,Grade Celsius,
0,0.00,W/m^2,0:14:23,28/6/17,Day of week:,Wednesday,23.62,Grade Celsius,
0,0.00,W/m^2,0:14:26,28/6/17,Day of week:,Wednesday,23.62,Grade Celsius,
0,0.00,W/m^2,0:14:29,28/6/17,Day of week:,Wednesday,23.62,Grade Celsius,
0,0.00,W/m^2,0:14:32,28/6/17,Day of week:,Wednesday,23.62,Grade Celsius,
0,0.00,W/m^2,0:14:35,28/6/17,Day of week:,Wednesday,23.62,Grade Celsius,
0,0.00,W/m^2,0:14:38,28/6/17,Day of week:,Wednesday,23.62,Grade Celsius,
0,0.00,W/m^2,0:14:41,28/6/17,Day of week:,Wednesday,23.62,Grade Celsius,
0,0.00,W/m^2,0:14:44,28/6/17,Day of week:,Wednesday,23.62,Grade Celsius,
0,0.00,W/m^2,0:14:47,28/6/17,Day of week:,Wednesday,23.56,Grade Celsius,
0,0.00,W/m^2,0:14:50,28/6/17,Day of week:,Wednesday,23.56,Grade Celsius,
0,0.00,W/m^2,0:14:53,28/6/17,Day of week:,Wednesday,23.56,Grade Celsius,
0,0.00,W/m^2,0:14:56,28/6/17,Day of week:,Wednesday,23.56,Grade Celsius,
0,0.00,W/m^2,0:14:59,28/6/17,Day of week:,Wednesday,23.56,Grade Celsius,
0,0.00,W/m^2,0:15:02,28/6/17,Day of week:,Wednesday,23.56,Grade Celsius,
0,0.00,W/m^2,0:15:05,28/6/17,Day of week:,Wednesday,23.56,Grade Celsius,
0,0.00,W/m^2,0:15:08,28/6/17,Day of week:,Wednesday,23.62,Grade Celsius,
0,0.00,W/m^2,0:15:12,28/6/17,Day of week:,Wednesday,23.62,Grade Celsius,
0,0.00,W/m^2,0:15:15,28/6/17,Day of week:,Wednesday,23.62,Grade Celsius,
0,0.00,W/m^2,0:15:18,28/6/17,Day of week:,Wednesday,23.62,Grade Celsius,
0,0.00,W/m^2,0:15:21,28/6/17,Day of week:,Wednesday,23.62,Grade Celsius,
0,0.00,W/m^2,0:15:24,28/6/17,Day of week:,Wednesday,23.62,Grade Celsius,
0,0.00,W/m^2,0:15:27,28/6/17,Day of week:,Wednesday,23.62,Grade Celsius,
0,0.00,W/m^2,0:15:30,28/6/17,Day of week:,Wednesday,23.62,Grade Celsius,
0,0.00,W/m^2,0:15:33,28/6/17,Day of week:,Wednesday,23.62,Grade Celsius,
0,0.00,W/m^2,0:15:36,28/6/17,Day of week:,Wednesday,23.62,Grade Celsius,
0,0.00,W/m^2,0:15:39,28/6/17,Day of week:,Wednesday,23.56,Grade Celsius,
0,0.00,W/m^2,0:15:42,28/6/17,Day of week:,Wednesday,23.56,Grade Celsius,
0,0.00,W/m^2,0:15:45,28/6/17,Day of week:,Wednesday,23.56,Grade Celsius,
0,0.00,W/m^2,0:15:48,28/6/17,Day of week:,Wednesday,23.62,Grade Celsius,
0,0.00,W/m^2,0:15:51,28/6/17,Day of week:,Wednesday,23.62,Grade Celsius,
0,0.00,W/m^2,0:15:54,28/6/17,Day of week:,Wednesday,23.56,Grade Celsius,
0,0.00,W/m^2,0:15:57,28/6/17,Day of week:,Wednesday,23.62,Grade Celsius,
0,0.00,W/m^2,0:16:01,28/6/17,Day of week:,Wednesday,23.62,Grade Celsius,
0,0.00,W/m^2,0:16:04,28/6/17,Day of week:,Wednesday,23.62,Grade Celsius,
0,0.00,W/m^2,0:16:07,28/6/17,Day of week:,Wednesday,23.62,Grade Celsius,
0,0.00,W/m^2,0:16:10,28/6/17,Day of week:,Wednesday,23.62,Grade Celsius,
0,0.00,W/m^2,0:16:13,28/6/17,Day of week:,Wednesday,23.56,Grade Celsius,
0,0.00,W/m^2,0:16:16,28/6/17,Day of week:,Wednesday,23.56,Grade Celsius,
0,0.00,W/m^2,0:16:19,28/6/17,Day of week:,Wednesday,23.62,Grade Celsius,
0,0.00,W/m^2,0:16:22,28/6/17,Day of week:,Wednesday,23.56,Grade Celsius,
0,0.00,W/m^2,0:16:25,28/6/17,Day of week:,Wednesday,23.62,Grade Celsius,
0,0.00,W/m^2,0:16:28,28/6/17,Day of week:,Wednesday,23.62,Grade Celsius,
0,0.00,W/m^2,0:16:31,28/6/17,Day of week:,Wednesday,23.62,Grade Celsius,
0,0.00,W/m^2,0:16:34,28/6/17,Day of week:,Wednesday,23.62,Grade Celsius,
0,0.00,W/m^2,0:16:37,28/6/17,Day of week:,Wednesday,23.62,Grade Celsius,
0,0.00,W/m^2,0:16:40,28/6/17,Day of week:,Wednesday,23.62,Grade Celsius,
0,0.00,W/m^2,0:16:43,28/6/17,Day of week:,Wednesday,23.62,Grade Celsius,
0,0.00,W/m^2,0:16:46,28/6/17,Day of week:,Wednesday,23.62,Grade Celsius,
0,0.00,W/m^2,0:16:49,28/6/17,Day of week:,Wednesday,23.62,Grade Celsius,
0,0.00,W/m^2,0:16:52,28/6/17,Day of week:,Wednesday,23.56,Grade Celsius,
0,0.00,W/m^2,0:16:56,28/6/17,Day of week:,Wednesday,23.56,Grade Celsius,
0,0.00,W/m^2,0:16:59,28/6/17,Day of week:,Wednesday,23.56,Grade Celsius,
0,0.00,W/m^2,0:17:02,28/6/17,Day of week:,Wednesday,23.56,Grade Celsius,
0,0.00,W/m^2,0:17:05,28/6/17,Day of week:,Wednesday,23.56,Grade Celsius,
0,0.00,W/m^2,0:17:08,28/6/17,Day of week:,Wednesday,23.56,Grade Celsius,
0,0.00,W/m^2,0:17:11,28/6/17,Day of week:,Wednesday,23.56,Grade Celsius,
0,0.00,W/m^2,0:17:14,28/6/17,Day of week:,Wednesday,23.56,Grade Celsius,
0,0.00,W/m^2,0:17:17,28/6/17,Day of week:,Wednesday,23.56,Grade Celsius,
0,0.00,W/m^2,0:17:20,28/6/17,Day of week:,Wednesday,23.56,Grade Celsius,
0,0.00,W/m^2,0:17:23,28/6/17,Day of week:,Wednesday,23.56,Grade Celsius,
0,0.00,W/m^2,0:17:26,28/6/17,Day of week:,Wednesday,23.50,Grade Celsius,
0,0.00,W/m^2,0:17:29,28/6/17,Day of week:,Wednesday,23.50,Grade Celsius,
0,0.00,W/m^2,0:17:32,28/6/17,Day of week:,Wednesday,23.50,Grade Celsius,
0,0.00,W/m^2,0:17:35,28/6/17,Day of week:,Wednesday,23.50,Grade Celsius,
0,0.00,W/m^2,0:17:39,28/6/17,Day of week:,Wednesday,23.50,Grade Celsius,
0,0.00,W/m^2,0:17:42,28/6/17,Day of week:,Wednesday,23.50,Grade Celsius,
0,0.00,W/m^2,0:17:45,28/6/17,Day of week:,Wednesday,23.50,Grade Celsius,
0,0.00,W/m^2,0:17:48,28/6/17,Day of week:,Wednesday,23.50,Grade Celsius,
0,0.00,W/m^2,0:17:51,28/6/17,Day of week:,Wednesday,23.50,Grade Celsius,
0,0.00,W/m^2,0:17:54,28/6/17,Day of week:,Wednesday,23.56,Grade Celsius,
0,0.00,W/m^2,0:17:57,28/6/17,Day of week:,Wednesday,23.50,Grade Celsius,
0,0.00,W/m^2,0:18:00,28/6/17,Day of week:,Wednesday,23.56,Grade Celsius,
0,0.00,W/m^2,0:18:03,28/6/17,Day of week:,Wednesday,23.56,Grade Celsius,
0,0.00,W/m^2,0:18:06,28/6/17,Day of week:,Wednesday,23.56,Grade Celsius,
0,0.00,W/m^2,0:18:09,28/6/17,Day of week:,Wednesday,23.56,Grade Celsius,
0,0.00,W/m^2,0:18:12,28/6/17,Day of week:,Wednesday,23.56,Grade Celsius,
0,0.00,W/m^2,0:18:15,28/6/17,Day of week:,Wednesday,23.50,Grade Celsius,
0,0.00,W/m^2,0:18:18,28/6/17,Day of week:,Wednesday,23.50,Grade Celsius,
0,0.00,W/m^2,0:18:21,28/6/17,Day of week:,Wednesday,23.50,Grade Celsius,
0,0.00,W/m^2,0:18:24,28/6/17,Day of week:,Wednesday,23.50,Grade Celsius,
0,0.00,W/m^2,0:18:27,28/6/17,Day of week:,Wednesday,23.50,Grade Celsius,
0,0.00,W/m^2,0:18:30,28/6/17,Day of week:,Wednesday,23.56,Grade Celsius,
0,0.00,W/m^2,0:18:34,28/6/17,Day of week:,Wednesday,23.56,Grade Celsius,
0,0.00,W/m^2,0:18:37,28/6/17,Day of week:,Wednesday,23.56,Grade Celsius,
0,0.00,W/m^2,0:18:40,28/6/17,Day of week:,Wednesday,23.56,Grade Celsius,
0,0.00,W/m^2,0:18:43,28/6/17,Day of week:,Wednesday,23.56,Grade Celsius,
0,0.00,W/m^2,0:18:46,28/6/17,Day of week:,Wednesday,23.56,Grade Celsius,
0,0.00,W/m^2,0:18:49,28/6/17,Day of week:,Wednesday,23.56,Grade Celsius,
0,0.00,W/m^2,0:18:52,28/6/17,Day of week:,Wednesday,23.56,Grade Celsius,
0,0.00,W/m^2,0:18:55,28/6/17,Day of week:,Wednesday,23.56,Grade Celsius,
0,0.00,W/m^2,0:18:58,28/6/17,Day of week:,Wednesday,23.56,Grade Celsius,
0,0.00,W/m^2,0:19:01,28/6/17,Day of week:,Wednesday,23.56,Grade Celsius,
0,0.00,W/m^2,0:19:04,28/6/17,Day of week:,Wednesday,23.56,Grade Celsius,
0,0.00,W/m^2,0:19:07,28/6/17,Day of week:,Wednesday,23.56,Grade Celsius,
0,0.00,W/m^2,0:19:10,28/6/17,Day of week:,Wednesday,23.62,Grade Celsius,
0,0.00,W/m^2,0:19:13,28/6/17,Day of week:,Wednesday,23.62,Grade Celsius,
0,0.00,W/m^2,0:19:16,28/6/17,Day of week:,Wednesday,23.56,Grade Celsius,
0,0.00,W/m^2,0:19:19,28/6/17,Day of week:,Wednesday,23.56,Grade Celsius,
0,0.00,W/m^2,0:19:22,28/6/17,Day of week:,Wednesday,23.56,Grade Celsius,
0,0.00,W/m^2,0:19:26,28/6/17,Day of week:,Wednesday,23.56,Grade Celsius,
0,0.00,W/m^2,0:19:29,28/6/17,Day of week:,Wednesday,23.56,Grade Celsius,
0,0.00,W/m^2,0:19:32,28/6/17,Day of week:,Wednesday,23.56,Grade Celsius,
0,0.00,W/m^2,0:19:35,28/6/17,Day of week:,Wednesday,23.56,Grade Celsius,
0,0.00,W/m^2,0:19:38,28/6/17,Day of week:,Wednesday,23.56,Grade Celsius,
0,0.00,W/m^2,0:19:41,28/6/17,Day of week:,Wednesday,23.56,Grade Celsius,
0,0.00,W/m^2,0:19:44,28/6/17,Day of week:,Wednesday,23.56,Grade Celsius,
0,0.00,W/m^2,0:19:47,28/6/17,Day of week:,Wednesday,23.62,Grade Celsius,
0,0.00,W/m^2,0:19:50,28/6/17,Day of week:,Wednesday,23.62,Grade Celsius,
0,0.00,W/m^2,0:19:53,28/6/17,Day of week:,Wednesday,23.62,Grade Celsius,
0,0.00,W/m^2,0:19:56,28/6/17,Day of week:,Wednesday,23.62,Grade Celsius,
0,0.00,W/m^2,0:19:59,28/6/17,Day of week:,Wednesday,23.62,Grade Celsius,
0,0.00,W/m^2,0:20:02,28/6/17,Day of week:,Wednesday,23.62,Grade Celsius,
0,0.00,W/m^2,0:20:05,28/6/17,Day of week:,Wednesday,23.62,Grade Celsius,
0,0.00,W/m^2,0:20:08,28/6/17,Day of week:,Wednesday,23.62,Grade Celsius,
0,0.00,W/m^2,0:20:11,28/6/17,Day of week:,Wednesday,23.62,Grade Celsius,
0,0.00,W/m^2,0:20:14,28/6/17,Day of week:,Wednesday,23.62,Grade Celsius,
0,0.00,W/m^2,0:20:17,28/6/17,Day of week:,Wednesday,23.62,Grade Celsius,
0,0.00,W/m^2,0:20:21,28/6/17,Day of week:,Wednesday,23.62,Grade Celsius,
0,0.00,W/m^2,0:20:24,28/6/17,Day of week:,Wednesday,23.62,Grade Celsius,
0,0.00,W/m^2,0:20:27,28/6/17,Day of week:,Wednesday,23.62,Grade Celsius,
0,0.00,W/m^2,0:20:30,28/6/17,Day of week:,Wednesday,23.62,Grade Celsius,
0,0.00,W/m^2,0:20:33,28/6/17,Day of week:,Wednesday,23.56,Grade Celsius,
0,0.00,W/m^2,0:20:36,28/6/17,Day of week:,Wednesday,23.62,Grade Celsius,
0,0.00,W/m^2,0:20:39,28/6/17,Day of week:,Wednesday,23.62,Grade Celsius,
0,0.00,W/m^2,0:20:42,28/6/17,Day of week:,Wednesday,23.56,Grade Celsius,
0,0.00,W/m^2,0:20:45,28/6/17,Day of week:,Wednesday,23.56,Grade Celsius,
0,0.00,W/m^2,0:20:48,28/6/17,Day of week:,Wednesday,23.56,Grade Celsius,
0,0.00,W/m^2,0:20:51,28/6/17,Day of week:,Wednesday,23.56,Grade Celsius,
0,0.00,W/m^2,0:20:54,28/6/17,Day of week:,Wednesday,23.50,Grade Celsius,
0,0.00,W/m^2,0:20:57,28/6/17,Day of week:,Wednesday,23.56,Grade Celsius,
0,0.00,W/m^2,0:21:00,28/6/17,Day of week:,Wednesday,23.56,Grade Celsius,
0,0.00,W/m^2,0:21:03,28/6/17,Day of week:,Wednesday,23.50,Grade Celsius,
0,0.00,W/m^2,0:21:06,28/6/17,Day of week:,Wednesday,23.56,Grade Celsius,
0,0.00,W/m^2,0:21:10,28/6/17,Day of week:,Wednesday,23.50,Grade Celsius,
0,0.00,W/m^2,0:21:13,28/6/17,Day of week:,Wednesday,23.50,Grade Celsius,
0,0.00,W/m^2,0:21:16,28/6/17,Day of week:,Wednesday,23.50,Grade Celsius,
0,0.00,W/m^2,0:21:19,28/6/17,Day of week:,Wednesday,23.50,Grade Celsius,
0,0.00,W/m^2,0:21:22,28/6/17,Day of week:,Wednesday,23.50,Grade Celsius,
0,0.00,W/m^2,0:21:25,28/6/17,Day of week:,Wednesday,23.50,Grade Celsius,
0,0.00,W/m^2,0:21:28,28/6/17,Day of week:,Wednesday,23.50,Grade Celsius,
0,0.00,W/m^2,0:21:31,28/6/17,Day of week:,Wednesday,23.56,Grade Celsius,
0,0.00,W/m^2,0:21:34,28/6/17,Day of week:,Wednesday,23.56,Grade Celsius,
0,0.00,W/m^2,0:21:37,28/6/17,Day of week:,Wednesday,23.56,Grade Celsius,
0,0.00,W/m^2,0:21:40,28/6/17,Day of week:,Wednesday,23.56,Grade Celsius,
0,0.00,W/m^2,0:21:43,28/6/17,Day of week:,Wednesday,23.62,Grade Celsius,
0,0.00,W/m^2,0:21:46,28/6/17,Day of week:,Wednesday,23.56,Grade Celsius,
0,0.00,W/m^2,0:21:49,28/6/17,Day of week:,Wednesday,23.56,Grade Celsius,
0,0.00,W/m^2,0:21:52,28/6/17,Day of week:,Wednesday,23.56,Grade Celsius,
0,0.00,W/m^2,0:21:55,28/6/17,Day of week:,Wednesday,23.62,Grade Celsius,
0,0.00,W/m^2,0:21:58,28/6/17,Day of week:,Wednesday,23.62,Grade Celsius,
0,0.00,W/m^2,0:22:01,28/6/17,Day of week:,Wednesday,23.62,Grade Celsius,
0,0.00,W/m^2,0:22:05,28/6/17,Day of week:,Wednesday,23.62,Grade Celsius,
0,0.00,W/m^2,0:22:08,28/6/17,Day of week:,Wednesday,23.62,Grade Celsius,
0,0.00,W/m^2,0:22:11,28/6/17,Day of week:,Wednesday,23.62,Grade Celsius,
0,0.00,W/m^2,0:22:14,28/6/17,Day of week:,Wednesday,23.69,Grade Celsius,
0,0.00,W/m^2,0:22:17,28/6/17,Day of week:,Wednesday,23.69,Grade Celsius,
0,0.00,W/m^2,0:22:20,28/6/17,Day of week:,Wednesday,23.62,Grade Celsius,
0,0.00,W/m^2,0:22:23,28/6/17,Day of week:,Wednesday,23.62,Grade Celsius,
0,0.00,W/m^2,0:22:26,28/6/17,Day of week:,Wednesday,23.69,Grade Celsius,
0,0.00,W/m^2,0:22:29,28/6/17,Day of week:,Wednesday,23.62,Grade Celsius,
0,0.00,W/m^2,0:22:32,28/6/17,Day of week:,Wednesday,23.69,Grade Celsius,
0,0.00,W/m^2,0:22:35,28/6/17,Day of week:,Wednesday,23.62,Grade Celsius,
0,0.00,W/m^2,0:22:38,28/6/17,Day of week:,Wednesday,23.69,Grade Celsius,
0,0.00,W/m^2,0:22:41,28/6/17,Day of week:,Wednesday,23.69,Grade Celsius,
0,0.00,W/m^2,0:22:44,28/6/17,Day of week:,Wednesday,23.69,Grade Celsius,
0,0.00,W/m^2,0:22:47,28/6/17,Day of week:,Wednesday,23.69,Grade Celsius,
0,0.00,W/m^2,0:22:50,28/6/17,Day of week:,Wednesday,23.69,Grade Celsius,
0,0.00,W/m^2,0:22:54,28/6/17,Day of week:,Wednesday,23.69,Grade Celsius,
0,0.00,W/m^2,0:22:57,28/6/17,Day of week:,Wednesday,23.69,Grade Celsius,
0,0.00,W/m^2,0:23:00,28/6/17,Day of week:,Wednesday,23.69,Grade Celsius,
0,0.00,W/m^2,0:23:03,28/6/17,Day of week:,Wednesday,23.69,Grade Celsius,
0,0.00,W/m^2,0:23:06,28/6/17,Day of week:,Wednesday,23.62,Grade Celsius,
0,0.00,W/m^2,0:23:09,28/6/17,Day of week:,Wednesday,23.62,Grade Celsius,
0,0.00,W/m^2,0:23:12,28/6/17,Day of week:,Wednesday,23.62,Grade Celsius,
0,0.00,W/m^2,0:23:15,28/6/17,Day of week:,Wednesday,23.69,Grade Celsius,
0,0.00,W/m^2,0:23:18,28/6/17,Day of week:,Wednesday,23.62,Grade Celsius,
0,0.00,W/m^2,0:23:21,28/6/17,Day of week:,Wednesday,23.62,Grade Celsius,
0,0.00,W/m^2,0:23:24,28/6/17,Day of week:,Wednesday,23.62,Grade Celsius,
0,0.00,W/m^2,0:23:27,28/6/17,Day of week:,Wednesday,23.62,Grade Celsius,
0,0.00,W/m^2,0:23:30,28/6/17,Day of week:,Wednesday,23.62,Grade Celsius,
0,0.00,W/m^2,0:23:33,28/6/17,Day of week:,Wednesday,23.62,Grade Celsius,
0,0.00,W/m^2,0:23:36,28/6/17,Day of week:,Wednesday,23.62,Grade Celsius,
0,0.00,W/m^2,0:23:39,28/6/17,Day of week:,Wednesday,23.62,Grade Celsius,
0,0.00,W/m^2,0:23:43,28/6/17,Day of week:,Wednesday,23.62,Grade Celsius,
0,0.00,W/m^2,0:23:46,28/6/17,Day of week:,Wednesday,23.62,Grade Celsius,
0,0.00,W/m^2,0:23:49,28/6/17,Day of week:,Wednesday,23.62,Grade Celsius,
0,0.00,W/m^2,0:23:52,28/6/17,Day of week:,Wednesday,23.56,Grade Celsius,
0,0.00,W/m^2,0:23:55,28/6/17,Day of week:,Wednesday,23.56,Grade Celsius,
0,0.00,W/m^2,0:23:58,28/6/17,Day of week:,Wednesday,23.56,Grade Celsius,
0,0.00,W/m^2,0:24:01,28/6/17,Day of week:,Wednesday,23.56,Grade Celsius,
0,0.00,W/m^2,0:24:04,28/6/17,Day of week:,Wednesday,23.56,Grade Celsius,
0,0.00,W/m^2,0:24:07,28/6/17,Day of week:,Wednesday,23.56,Grade Celsius,
0,0.00,W/m^2,0:24:10,28/6/17,Day of week:,Wednesday,23.56,Grade Celsius,
0,0.00,W/m^2,0:24:13,28/6/17,Day of week:,Wednesday,23.62,Grade Celsius,
0,0.00,W/m^2,0:24:16,28/6/17,Day of week:,Wednesday,23.56,Grade Celsius,
0,0.00,W/m^2,0:24:19,28/6/17,Day of week:,Wednesday,23.56,Grade Celsius,
0,0.00,W/m^2,0:24:22,28/6/17,Day of week:,Wednesday,23.56,Grade Celsius,
0,0.00,W/m^2,0:24:25,28/6/17,Day of week:,Wednesday,23.56,Grade Celsius,
0,0.00,W/m^2,0:24:28,28/6/17,Day of week:,Wednesday,23.56,Grade Celsius,
0,0.00,W/m^2,0:24:31,28/6/17,Day of week:,Wednesday,23.56,Grade Celsius,
0,0.00,W/m^2,0:24:35,28/6/17,Day of week:,Wednesday,23.56,Grade Celsius,
0,0.00,W/m^2,0:24:38,28/6/17,Day of week:,Wednesday,23.50,Grade Celsius,
0,0.00,W/m^2,0:24:41,28/6/17,Day of week:,Wednesday,23.56,Grade Celsius,
0,0.00,W/m^2,0:24:44,28/6/17,Day of week:,Wednesday,23.50,Grade Celsius,
0,0.00,W/m^2,0:24:47,28/6/17,Day of week:,Wednesday,23.56,Grade Celsius,
0,0.00,W/m^2,0:24:50,28/6/17,Day of week:,Wednesday,23.50,Grade Celsius,
0,0.00,W/m^2,0:24:53,28/6/17,Day of week:,Wednesday,23.50,Grade Celsius,
0,0.00,W/m^2,0:24:56,28/6/17,Day of week:,Wednesday,23.50,Grade Celsius,
0,0.00,W/m^2,0:24:59,28/6/17,Day of week:,Wednesday,23.50,Grade Celsius,
0,0.00,W/m^2,0:25:02,28/6/17,Day of week:,Wednesday,23.50,Grade Celsius,
0,0.00,W/m^2,0:25:05,28/6/17,Day of week:,Wednesday,23.50,Grade Celsius,
0,0.00,W/m^2,0:25:08,28/6/17,Day of week:,Wednesday,23.50,Grade Celsius,
0,0.00,W/m^2,0:25:11,28/6/17,Day of week:,Wednesday,23.50,Grade Celsius,
0,0.00,W/m^2,0:25:14,28/6/17,Day of week:,Wednesday,23.50,Grade Celsius,
0,0.00,W/m^2,0:25:17,28/6/17,Day of week:,Wednesday,23.56,Grade Celsius,
0,0.00,W/m^2,0:25:20,28/6/17,Day of week:,Wednesday,23.56,Grade Celsius,
0,0.00,W/m^2,0:25:23,28/6/17,Day of week:,Wednesday,23.50,Grade Celsius,
0,0.00,W/m^2,0:25:27,28/6/17,Day of week:,Wednesday,23.56,Grade Celsius,
0,0.00,W/m^2,0:25:30,28/6/17,Day of week:,Wednesday,23.56,Grade Celsius,
0,0.00,W/m^2,0:25:33,28/6/17,Day of week:,Wednesday,23.56,Grade Celsius,
0,0.00,W/m^2,0:25:36,28/6/17,Day of week:,Wednesday,23.56,Grade Celsius,
0,0.00,W/m^2,0:25:39,28/6/17,Day of week:,Wednesday,23.56,Grade Celsius,
0,0.00,W/m^2,0:25:42,28/6/17,Day of week:,Wednesday,23.56,Grade Celsius,
0,0.00,W/m^2,0:25:45,28/6/17,Day of week:,Wednesday,23.56,Grade Celsius,
0,0.00,W/m^2,0:25:48,28/6/17,Day of week:,Wednesday,23.56,Grade Celsius,
0,0.00,W/m^2,0:25:51,28/6/17,Day of week:,Wednesday,23.56,Grade Celsius,
0,0.00,W/m^2,0:25:54,28/6/17,Day of week:,Wednesday,23.62,Grade Celsius,
0,0.00,W/m^2,0:25:57,28/6/17,Day of week:,Wednesday,23.62,Grade Celsius,
0,0.00,W/m^2,0:26:00,28/6/17,Day of week:,Wednesday,23.62,Grade Celsius,
0,0.00,W/m^2,0:26:03,28/6/17,Day of week:,Wednesday,23.62,Grade Celsius,
0,0.00,W/m^2,0:26:06,28/6/17,Day of week:,Wednesday,23.69,Grade Celsius,
0,0.00,W/m^2,0:26:09,28/6/17,Day of week:,Wednesday,23.69,Grade Celsius,
0,0.00,W/m^2,0:26:12,28/6/17,Day of week:,Wednesday,23.69,Grade Celsius,
0,0.00,W/m^2,0:26:15,28/6/17,Day of week:,Wednesday,23.69,Grade Celsius,
0,0.00,W/m^2,0:26:19,28/6/17,Day of week:,Wednesday,23.69,Grade Celsius,
0,0.00,W/m^2,0:26:22,28/6/17,Day of week:,Wednesday,23.69,Grade Celsius,
0,0.00,W/m^2,0:26:25,28/6/17,Day of week:,Wednesday,23.69,Grade Celsius,
0,0.00,W/m^2,0:26:28,28/6/17,Day of week:,Wednesday,23.69,Grade Celsius,
0,0.00,W/m^2,0:26:31,28/6/17,Day of week:,Wednesday,23.62,Grade Celsius,
0,0.00,W/m^2,0:26:34,28/6/17,Day of week:,Wednesday,23.69,Grade Celsius,
0,0.00,W/m^2,0:26:37,28/6/17,Day of week:,Wednesday,23.62,Grade Celsius,
0,0.00,W/m^2,0:26:40,28/6/17,Day of week:,Wednesday,23.62,Grade Celsius,
0,0.00,W/m^2,0:26:43,28/6/17,Day of week:,Wednesday,23.62,Grade Celsius,
0,0.00,W/m^2,0:26:46,28/6/17,Day of week:,Wednesday,23.62,Grade Celsius,
0,0.00,W/m^2,0:26:49,28/6/17,Day of week:,Wednesday,23.62,Grade Celsius,
0,0.00,W/m^2,0:26:52,28/6/17,Day of week:,Wednesday,23.62,Grade Celsius,
0,0.00,W/m^2,0:26:55,28/6/17,Day of week:,Wednesday,23.56,Grade Celsius,
0,0.00,W/m^2,0:26:58,28/6/17,Day of week:,Wednesday,23.56,Grade Celsius,
0,0.00,W/m^2,0:27:01,28/6/17,Day of week:,Wednesday,23.56,Grade Celsius,
0,0.00,W/m^2,0:27:04,28/6/17,Day of week:,Wednesday,23.56,Grade Celsius,
0,0.00,W/m^2,0:27:07,28/6/17,Day of week:,Wednesday,23.56,Grade Celsius,
0,0.00,W/m^2,0:27:11,28/6/17,Day of week:,Wednesday,23.56,Grade Celsius,
0,0.00,W/m^2,0:27:14,28/6/17,Day of week:,Wednesday,23.56,Grade Celsius,
0,0.00,W/m^2,0:27:17,28/6/17,Day of week:,Wednesday,23.56,Grade Celsius,
0,0.00,W/m^2,0:27:20,28/6/17,Day of week:,Wednesday,23.56,Grade Celsius,
0,0.00,W/m^2,0:27:23,28/6/17,Day of week:,Wednesday,23.56,Grade Celsius,
0,0.00,W/m^2,0:27:26,28/6/17,Day of week:,Wednesday,23.56,Grade Celsius,
0,0.00,W/m^2,0:27:29,28/6/17,Day of week:,Wednesday,23.62,Grade Celsius,
0,0.00,W/m^2,0:27:32,28/6/17,Day of week:,Wednesday,23.62,Grade Celsius,
0,0.00,W/m^2,0:27:35,28/6/17,Day of week:,Wednesday,23.62,Grade Celsius,
0,0.00,W/m^2,0:27:38,28/6/17,Day of week:,Wednesday,23.62,Grade Celsius,
0,0.00,W/m^2,0:27:41,28/6/17,Day of week:,Wednesday,23.62,Grade Celsius,
0,0.00,W/m^2,0:27:44,28/6/17,Day of week:,Wednesday,23.62,Grade Celsius,
0,0.00,W/m^2,0:27:47,28/6/17,Day of week:,Wednesday,23.62,Grade Celsius,
0,0.00,W/m^2,0:27:50,28/6/17,Day of week:,Wednesday,23.62,Grade Celsius,
0,0.00,W/m^2,0:27:53,28/6/17,Day of week:,Wednesday,23.69,Grade Celsius,
0,0.00,W/m^2,0:27:56,28/6/17,Day of week:,Wednesday,23.69,Grade Celsius,
0,0.00,W/m^2,0:28:00,28/6/17,Day of week:,Wednesday,23.62,Grade Celsius,
0,0.00,W/m^2,0:28:03,28/6/17,Day of week:,Wednesday,23.62,Grade Celsius,
0,0.00,W/m^2,0:28:06,28/6/17,Day of week:,Wednesday,23.62,Grade Celsius,
0,0.00,W/m^2,0:28:09,28/6/17,Day of week:,Wednesday,23.62,Grade Celsius,
0,0.00,W/m^2,0:28:12,28/6/17,Day of week:,Wednesday,23.56,Grade Celsius,
0,0.00,W/m^2,0:28:15,28/6/17,Day of week:,Wednesday,23.62,Grade Celsius,
0,0.00,W/m^2,0:28:18,28/6/17,Day of week:,Wednesday,23.62,Grade Celsius,
0,0.00,W/m^2,0:28:21,28/6/17,Day of week:,Wednesday,23.62,Grade Celsius,
0,0.00,W/m^2,0:28:24,28/6/17,Day of week:,Wednesday,23.62,Grade Celsius,
0,0.00,W/m^2,0:28:27,28/6/17,Day of week:,Wednesday,23.62,Grade Celsius,
0,0.00,W/m^2,0:28:30,28/6/17,Day of week:,Wednesday,23.62,Grade Celsius,
0,0.00,W/m^2,0:28:33,28/6/17,Day of week:,Wednesday,23.62,Grade Celsius,
0,0.00,W/m^2,0:28:36,28/6/17,Day of week:,Wednesday,23.62,Grade Celsius,
0,0.00,W/m^2,0:28:39,28/6/17,Day of week:,Wednesday,23.62,Grade Celsius,
0,0.00,W/m^2,0:28:43,28/6/17,Day of week:,Wednesday,23.62,Grade Celsius,
0,0.00,W/m^2,0:28:46,28/6/17,Day of week:,Wednesday,23.56,Grade Celsius,
0,0.00,W/m^2,0:28:49,28/6/17,Day of week:,Wednesday,23.62,Grade Celsius,
0,0.00,W/m^2,0:28:52,28/6/17,Day of week:,Wednesday,23.62,Grade Celsius,
0,0.00,W/m^2,0:28:55,28/6/17,Day of week:,Wednesday,23.62,Grade Celsius,
0,0.00,W/m^2,0:28:58,28/6/17,Day of week:,Wednesday,23.62,Grade Celsius,
0,0.00,W/m^2,0:29:01,28/6/17,Day of week:,Wednesday,23.62,Grade Celsius,
0,0.00,W/m^2,0:29:04,28/6/17,Day of week:,Wednesday,23.62,Grade Celsius,
0,0.00,W/m^2,0:29:07,28/6/17,Day of week:,Wednesday,23.62,Grade Celsius,
0,0.00,W/m^2,0:29:10,28/6/17,Day of week:,Wednesday,23.62,Grade Celsius,
0,0.00,W/m^2,0:29:13,28/6/17,Day of week:,Wednesday,23.62,Grade Celsius,
0,0.00,W/m^2,0:29:16,28/6/17,Day of week:,Wednesday,23.62,Grade Celsius,
0,0.00,W/m^2,0:29:19,28/6/17,Day of week:,Wednesday,23.62,Grade Celsius,
0,0.00,W/m^2,0:29:22,28/6/17,Day of week:,Wednesday,23.62,Grade Celsius,
0,0.00,W/m^2,0:29:25,28/6/17,Day of week:,Wednesday,23.56,Grade Celsius,
0,0.00,W/m^2,0:29:28,28/6/17,Day of week:,Wednesday,23.56,Grade Celsius,
0,0.00,W/m^2,0:29:31,28/6/17,Day of week:,Wednesday,23.56,Grade Celsius,
0,0.00,W/m^2,0:29:35,28/6/17,Day of week:,Wednesday,23.56,Grade Celsius,
0,0.00,W/m^2,0:29:38,28/6/17,Day of week:,Wednesday,23.62,Grade Celsius,
0,0.00,W/m^2,0:29:41,28/6/17,Day of week:,Wednesday,23.62,Grade Celsius,
0,0.00,W/m^2,0:29:44,28/6/17,Day of week:,Wednesday,23.62,Grade Celsius,
0,0.00,W/m^2,0:29:47,28/6/17,Day of week:,Wednesday,23.69,Grade Celsius,
0,0.00,W/m^2,0:29:50,28/6/17,Day of week:,Wednesday,23.62,Grade Celsius,
0,0.00,W/m^2,0:29:53,28/6/17,Day of week:,Wednesday,23.69,Grade Celsius,
0,0.00,W/m^2,0:29:56,28/6/17,Day of week:,Wednesday,23.69,Grade Celsius,
0,0.00,W/m^2,0:29:59,28/6/17,Day of week:,Wednesday,23.62,Grade Celsius,
0,0.00,W/m^2,0:30:02,28/6/17,Day of week:,Wednesday,23.62,Grade Celsius,
0,0.00,W/m^2,0:30:05,28/6/17,Day of week:,Wednesday,23.62,Grade Celsius,
0,0.00,W/m^2,0:30:08,28/6/17,Day of week:,Wednesday,23.62,Grade Celsius,
0,0.00,W/m^2,0:30:11,28/6/17,Day of week:,Wednesday,23.62,Grade Celsius,
0,0.00,W/m^2,0:30:14,28/6/17,Day of week:,Wednesday,23.62,Grade Celsius,
0,0.00,W/m^2,0:30:17,28/6/17,Day of week:,Wednesday,23.69,Grade Celsius,
0,0.00,W/m^2,0:30:20,28/6/17,Day of week:,Wednesday,23.69,Grade Celsius,
0,0.00,W/m^2,0:30:24,28/6/17,Day of week:,Wednesday,23.75,Grade Celsius,
0,0.00,W/m^2,0:30:27,28/6/17,Day of week:,Wednesday,23.69,Grade Celsius,
0,0.00,W/m^2,0:30:30,28/6/17,Day of week:,Wednesday,23.69,Grade Celsius,
0,0.00,W/m^2,0:30:33,28/6/17,Day of week:,Wednesday,23.69,Grade Celsius,
0,0.00,W/m^2,0:30:36,28/6/17,Day of week:,Wednesday,23.69,Grade Celsius,
0,0.00,W/m^2,0:30:39,28/6/17,Day of week:,Wednesday,23.69,Grade Celsius,
0,0.00,W/m^2,0:30:42,28/6/17,Day of week:,Wednesday,23.69,Grade Celsius,
0,0.00,W/m^2,0:30:45,28/6/17,Day of week:,Wednesday,23.62,Grade Celsius,
0,0.00,W/m^2,0:30:48,28/6/17,Day of week:,Wednesday,23.62,Grade Celsius,
0,0.00,W/m^2,0:30:51,28/6/17,Day of week:,Wednesday,23.62,Grade Celsius,
0,0.00,W/m^2,0:30:54,28/6/17,Day of week:,Wednesday,23.62,Grade Celsius,
0,0.00,W/m^2,0:30:57,28/6/17,Day of week:,Wednesday,23.56,Grade Celsius,
0,0.00,W/m^2,0:31:00,28/6/17,Day of week:,Wednesday,23.62,Grade Celsius,
0,0.00,W/m^2,0:31:03,28/6/17,Day of week:,Wednesday,23.62,Grade Celsius,
0,0.00,W/m^2,0:31:06,28/6/17,Day of week:,Wednesday,23.62,Grade Celsius,
0,0.00,W/m^2,0:31:09,28/6/17,Day of week:,Wednesday,23.56,Grade Celsius,
0,0.00,W/m^2,0:31:12,28/6/17,Day of week:,Wednesday,23.62,Grade Celsius,
0,0.00,W/m^2,0:31:16,28/6/17,Day of week:,Wednesday,23.62,Grade Celsius,
0,0.00,W/m^2,0:31:19,28/6/17,Day of week:,Wednesday,23.62,Grade Celsius,
0,0.00,W/m^2,0:31:22,28/6/17,Day of week:,Wednesday,23.56,Grade Celsius,
0,0.00,W/m^2,0:31:25,28/6/17,Day of week:,Wednesday,23.56,Grade Celsius,
0,0.00,W/m^2,0:31:28,28/6/17,Day of week:,Wednesday,23.56,Grade Celsius,
0,0.00,W/m^2,0:31:31,28/6/17,Day of week:,Wednesday,23.56,Grade Celsius,
0,0.00,W/m^2,0:31:34,28/6/17,Day of week:,Wednesday,23.56,Grade Celsius,
0,0.00,W/m^2,0:31:37,28/6/17,Day of week:,Wednesday,23.56,Grade Celsius,
0,0.00,W/m^2,0:31:40,28/6/17,Day of week:,Wednesday,23.56,Grade Celsius,
0,0.00,W/m^2,0:31:43,28/6/17,Day of week:,Wednesday,23.56,Grade Celsius,
0,0.00,W/m^2,0:31:46,28/6/17,Day of week:,Wednesday,23.50,Grade Celsius,
0,0.00,W/m^2,0:31:49,28/6/17,Day of week:,Wednesday,23.50,Grade Celsius,
0,0.00,W/m^2,0:31:52,28/6/17,Day of week:,Wednesday,23.50,Grade Celsius,
0,0.00,W/m^2,0:31:55,28/6/17,Day of week:,Wednesday,23.50,Grade Celsius,
0,0.00,W/m^2,0:31:58,28/6/17,Day of week:,Wednesday,23.50,Grade Celsius,
0,0.00,W/m^2,0:32:01,28/6/17,Day of week:,Wednesday,23.56,Grade Celsius,
0,0.00,W/m^2,0:32:04,28/6/17,Day of week:,Wednesday,23.56,Grade Celsius,
0,0.00,W/m^2,0:32:08,28/6/17,Day of week:,Wednesday,23.56,Grade Celsius,
0,0.00,W/m^2,0:32:11,28/6/17,Day of week:,Wednesday,23.56,Grade Celsius,
0,0.00,W/m^2,0:32:14,28/6/17,Day of week:,Wednesday,23.56,Grade Celsius,
0,0.00,W/m^2,0:32:17,28/6/17,Day of week:,Wednesday,23.62,Grade Celsius,
0,0.00,W/m^2,0:32:20,28/6/17,Day of week:,Wednesday,23.62,Grade Celsius,
0,0.00,W/m^2,0:32:23,28/6/17,Day of week:,Wednesday,23.56,Grade Celsius,
0,0.00,W/m^2,0:32:26,28/6/17,Day of week:,Wednesday,23.56,Grade Celsius,
0,0.00,W/m^2,0:32:29,28/6/17,Day of week:,Wednesday,23.56,Grade Celsius,
0,0.00,W/m^2,0:32:32,28/6/17,Day of week:,Wednesday,23.56,Grade Celsius,
0,0.00,W/m^2,0:32:35,28/6/17,Day of week:,Wednesday,23.62,Grade Celsius,
0,0.00,W/m^2,0:32:38,28/6/17,Day of week:,Wednesday,23.56,Grade Celsius,
0,0.00,W/m^2,0:32:41,28/6/17,Day of week:,Wednesday,23.56,Grade Celsius,
0,0.00,W/m^2,0:32:44,28/6/17,Day of week:,Wednesday,23.56,Grade Celsius,
0,0.00,W/m^2,0:32:47,28/6/17,Day of week:,Wednesday,23.56,Grade Celsius,
0,0.00,W/m^2,0:32:50,28/6/17,Day of week:,Wednesday,23.56,Grade Celsius,
0,0.00,W/m^2,0:32:53,28/6/17,Day of week:,Wednesday,23.56,Grade Celsius,
0,0.00,W/m^2,0:32:56,28/6/17,Day of week:,Wednesday,23.56,Grade Celsius,
0,0.00,W/m^2,0:33:00,28/6/17,Day of week:,Wednesday,23.56,Grade Celsius,
0,0.00,W/m^2,0:33:03,28/6/17,Day of week:,Wednesday,23.56,Grade Celsius,
0,0.00,W/m^2,0:33:06,28/6/17,Day of week:,Wednesday,23.56,Grade Celsius,
0,0.00,W/m^2,0:33:09,28/6/17,Day of week:,Wednesday,23.62,Grade Celsius,
0,0.00,W/m^2,0:33:12,28/6/17,Day of week:,Wednesday,23.62,Grade Celsius,
0,0.00,W/m^2,0:33:15,28/6/17,Day of week:,Wednesday,23.62,Grade Celsius,
0,0.00,W/m^2,0:33:18,28/6/17,Day of week:,Wednesday,23.62,Grade Celsius,
0,0.00,W/m^2,0:33:21,28/6/17,Day of week:,Wednesday,23.56,Grade Celsius,
0,0.00,W/m^2,0:33:24,28/6/17,Day of week:,Wednesday,23.62,Grade Celsius,
0,0.00,W/m^2,0:33:27,28/6/17,Day of week:,Wednesday,23.56,Grade Celsius,
0,0.00,W/m^2,0:33:30,28/6/17,Day of week:,Wednesday,23.56,Grade Celsius,
0,0.00,W/m^2,0:33:33,28/6/17,Day of week:,Wednesday,23.50,Grade Celsius,
0,0.00,W/m^2,0:33:36,28/6/17,Day of week:,Wednesday,23.50,Grade Celsius,
0,0.00,W/m^2,0:33:39,28/6/17,Day of week:,Wednesday,23.62,Grade Celsius,
0,0.00,W/m^2,0:33:42,28/6/17,Day of week:,Wednesday,23.56,Grade Celsius,
0,0.00,W/m^2,0:33:45,28/6/17,Day of week:,Wednesday,23.62,Grade Celsius,
0,0.00,W/m^2,0:33:48,28/6/17,Day of week:,Wednesday,23.62,Grade Celsius,
0,0.00,W/m^2,0:33:52,28/6/17,Day of week:,Wednesday,23.62,Grade Celsius,
0,0.00,W/m^2,0:33:55,28/6/17,Day of week:,Wednesday,23.62,Grade Celsius,
0,0.00,W/m^2,0:33:58,28/6/17,Day of week:,Wednesday,23.69,Grade Celsius,
0,0.00,W/m^2,0:34:01,28/6/17,Day of week:,Wednesday,23.69,Grade Celsius,
0,0.00,W/m^2,0:34:04,28/6/17,Day of week:,Wednesday,23.69,Grade Celsius,
0,0.00,W/m^2,0:34:07,28/6/17,Day of week:,Wednesday,23.69,Grade Celsius,
0,0.00,W/m^2,0:34:10,28/6/17,Day of week:,Wednesday,23.69,Grade Celsius,
0,0.00,W/m^2,0:34:13,28/6/17,Day of week:,Wednesday,23.69,Grade Celsius,
0,0.00,W/m^2,0:34:16,28/6/17,Day of week:,Wednesday,23.69,Grade Celsius,
0,0.00,W/m^2,0:34:19,28/6/17,Day of week:,Wednesday,23.69,Grade Celsius,
0,0.00,W/m^2,0:34:22,28/6/17,Day of week:,Wednesday,23.69,Grade Celsius,
0,0.00,W/m^2,0:34:25,28/6/17,Day of week:,Wednesday,23.69,Grade Celsius,
0,0.00,W/m^2,0:34:28,28/6/17,Day of week:,Wednesday,23.69,Grade Celsius,
0,0.00,W/m^2,0:34:31,28/6/17,Day of week:,Wednesday,23.69,Grade Celsius,
0,0.00,W/m^2,0:34:34,28/6/17,Day of week:,Wednesday,23.69,Grade Celsius,
0,0.00,W/m^2,0:34:38,28/6/17,Day of week:,Wednesday,23.69,Grade Celsius,
0,0.00,W/m^2,0:34:41,28/6/17,Day of week:,Wednesday,23.62,Grade Celsius,
0,0.00,W/m^2,0:34:44,28/6/17,Day of week:,Wednesday,23.62,Grade Celsius,
0,0.00,W/m^2,0:34:47,28/6/17,Day of week:,Wednesday,23.62,Grade Celsius,
0,0.00,W/m^2,0:34:50,28/6/17,Day of week:,Wednesday,23.62,Grade Celsius,
0,0.00,W/m^2,0:34:53,28/6/17,Day of week:,Wednesday,23.62,Grade Celsius,
0,0.00,W/m^2,0:34:56,28/6/17,Day of week:,Wednesday,23.62,Grade Celsius,
0,0.00,W/m^2,0:34:59,28/6/17,Day of week:,Wednesday,23.62,Grade Celsius,
0,0.00,W/m^2,0:35:02,28/6/17,Day of week:,Wednesday,23.56,Grade Celsius,
0,0.00,W/m^2,0:35:05,28/6/17,Day of week:,Wednesday,23.56,Grade Celsius,
0,0.00,W/m^2,0:35:08,28/6/17,Day of week:,Wednesday,23.62,Grade Celsius,
0,0.00,W/m^2,0:35:11,28/6/17,Day of week:,Wednesday,23.56,Grade Celsius,
0,0.00,W/m^2,0:35:14,28/6/17,Day of week:,Wednesday,23.56,Grade Celsius,
0,0.00,W/m^2,0:35:17,28/6/17,Day of week:,Wednesday,23.56,Grade Celsius,
0,0.00,W/m^2,0:35:20,28/6/17,Day of week:,Wednesday,23.56,Grade Celsius,
0,0.00,W/m^2,0:35:23,28/6/17,Day of week:,Wednesday,23.56,Grade Celsius,
0,0.00,W/m^2,0:35:26,28/6/17,Day of week:,Wednesday,23.62,Grade Celsius,
0,0.00,W/m^2,0:35:30,28/6/17,Day of week:,Wednesday,23.56,Grade Celsius,
0,0.00,W/m^2,0:35:33,28/6/17,Day of week:,Wednesday,23.56,Grade Celsius,
0,0.00,W/m^2,0:35:36,28/6/17,Day of week:,Wednesday,23.62,Grade Celsius,
0,0.00,W/m^2,0:35:39,28/6/17,Day of week:,Wednesday,23.62,Grade Celsius,
0,0.00,W/m^2,0:35:42,28/6/17,Day of week:,Wednesday,23.62,Grade Celsius,
0,0.00,W/m^2,0:35:45,28/6/17,Day of week:,Wednesday,23.62,Grade Celsius,
0,0.00,W/m^2,0:35:48,28/6/17,Day of week:,Wednesday,23.62,Grade Celsius,
0,0.00,W/m^2,0:35:51,28/6/17,Day of week:,Wednesday,23.62,Grade Celsius,
0,0.00,W/m^2,0:35:54,28/6/17,Day of week:,Wednesday,23.62,Grade Celsius,
0,0.00,W/m^2,0:35:57,28/6/17,Day of week:,Wednesday,23.56,Grade Celsius,
0,0.00,W/m^2,0:36:00,28/6/17,Day of week:,Wednesday,23.56,Grade Celsius,
0,0.00,W/m^2,0:36:03,28/6/17,Day of week:,Wednesday,23.56,Grade Celsius,
0,0.00,W/m^2,0:36:06,28/6/17,Day of week:,Wednesday,23.56,Grade Celsius,
0,0.00,W/m^2,0:36:09,28/6/17,Day of week:,Wednesday,23.56,Grade Celsius,
0,0.00,W/m^2,0:36:12,28/6/17,Day of week:,Wednesday,23.56,Grade Celsius,
0,0.00,W/m^2,0:36:15,28/6/17,Day of week:,Wednesday,23.56,Grade Celsius,
0,0.00,W/m^2,0:36:18,28/6/17,Day of week:,Wednesday,23.56,Grade Celsius,
0,0.00,W/m^2,0:36:22,28/6/17,Day of week:,Wednesday,23.56,Grade Celsius,
0,0.00,W/m^2,0:36:25,28/6/17,Day of week:,Wednesday,23.56,Grade Celsius,
0,0.00,W/m^2,0:36:28,28/6/17,Day of week:,Wednesday,23.56,Grade Celsius,
0,0.00,W/m^2,0:36:31,28/6/17,Day of week:,Wednesday,23.56,Grade Celsius,
0,0.00,W/m^2,0:36:34,28/6/17,Day of week:,Wednesday,23.56,Grade Celsius,
0,0.00,W/m^2,0:36:37,28/6/17,Day of week:,Wednesday,23.62,Grade Celsius,
0,0.00,W/m^2,0:36:40,28/6/17,Day of week:,Wednesday,23.62,Grade Celsius,
0,0.00,W/m^2,0:36:43,28/6/17,Day of week:,Wednesday,23.62,Grade Celsius,
0,0.00,W/m^2,0:36:46,28/6/17,Day of week:,Wednesday,23.56,Grade Celsius,
0,0.00,W/m^2,0:36:49,28/6/17,Day of week:,Wednesday,23.56,Grade Celsius,
0,0.00,W/m^2,0:36:52,28/6/17,Day of week:,Wednesday,23.56,Grade Celsius,
0,0.00,W/m^2,0:36:55,28/6/17,Day of week:,Wednesday,23.56,Grade Celsius,
0,0.00,W/m^2,0:36:58,28/6/17,Day of week:,Wednesday,23.56,Grade Celsius,
0,0.00,W/m^2,0:37:01,28/6/17,Day of week:,Wednesday,23.56,Grade Celsius,
0,0.00,W/m^2,0:37:04,28/6/17,Day of week:,Wednesday,23.56,Grade Celsius,
0,0.00,W/m^2,0:37:07,28/6/17,Day of week:,Wednesday,23.50,Grade Celsius,
0,0.00,W/m^2,0:37:11,28/6/17,Day of week:,Wednesday,23.50,Grade Celsius,
0,0.00,W/m^2,0:37:14,28/6/17,Day of week:,Wednesday,23.50,Grade Celsius,
0,0.00,W/m^2,0:37:17,28/6/17,Day of week:,Wednesday,23.50,Grade Celsius,
0,0.00,W/m^2,0:37:20,28/6/17,Day of week:,Wednesday,23.50,Grade Celsius,
0,0.00,W/m^2,0:37:23,28/6/17,Day of week:,Wednesday,23.50,Grade Celsius,
0,0.00,W/m^2,0:37:26,28/6/17,Day of week:,Wednesday,23.50,Grade Celsius,
0,0.00,W/m^2,0:37:29,28/6/17,Day of week:,Wednesday,23.50,Grade Celsius,
0,0.00,W/m^2,0:37:32,28/6/17,Day of week:,Wednesday,23.50,Grade Celsius,
0,0.00,W/m^2,0:37:35,28/6/17,Day of week:,Wednesday,23.50,Grade Celsius,
0,0.00,W/m^2,0:37:38,28/6/17,Day of week:,Wednesday,23.50,Grade Celsius,
0,0.00,W/m^2,0:37:41,28/6/17,Day of week:,Wednesday,23.50,Grade Celsius,
0,0.00,W/m^2,0:37:44,28/6/17,Day of week:,Wednesday,23.50,Grade Celsius,
0,0.00,W/m^2,0:37:47,28/6/17,Day of week:,Wednesday,23.50,Grade Celsius,
0,0.00,W/m^2,0:37:50,28/6/17,Day of week:,Wednesday,23.50,Grade Celsius,
0,0.00,W/m^2,0:37:53,28/6/17,Day of week:,Wednesday,23.50,Grade Celsius,
0,0.00,W/m^2,0:37:56,28/6/17,Day of week:,Wednesday,23.44,Grade Celsius,
0,0.00,W/m^2,0:37:59,28/6/17,Day of week:,Wednesday,23.44,Grade Celsius,
0,0.00,W/m^2,0:38:03,28/6/17,Day of week:,Wednesday,23.44,Grade Celsius,
0,0.00,W/m^2,0:38:06,28/6/17,Day of week:,Wednesday,23.44,Grade Celsius,
0,0.00,W/m^2,0:38:09,28/6/17,Day of week:,Wednesday,23.44,Grade Celsius,
0,0.00,W/m^2,0:38:12,28/6/17,Day of week:,Wednesday,23.44,Grade Celsius,
0,0.00,W/m^2,0:38:15,28/6/17,Day of week:,Wednesday,23.44,Grade Celsius,
0,0.00,W/m^2,0:38:18,28/6/17,Day of week:,Wednesday,23.44,Grade Celsius,
0,0.00,W/m^2,0:38:21,28/6/17,Day of week:,Wednesday,23.44,Grade Celsius,
0,0.00,W/m^2,0:38:24,28/6/17,Day of week:,Wednesday,23.44,Grade Celsius,
0,0.00,W/m^2,0:38:27,28/6/17,Day of week:,Wednesday,23.44,Grade Celsius,
0,0.00,W/m^2,0:38:30,28/6/17,Day of week:,Wednesday,23.44,Grade Celsius,
0,0.00,W/m^2,0:38:33,28/6/17,Day of week:,Wednesday,23.44,Grade Celsius,
0,0.00,W/m^2,0:38:36,28/6/17,Day of week:,Wednesday,23.44,Grade Celsius,
0,0.00,W/m^2,0:38:39,28/6/17,Day of week:,Wednesday,23.44,Grade Celsius,
0,0.00,W/m^2,0:38:42,28/6/17,Day of week:,Wednesday,23.44,Grade Celsius,
0,0.00,W/m^2,0:38:45,28/6/17,Day of week:,Wednesday,23.44,Grade Celsius,
0,0.00,W/m^2,0:38:48,28/6/17,Day of week:,Wednesday,23.44,Grade Celsius,
0,0.00,W/m^2,0:38:51,28/6/17,Day of week:,Wednesday,23.44,Grade Celsius,
0,0.00,W/m^2,0:38:55,28/6/17,Day of week:,Wednesday,23.44,Grade Celsius,
0,0.00,W/m^2,0:38:58,28/6/17,Day of week:,Wednesday,23.44,Grade Celsius,
0,0.00,W/m^2,0:39:01,28/6/17,Day of week:,Wednesday,23.44,Grade Celsius,
0,0.00,W/m^2,0:39:04,28/6/17,Day of week:,Wednesday,23.44,Grade Celsius,
0,0.00,W/m^2,0:39:07,28/6/17,Day of week:,Wednesday,23.44,Grade Celsius,
0,0.00,W/m^2,0:39:10,28/6/17,Day of week:,Wednesday,23.44,Grade Celsius,
0,0.00,W/m^2,0:39:13,28/6/17,Day of week:,Wednesday,23.44,Grade Celsius,
0,0.00,W/m^2,0:39:16,28/6/17,Day of week:,Wednesday,23.44,Grade Celsius,
0,0.00,W/m^2,0:39:19,28/6/17,Day of week:,Wednesday,23.44,Grade Celsius,
0,0.00,W/m^2,0:39:22,28/6/17,Day of week:,Wednesday,23.44,Grade Celsius,
0,0.00,W/m^2,0:39:25,28/6/17,Day of week:,Wednesday,23.44,Grade Celsius,
0,0.00,W/m^2,0:39:28,28/6/17,Day of week:,Wednesday,23.44,Grade Celsius,
0,0.00,W/m^2,0:39:31,28/6/17,Day of week:,Wednesday,23.44,Grade Celsius,
0,0.00,W/m^2,0:39:34,28/6/17,Day of week:,Wednesday,23.44,Grade Celsius,
0,0.00,W/m^2,0:39:38,28/6/17,Day of week:,Wednesday,23.44,Grade Celsius,
0,0.00,W/m^2,0:39:41,28/6/17,Day of week:,Wednesday,23.44,Grade Celsius,
0,0.00,W/m^2,0:39:44,28/6/17,Day of week:,Wednesday,23.44,Grade Celsius,
0,0.00,W/m^2,0:39:47,28/6/17,Day of week:,Wednesday,23.50,Grade Celsius,
0,0.00,W/m^2,0:39:50,28/6/17,Day of week:,Wednesday,23.50,Grade Celsius,
0,0.00,W/m^2,0:39:53,28/6/17,Day of week:,Wednesday,23.44,Grade Celsius,
0,0.00,W/m^2,0:39:56,28/6/17,Day of week:,Wednesday,23.50,Grade Celsius,
0,0.00,W/m^2,0:39:59,28/6/17,Day of week:,Wednesday,23.44,Grade Celsius,
0,0.00,W/m^2,0:40:02,28/6/17,Day of week:,Wednesday,23.44,Grade Celsius,
0,0.00,W/m^2,0:40:05,28/6/17,Day of week:,Wednesday,23.44,Grade Celsius,
0,0.00,W/m^2,0:40:08,28/6/17,Day of week:,Wednesday,23.44,Grade Celsius,
0,0.00,W/m^2,0:40:11,28/6/17,Day of week:,Wednesday,23.50,Grade Celsius,
0,0.00,W/m^2,0:40:14,28/6/17,Day of week:,Wednesday,23.50,Grade Celsius,
0,0.00,W/m^2,0:40:17,28/6/17,Day of week:,Wednesday,23.50,Grade Celsius,
0,0.00,W/m^2,0:40:20,28/6/17,Day of week:,Wednesday,23.44,Grade Celsius,
0,0.00,W/m^2,0:40:23,28/6/17,Day of week:,Wednesday,23.50,Grade Celsius,
0,0.00,W/m^2,0:40:26,28/6/17,Day of week:,Wednesday,23.50,Grade Celsius,
0,0.00,W/m^2,0:40:30,28/6/17,Day of week:,Wednesday,23.50,Grade Celsius,
0,0.00,W/m^2,0:40:33,28/6/17,Day of week:,Wednesday,23.50,Grade Celsius,
0,0.00,W/m^2,0:40:36,28/6/17,Day of week:,Wednesday,23.50,Grade Celsius,
0,0.00,W/m^2,0:40:39,28/6/17,Day of week:,Wednesday,23.44,Grade Celsius,
0,0.00,W/m^2,0:40:42,28/6/17,Day of week:,Wednesday,23.44,Grade Celsius,
0,0.00,W/m^2,0:40:45,28/6/17,Day of week:,Wednesday,23.44,Grade Celsius,
0,0.00,W/m^2,0:40:48,28/6/17,Day of week:,Wednesday,23.44,Grade Celsius,
0,0.00,W/m^2,0:40:51,28/6/17,Day of week:,Wednesday,23.44,Grade Celsius,
0,0.00,W/m^2,0:40:54,28/6/17,Day of week:,Wednesday,23.44,Grade Celsius,
0,0.00,W/m^2,0:40:57,28/6/17,Day of week:,Wednesday,23.44,Grade Celsius,
0,0.00,W/m^2,0:41:00,28/6/17,Day of week:,Wednesday,23.44,Grade Celsius,
0,0.00,W/m^2,0:41:03,28/6/17,Day of week:,Wednesday,23.44,Grade Celsius,
0,0.00,W/m^2,0:41:06,28/6/17,Day of week:,Wednesday,23.44,Grade Celsius,
0,0.00,W/m^2,0:41:09,28/6/17,Day of week:,Wednesday,23.44,Grade Celsius,
0,0.00,W/m^2,0:41:12,28/6/17,Day of week:,Wednesday,23.44,Grade Celsius,
0,0.00,W/m^2,0:41:15,28/6/17,Day of week:,Wednesday,23.44,Grade Celsius,
0,0.00,W/m^2,0:41:19,28/6/17,Day of week:,Wednesday,23.44,Grade Celsius,
0,0.00,W/m^2,0:41:22,28/6/17,Day of week:,Wednesday,23.44,Grade Celsius,
0,0.00,W/m^2,0:41:25,28/6/17,Day of week:,Wednesday,23.44,Grade Celsius,
0,0.00,W/m^2,0:41:28,28/6/17,Day of week:,Wednesday,23.44,Grade Celsius,
0,0.00,W/m^2,0:41:31,28/6/17,Day of week:,Wednesday,23.44,Grade Celsius,
0,0.00,W/m^2,0:41:34,28/6/17,Day of week:,Wednesday,23.44,Grade Celsius,
0,0.00,W/m^2,0:41:37,28/6/17,Day of week:,Wednesday,23.44,Grade Celsius,
0,0.00,W/m^2,0:41:40,28/6/17,Day of week:,Wednesday,23.44,Grade Celsius,
0,0.00,W/m^2,0:41:43,28/6/17,Day of week:,Wednesday,23.44,Grade Celsius,
0,0.00,W/m^2,0:41:46,28/6/17,Day of week:,Wednesday,23.44,Grade Celsius,
0,0.00,W/m^2,0:41:49,28/6/17,Day of week:,Wednesday,23.44,Grade Celsius,
0,0.00,W/m^2,0:41:52,28/6/17,Day of week:,Wednesday,23.37,Grade Celsius,
0,0.00,W/m^2,0:41:55,28/6/17,Day of week:,Wednesday,23.37,Grade Celsius,
0,0.00,W/m^2,0:41:58,28/6/17,Day of week:,Wednesday,23.37,Grade Celsius,
0,0.00,W/m^2,0:42:01,28/6/17,Day of week:,Wednesday,23.37,Grade Celsius,
0,0.00,W/m^2,0:42:04,28/6/17,Day of week:,Wednesday,23.37,Grade Celsius,
0,0.00,W/m^2,0:42:07,28/6/17,Day of week:,Wednesday,23.37,Grade Celsius,
0,0.00,W/m^2,0:42:11,28/6/17,Day of week:,Wednesday,23.37,Grade Celsius,
0,0.00,W/m^2,0:42:14,28/6/17,Day of week:,Wednesday,23.37,Grade Celsius,
0,0.00,W/m^2,0:42:17,28/6/17,Day of week:,Wednesday,23.37,Grade Celsius,
0,0.00,W/m^2,0:42:20,28/6/17,Day of week:,Wednesday,23.37,Grade Celsius,
0,0.00,W/m^2,0:42:23,28/6/17,Day of week:,Wednesday,23.37,Grade Celsius,
0,0.00,W/m^2,0:42:26,28/6/17,Day of week:,Wednesday,23.37,Grade Celsius,
0,0.00,W/m^2,0:42:29,28/6/17,Day of week:,Wednesday,23.37,Grade Celsius,
0,0.00,W/m^2,0:42:32,28/6/17,Day of week:,Wednesday,23.37,Grade Celsius,
0,0.00,W/m^2,0:42:35,28/6/17,Day of week:,Wednesday,23.37,Grade Celsius,
0,0.00,W/m^2,0:42:38,28/6/17,Day of week:,Wednesday,23.37,Grade Celsius,
0,0.00,W/m^2,0:42:41,28/6/17,Day of week:,Wednesday,23.37,Grade Celsius,
0,0.00,W/m^2,0:42:44,28/6/17,Day of week:,Wednesday,23.37,Grade Celsius,
0,0.00,W/m^2,0:42:47,28/6/17,Day of week:,Wednesday,23.31,Grade Celsius,
0,0.00,W/m^2,0:42:50,28/6/17,Day of week:,Wednesday,23.31,Grade Celsius,
0,0.00,W/m^2,0:42:53,28/6/17,Day of week:,Wednesday,23.31,Grade Celsius,
0,0.00,W/m^2,0:42:56,28/6/17,Day of week:,Wednesday,23.31,Grade Celsius,
0,0.00,W/m^2,0:42:59,28/6/17,Day of week:,Wednesday,23.31,Grade Celsius,
0,0.00,W/m^2,0:43:03,28/6/17,Day of week:,Wednesday,23.31,Grade Celsius,
0,0.00,W/m^2,0:43:06,28/6/17,Day of week:,Wednesday,23.31,Grade Celsius,
0,0.00,W/m^2,0:43:09,28/6/17,Day of week:,Wednesday,23.31,Grade Celsius,
0,0.00,W/m^2,0:43:12,28/6/17,Day of week:,Wednesday,23.31,Grade Celsius,
0,0.00,W/m^2,0:43:15,28/6/17,Day of week:,Wednesday,23.31,Grade Celsius,
0,0.00,W/m^2,0:43:18,28/6/17,Day of week:,Wednesday,23.31,Grade Celsius,
0,0.00,W/m^2,0:43:21,28/6/17,Day of week:,Wednesday,23.31,Grade Celsius,
0,0.00,W/m^2,0:43:24,28/6/17,Day of week:,Wednesday,23.31,Grade Celsius,
0,0.00,W/m^2,0:43:27,28/6/17,Day of week:,Wednesday,23.31,Grade Celsius,
0,0.00,W/m^2,0:43:30,28/6/17,Day of week:,Wednesday,23.31,Grade Celsius,
0,0.00,W/m^2,0:43:33,28/6/17,Day of week:,Wednesday,23.37,Grade Celsius,
0,0.00,W/m^2,0:43:36,28/6/17,Day of week:,Wednesday,23.31,Grade Celsius,
0,0.00,W/m^2,0:43:39,28/6/17,Day of week:,Wednesday,23.31,Grade Celsius,
0,0.00,W/m^2,0:43:42,28/6/17,Day of week:,Wednesday,23.31,Grade Celsius,
0,0.00,W/m^2,0:43:45,28/6/17,Day of week:,Wednesday,23.31,Grade Celsius,
0,0.00,W/m^2,0:43:48,28/6/17,Day of week:,Wednesday,23.31,Grade Celsius,
0,0.00,W/m^2,0:43:51,28/6/17,Day of week:,Wednesday,23.31,Grade Celsius,
0,0.00,W/m^2,0:43:55,28/6/17,Day of week:,Wednesday,23.31,Grade Celsius,
0,0.00,W/m^2,0:43:58,28/6/17,Day of week:,Wednesday,23.31,Grade Celsius,
0,0.00,W/m^2,0:44:01,28/6/17,Day of week:,Wednesday,23.31,Grade Celsius,
0,0.00,W/m^2,0:44:04,28/6/17,Day of week:,Wednesday,23.31,Grade Celsius,
0,0.00,W/m^2,0:44:07,28/6/17,Day of week:,Wednesday,23.31,Grade Celsius,
0,0.00,W/m^2,0:44:10,28/6/17,Day of week:,Wednesday,23.31,Grade Celsius,
0,0.00,W/m^2,0:44:13,28/6/17,Day of week:,Wednesday,23.31,Grade Celsius,
0,0.00,W/m^2,0:44:16,28/6/17,Day of week:,Wednesday,23.31,Grade Celsius,
0,0.00,W/m^2,0:44:19,28/6/17,Day of week:,Wednesday,23.31,Grade Celsius,
0,0.00,W/m^2,0:44:22,28/6/17,Day of week:,Wednesday,23.31,Grade Celsius,
0,0.00,W/m^2,0:44:25,28/6/17,Day of week:,Wednesday,23.25,Grade Celsius,
0,0.00,W/m^2,0:44:28,28/6/17,Day of week:,Wednesday,23.25,Grade Celsius,
0,0.00,W/m^2,0:44:31,28/6/17,Day of week:,Wednesday,23.25,Grade Celsius,
0,0.00,W/m^2,0:44:34,28/6/17,Day of week:,Wednesday,23.25,Grade Celsius,
0,0.00,W/m^2,0:44:37,28/6/17,Day of week:,Wednesday,23.25,Grade Celsius,
0,0.00,W/m^2,0:44:40,28/6/17,Day of week:,Wednesday,23.25,Grade Celsius,
0,0.00,W/m^2,0:44:43,28/6/17,Day of week:,Wednesday,23.25,Grade Celsius,
0,0.00,W/m^2,0:44:47,28/6/17,Day of week:,Wednesday,23.25,Grade Celsius,
0,0.00,W/m^2,0:44:50,28/6/17,Day of week:,Wednesday,23.25,Grade Celsius,
0,0.00,W/m^2,0:44:53,28/6/17,Day of week:,Wednesday,23.25,Grade Celsius,
0,0.00,W/m^2,0:44:56,28/6/17,Day of week:,Wednesday,23.25,Grade Celsius,
0,0.00,W/m^2,0:44:59,28/6/17,Day of week:,Wednesday,23.25,Grade Celsius,
0,0.00,W/m^2,0:45:02,28/6/17,Day of week:,Wednesday,23.25,Grade Celsius,
0,0.00,W/m^2,0:45:05,28/6/17,Day of week:,Wednesday,23.25,Grade Celsius,
0,0.00,W/m^2,0:45:08,28/6/17,Day of week:,Wednesday,23.25,Grade Celsius,
0,0.00,W/m^2,0:45:11,28/6/17,Day of week:,Wednesday,23.25,Grade Celsius,
0,0.00,W/m^2,0:45:14,28/6/17,Day of week:,Wednesday,23.25,Grade Celsius,
0,0.00,W/m^2,0:45:17,28/6/17,Day of week:,Wednesday,23.25,Grade Celsius,
0,0.00,W/m^2,0:45:20,28/6/17,Day of week:,Wednesday,23.25,Grade Celsius,
0,0.00,W/m^2,0:45:23,28/6/17,Day of week:,Wednesday,23.25,Grade Celsius,
0,0.00,W/m^2,0:45:26,28/6/17,Day of week:,Wednesday,23.19,Grade Celsius,
0,0.00,W/m^2,0:45:29,28/6/17,Day of week:,Wednesday,23.19,Grade Celsius,
0,0.00,W/m^2,0:45:33,28/6/17,Day of week:,Wednesday,23.19,Grade Celsius,
0,0.00,W/m^2,0:45:36,28/6/17,Day of week:,Wednesday,23.19,Grade Celsius,
0,0.00,W/m^2,0:45:39,28/6/17,Day of week:,Wednesday,23.19,Grade Celsius,
0,0.00,W/m^2,0:45:42,28/6/17,Day of week:,Wednesday,23.19,Grade Celsius,
0,0.00,W/m^2,0:45:45,28/6/17,Day of week:,Wednesday,23.19,Grade Celsius,
0,0.00,W/m^2,0:45:48,28/6/17,Day of week:,Wednesday,23.19,Grade Celsius,
0,0.00,W/m^2,0:45:51,28/6/17,Day of week:,Wednesday,23.19,Grade Celsius,
0,0.00,W/m^2,0:45:54,28/6/17,Day of week:,Wednesday,23.19,Grade Celsius,
0,0.00,W/m^2,0:45:57,28/6/17,Day of week:,Wednesday,23.19,Grade Celsius,
0,0.00,W/m^2,0:46:00,28/6/17,Day of week:,Wednesday,23.19,Grade Celsius,
0,0.00,W/m^2,0:46:03,28/6/17,Day of week:,Wednesday,23.19,Grade Celsius,
0,0.00,W/m^2,0:46:06,28/6/17,Day of week:,Wednesday,23.19,Grade Celsius,
0,0.00,W/m^2,0:46:09,28/6/17,Day of week:,Wednesday,23.19,Grade Celsius,
0,0.00,W/m^2,0:46:12,28/6/17,Day of week:,Wednesday,23.19,Grade Celsius,
0,0.00,W/m^2,0:46:15,28/6/17,Day of week:,Wednesday,23.19,Grade Celsius,
0,0.00,W/m^2,0:46:18,28/6/17,Day of week:,Wednesday,23.19,Grade Celsius,
0,0.00,W/m^2,0:46:21,28/6/17,Day of week:,Wednesday,23.19,Grade Celsius,
0,0.00,W/m^2,0:46:25,28/6/17,Day of week:,Wednesday,23.19,Grade Celsius,
0,0.00,W/m^2,0:46:28,28/6/17,Day of week:,Wednesday,23.12,Grade Celsius,
0,0.00,W/m^2,0:46:31,28/6/17,Day of week:,Wednesday,23.12,Grade Celsius,
0,0.00,W/m^2,0:46:34,28/6/17,Day of week:,Wednesday,23.12,Grade Celsius,
0,0.00,W/m^2,0:46:37,28/6/17,Day of week:,Wednesday,23.12,Grade Celsius,
0,0.00,W/m^2,0:46:40,28/6/17,Day of week:,Wednesday,23.12,Grade Celsius,
0,0.00,W/m^2,0:46:43,28/6/17,Day of week:,Wednesday,23.12,Grade Celsius,
0,0.00,W/m^2,0:46:46,28/6/17,Day of week:,Wednesday,23.12,Grade Celsius,
0,0.00,W/m^2,0:46:49,28/6/17,Day of week:,Wednesday,23.12,Grade Celsius,
0,0.00,W/m^2,0:46:52,28/6/17,Day of week:,Wednesday,23.12,Grade Celsius,
0,0.00,W/m^2,0:46:55,28/6/17,Day of week:,Wednesday,23.12,Grade Celsius,
0,0.00,W/m^2,0:46:58,28/6/17,Day of week:,Wednesday,23.12,Grade Celsius,
0,0.00,W/m^2,0:47:01,28/6/17,Day of week:,Wednesday,23.12,Grade Celsius,
0,0.00,W/m^2,0:47:04,28/6/17,Day of week:,Wednesday,23.12,Grade Celsius,
0,0.00,W/m^2,0:47:07,28/6/17,Day of week:,Wednesday,23.12,Grade Celsius,
0,0.00,W/m^2,0:47:10,28/6/17,Day of week:,Wednesday,23.12,Grade Celsius,
0,0.00,W/m^2,0:47:13,28/6/17,Day of week:,Wednesday,23.12,Grade Celsius,
0,0.00,W/m^2,0:47:17,28/6/17,Day of week:,Wednesday,23.12,Grade Celsius,
0,0.00,W/m^2,0:47:20,28/6/17,Day of week:,Wednesday,23.12,Grade Celsius,
0,0.00,W/m^2,0:47:23,28/6/17,Day of week:,Wednesday,23.12,Grade Celsius,
0,0.00,W/m^2,0:47:26,28/6/17,Day of week:,Wednesday,23.12,Grade Celsius,
0,0.00,W/m^2,0:47:29,28/6/17,Day of week:,Wednesday,23.12,Grade Celsius,
0,0.00,W/m^2,0:47:32,28/6/17,Day of week:,Wednesday,23.12,Grade Celsius,
0,0.00,W/m^2,0:47:35,28/6/17,Day of week:,Wednesday,23.12,Grade Celsius,
0,0.00,W/m^2,0:47:38,28/6/17,Day of week:,Wednesday,23.12,Grade Celsius,
0,0.00,W/m^2,0:47:41,28/6/17,Day of week:,Wednesday,23.12,Grade Celsius,
0,0.00,W/m^2,0:47:44,28/6/17,Day of week:,Wednesday,23.06,Grade Celsius,
0,0.00,W/m^2,0:47:47,28/6/17,Day of week:,Wednesday,23.06,Grade Celsius,
0,0.00,W/m^2,0:47:50,28/6/17,Day of week:,Wednesday,23.00,Grade Celsius,
0,0.00,W/m^2,0:47:53,28/6/17,Day of week:,Wednesday,23.00,Grade Celsius,
0,0.00,W/m^2,0:47:56,28/6/17,Day of week:,Wednesday,23.00,Grade Celsius,
0,0.00,W/m^2,0:47:59,28/6/17,Day of week:,Wednesday,23.00,Grade Celsius,
0,0.00,W/m^2,0:48:02,28/6/17,Day of week:,Wednesday,23.00,Grade Celsius,
0,0.00,W/m^2,0:48:05,28/6/17,Day of week:,Wednesday,23.00,Grade Celsius,
0,0.00,W/m^2,0:48:09,28/6/17,Day of week:,Wednesday,23.00,Grade Celsius,
0,0.00,W/m^2,0:48:12,28/6/17,Day of week:,Wednesday,23.00,Grade Celsius,
0,0.00,W/m^2,0:48:15,28/6/17,Day of week:,Wednesday,23.00,Grade Celsius,
0,0.00,W/m^2,0:48:18,28/6/17,Day of week:,Wednesday,23.00,Grade Celsius,
0,0.00,W/m^2,0:48:21,28/6/17,Day of week:,Wednesday,23.00,Grade Celsius,
0,0.00,W/m^2,0:48:24,28/6/17,Day of week:,Wednesday,23.00,Grade Celsius,
0,0.00,W/m^2,0:48:27,28/6/17,Day of week:,Wednesday,23.00,Grade Celsius,
0,0.00,W/m^2,0:48:30,28/6/17,Day of week:,Wednesday,23.00,Grade Celsius,
0,0.00,W/m^2,0:48:33,28/6/17,Day of week:,Wednesday,23.00,Grade Celsius,
0,0.00,W/m^2,0:48:36,28/6/17,Day of week:,Wednesday,23.00,Grade Celsius,
0,0.00,W/m^2,0:48:39,28/6/17,Day of week:,Wednesday,23.00,Grade Celsius,
0,0.00,W/m^2,0:48:42,28/6/17,Day of week:,Wednesday,23.00,Grade Celsius,
0,0.00,W/m^2,0:48:45,28/6/17,Day of week:,Wednesday,23.00,Grade Celsius,
0,0.00,W/m^2,0:48:48,28/6/17,Day of week:,Wednesday,23.00,Grade Celsius,
0,0.00,W/m^2,0:48:51,28/6/17,Day of week:,Wednesday,23.00,Grade Celsius,
0,0.00,W/m^2,0:48:54,28/6/17,Day of week:,Wednesday,23.00,Grade Celsius,
0,0.00,W/m^2,0:48:57,28/6/17,Day of week:,Wednesday,23.00,Grade Celsius,
0,0.00,W/m^2,0:49:01,28/6/17,Day of week:,Wednesday,23.00,Grade Celsius,
0,0.00,W/m^2,0:49:04,28/6/17,Day of week:,Wednesday,23.00,Grade Celsius,
0,0.00,W/m^2,0:49:07,28/6/17,Day of week:,Wednesday,23.00,Grade Celsius,
0,0.00,W/m^2,0:49:10,28/6/17,Day of week:,Wednesday,22.94,Grade Celsius,
0,0.00,W/m^2,0:49:13,28/6/17,Day of week:,Wednesday,22.94,Grade Celsius,
0,0.00,W/m^2,0:49:16,28/6/17,Day of week:,Wednesday,22.94,Grade Celsius,
0,0.00,W/m^2,0:49:19,28/6/17,Day of week:,Wednesday,22.94,Grade Celsius,
0,0.00,W/m^2,0:49:22,28/6/17,Day of week:,Wednesday,22.94,Grade Celsius,
0,0.00,W/m^2,0:49:25,28/6/17,Day of week:,Wednesday,22.94,Grade Celsius,
0,0.00,W/m^2,0:49:28,28/6/17,Day of week:,Wednesday,22.87,Grade Celsius,
0,0.00,W/m^2,0:49:31,28/6/17,Day of week:,Wednesday,22.87,Grade Celsius,
0,0.00,W/m^2,0:49:34,28/6/17,Day of week:,Wednesday,22.87,Grade Celsius,
0,0.00,W/m^2,0:49:37,28/6/17,Day of week:,Wednesday,22.87,Grade Celsius,
0,0.00,W/m^2,0:49:40,28/6/17,Day of week:,Wednesday,22.87,Grade Celsius,
0,0.00,W/m^2,0:49:43,28/6/17,Day of week:,Wednesday,22.87,Grade Celsius,
0,0.00,W/m^2,0:49:46,28/6/17,Day of week:,Wednesday,22.87,Grade Celsius,
0,0.00,W/m^2,0:49:50,28/6/17,Day of week:,Wednesday,22.87,Grade Celsius,
0,0.00,W/m^2,0:49:53,28/6/17,Day of week:,Wednesday,22.87,Grade Celsius,
0,0.00,W/m^2,0:49:56,28/6/17,Day of week:,Wednesday,22.87,Grade Celsius,
0,0.00,W/m^2,0:49:59,28/6/17,Day of week:,Wednesday,22.87,Grade Celsius,
0,0.00,W/m^2,0:50:02,28/6/17,Day of week:,Wednesday,22.87,Grade Celsius,
0,0.00,W/m^2,0:50:05,28/6/17,Day of week:,Wednesday,22.87,Grade Celsius,
0,0.00,W/m^2,0:50:08,28/6/17,Day of week:,Wednesday,22.87,Grade Celsius,
0,0.00,W/m^2,0:50:11,28/6/17,Day of week:,Wednesday,22.87,Grade Celsius,
0,0.00,W/m^2,0:50:14,28/6/17,Day of week:,Wednesday,22.87,Grade Celsius,
0,0.00,W/m^2,0:50:17,28/6/17,Day of week:,Wednesday,22.87,Grade Celsius,
0,0.00,W/m^2,0:50:20,28/6/17,Day of week:,Wednesday,22.87,Grade Celsius,
0,0.00,W/m^2,0:50:23,28/6/17,Day of week:,Wednesday,22.87,Grade Celsius,
0,0.00,W/m^2,0:50:26,28/6/17,Day of week:,Wednesday,22.87,Grade Celsius,
0,0.00,W/m^2,0:50:29,28/6/17,Day of week:,Wednesday,22.87,Grade Celsius,
0,0.00,W/m^2,0:50:32,28/6/17,Day of week:,Wednesday,22.81,Grade Celsius,
0,0.00,W/m^2,0:50:35,28/6/17,Day of week:,Wednesday,22.81,Grade Celsius,
0,0.00,W/m^2,0:50:39,28/6/17,Day of week:,Wednesday,22.81,Grade Celsius,
0,0.00,W/m^2,0:50:42,28/6/17,Day of week:,Wednesday,22.81,Grade Celsius,
0,0.00,W/m^2,0:50:45,28/6/17,Day of week:,Wednesday,22.81,Grade Celsius,
0,0.00,W/m^2,0:50:48,28/6/17,Day of week:,Wednesday,22.81,Grade Celsius,
0,0.00,W/m^2,0:50:51,28/6/17,Day of week:,Wednesday,22.87,Grade Celsius,
0,0.00,W/m^2,0:50:54,28/6/17,Day of week:,Wednesday,22.87,Grade Celsius,
0,0.00,W/m^2,0:50:57,28/6/17,Day of week:,Wednesday,22.87,Grade Celsius,
0,0.00,W/m^2,0:51:00,28/6/17,Day of week:,Wednesday,22.81,Grade Celsius,
0,0.00,W/m^2,0:51:03,28/6/17,Day of week:,Wednesday,22.87,Grade Celsius,
0,0.00,W/m^2,0:51:06,28/6/17,Day of week:,Wednesday,22.87,Grade Celsius,
0,0.00,W/m^2,0:51:09,28/6/17,Day of week:,Wednesday,22.87,Grade Celsius,
0,0.00,W/m^2,0:51:12,28/6/17,Day of week:,Wednesday,22.87,Grade Celsius,
0,0.00,W/m^2,0:51:15,28/6/17,Day of week:,Wednesday,22.87,Grade Celsius,
0,0.00,W/m^2,0:51:18,28/6/17,Day of week:,Wednesday,22.87,Grade Celsius,
0,0.00,W/m^2,0:51:22,28/6/17,Day of week:,Wednesday,22.87,Grade Celsius,
0,0.00,W/m^2,0:51:25,28/6/17,Day of week:,Wednesday,22.81,Grade Celsius,
0,0.00,W/m^2,0:51:28,28/6/17,Day of week:,Wednesday,22.87,Grade Celsius,
0,0.00,W/m^2,0:51:31,28/6/17,Day of week:,Wednesday,22.87,Grade Celsius,
0,0.00,W/m^2,0:51:34,28/6/17,Day of week:,Wednesday,22.87,Grade Celsius,
0,0.00,W/m^2,0:51:37,28/6/17,Day of week:,Wednesday,22.81,Grade Celsius,
0,0.00,W/m^2,0:51:40,28/6/17,Day of week:,Wednesday,22.87,Grade Celsius,
0,0.00,W/m^2,0:51:43,28/6/17,Day of week:,Wednesday,22.87,Grade Celsius,
0,0.00,W/m^2,0:51:46,28/6/17,Day of week:,Wednesday,22.87,Grade Celsius,
0,0.00,W/m^2,0:51:49,28/6/17,Day of week:,Wednesday,22.81,Grade Celsius,
0,0.00,W/m^2,0:51:52,28/6/17,Day of week:,Wednesday,22.81,Grade Celsius,
0,0.00,W/m^2,0:51:55,28/6/17,Day of week:,Wednesday,22.81,Grade Celsius,
0,0.00,W/m^2,0:51:58,28/6/17,Day of week:,Wednesday,22.81,Grade Celsius,
0,0.00,W/m^2,0:52:01,28/6/17,Day of week:,Wednesday,22.81,Grade Celsius,
0,0.00,W/m^2,0:52:04,28/6/17,Day of week:,Wednesday,22.81,Grade Celsius,
0,0.00,W/m^2,0:52:07,28/6/17,Day of week:,Wednesday,22.81,Grade Celsius,
0,0.00,W/m^2,0:52:10,28/6/17,Day of week:,Wednesday,22.81,Grade Celsius,
0,0.00,W/m^2,0:52:14,28/6/17,Day of week:,Wednesday,22.75,Grade Celsius,
0,0.00,W/m^2,0:52:17,28/6/17,Day of week:,Wednesday,22.81,Grade Celsius,
0,0.00,W/m^2,0:52:20,28/6/17,Day of week:,Wednesday,22.75,Grade Celsius,
0,0.00,W/m^2,0:52:23,28/6/17,Day of week:,Wednesday,22.75,Grade Celsius,
0,0.00,W/m^2,0:52:26,28/6/17,Day of week:,Wednesday,22.75,Grade Celsius,
0,0.00,W/m^2,0:52:29,28/6/17,Day of week:,Wednesday,22.75,Grade Celsius,
0,0.00,W/m^2,0:52:32,28/6/17,Day of week:,Wednesday,22.75,Grade Celsius,
0,0.00,W/m^2,0:52:35,28/6/17,Day of week:,Wednesday,22.75,Grade Celsius,
0,0.00,W/m^2,0:52:38,28/6/17,Day of week:,Wednesday,22.75,Grade Celsius,
0,0.00,W/m^2,0:52:41,28/6/17,Day of week:,Wednesday,22.75,Grade Celsius,
0,0.00,W/m^2,0:52:44,28/6/17,Day of week:,Wednesday,22.75,Grade Celsius,
0,0.00,W/m^2,0:52:47,28/6/17,Day of week:,Wednesday,22.75,Grade Celsius,
0,0.00,W/m^2,0:52:50,28/6/17,Day of week:,Wednesday,22.75,Grade Celsius,
0,0.00,W/m^2,0:52:53,28/6/17,Day of week:,Wednesday,22.81,Grade Celsius,
0,0.00,W/m^2,0:52:56,28/6/17,Day of week:,Wednesday,22.81,Grade Celsius,
0,0.00,W/m^2,0:52:59,28/6/17,Day of week:,Wednesday,22.81,Grade Celsius,
0,0.00,W/m^2,0:53:02,28/6/17,Day of week:,Wednesday,22.81,Grade Celsius,
0,0.00,W/m^2,0:53:06,28/6/17,Day of week:,Wednesday,22.81,Grade Celsius,
0,0.00,W/m^2,0:53:09,28/6/17,Day of week:,Wednesday,22.81,Grade Celsius,
0,0.00,W/m^2,0:53:12,28/6/17,Day of week:,Wednesday,22.81,Grade Celsius,
0,0.00,W/m^2,0:53:15,28/6/17,Day of week:,Wednesday,22.87,Grade Celsius,
0,0.00,W/m^2,0:53:18,28/6/17,Day of week:,Wednesday,22.87,Grade Celsius,
0,0.00,W/m^2,0:53:21,28/6/17,Day of week:,Wednesday,22.87,Grade Celsius,
0,0.00,W/m^2,0:53:24,28/6/17,Day of week:,Wednesday,22.87,Grade Celsius,
0,0.00,W/m^2,0:53:27,28/6/17,Day of week:,Wednesday,22.87,Grade Celsius,
0,0.00,W/m^2,0:53:30,28/6/17,Day of week:,Wednesday,22.87,Grade Celsius,
0,0.00,W/m^2,0:53:33,28/6/17,Day of week:,Wednesday,22.87,Grade Celsius,
0,0.00,W/m^2,0:53:36,28/6/17,Day of week:,Wednesday,22.87,Grade Celsius,
0,0.00,W/m^2,0:53:39,28/6/17,Day of week:,Wednesday,22.87,Grade Celsius,
0,0.00,W/m^2,0:53:42,28/6/17,Day of week:,Wednesday,22.87,Grade Celsius,
0,0.00,W/m^2,0:53:45,28/6/17,Day of week:,Wednesday,22.87,Grade Celsius,
0,0.00,W/m^2,0:53:48,28/6/17,Day of week:,Wednesday,22.87,Grade Celsius,
0,0.00,W/m^2,0:53:51,28/6/17,Day of week:,Wednesday,22.87,Grade Celsius,
0,0.00,W/m^2,0:53:54,28/6/17,Day of week:,Wednesday,22.87,Grade Celsius,
0,0.00,W/m^2,0:53:58,28/6/17,Day of week:,Wednesday,22.87,Grade Celsius,
0,0.00,W/m^2,0:54:01,28/6/17,Day of week:,Wednesday,22.87,Grade Celsius,
0,0.00,W/m^2,0:54:04,28/6/17,Day of week:,Wednesday,22.87,Grade Celsius,
0,0.00,W/m^2,0:54:07,28/6/17,Day of week:,Wednesday,22.87,Grade Celsius,
0,0.00,W/m^2,0:54:10,28/6/17,Day of week:,Wednesday,22.81,Grade Celsius,
0,0.00,W/m^2,0:54:13,28/6/17,Day of week:,Wednesday,22.81,Grade Celsius,
0,0.00,W/m^2,0:54:16,28/6/17,Day of week:,Wednesday,22.81,Grade Celsius,
0,0.00,W/m^2,0:54:19,28/6/17,Day of week:,Wednesday,22.75,Grade Celsius,
0,0.00,W/m^2,0:54:22,28/6/17,Day of week:,Wednesday,22.81,Grade Celsius,
0,0.00,W/m^2,0:54:25,28/6/17,Day of week:,Wednesday,22.75,Grade Celsius,
0,0.00,W/m^2,0:54:28,28/6/17,Day of week:,Wednesday,22.75,Grade Celsius,
0,0.00,W/m^2,0:54:31,28/6/17,Day of week:,Wednesday,22.75,Grade Celsius,
0,0.00,W/m^2,0:54:34,28/6/17,Day of week:,Wednesday,22.75,Grade Celsius,
0,0.00,W/m^2,0:54:37,28/6/17,Day of week:,Wednesday,22.75,Grade Celsius,
0,0.00,W/m^2,0:54:40,28/6/17,Day of week:,Wednesday,22.75,Grade Celsius,
0,0.00,W/m^2,0:54:43,28/6/17,Day of week:,Wednesday,22.75,Grade Celsius,
0,0.00,W/m^2,0:54:46,28/6/17,Day of week:,Wednesday,22.75,Grade Celsius,
0,0.00,W/m^2,0:54:50,28/6/17,Day of week:,Wednesday,22.75,Grade Celsius,
0,0.00,W/m^2,0:54:53,28/6/17,Day of week:,Wednesday,22.75,Grade Celsius,
0,0.00,W/m^2,0:54:56,28/6/17,Day of week:,Wednesday,22.75,Grade Celsius,
0,0.00,W/m^2,0:54:59,28/6/17,Day of week:,Wednesday,22.75,Grade Celsius,
0,0.00,W/m^2,0:55:02,28/6/17,Day of week:,Wednesday,22.75,Grade Celsius,
0,0.00,W/m^2,0:55:05,28/6/17,Day of week:,Wednesday,22.81,Grade Celsius,
0,0.00,W/m^2,0:55:08,28/6/17,Day of week:,Wednesday,22.81,Grade Celsius,
0,0.00,W/m^2,0:55:11,28/6/17,Day of week:,Wednesday,22.81,Grade Celsius,
0,0.00,W/m^2,0:55:14,28/6/17,Day of week:,Wednesday,22.81,Grade Celsius,
0,0.00,W/m^2,0:55:17,28/6/17,Day of week:,Wednesday,22.81,Grade Celsius,
0,0.00,W/m^2,0:55:20,28/6/17,Day of week:,Wednesday,22.81,Grade Celsius,
0,0.00,W/m^2,0:55:23,28/6/17,Day of week:,Wednesday,22.81,Grade Celsius,
0,0.00,W/m^2,0:55:26,28/6/17,Day of week:,Wednesday,22.81,Grade Celsius,
0,0.00,W/m^2,0:55:29,28/6/17,Day of week:,Wednesday,22.81,Grade Celsius,
0,0.00,W/m^2,0:55:32,28/6/17,Day of week:,Wednesday,22.81,Grade Celsius,
0,0.00,W/m^2,0:55:35,28/6/17,Day of week:,Wednesday,22.81,Grade Celsius,
0,0.00,W/m^2,0:55:39,28/6/17,Day of week:,Wednesday,22.75,Grade Celsius,
0,0.00,W/m^2,0:55:42,28/6/17,Day of week:,Wednesday,22.75,Grade Celsius,
0,0.00,W/m^2,0:55:45,28/6/17,Day of week:,Wednesday,22.75,Grade Celsius,
0,0.00,W/m^2,0:55:48,28/6/17,Day of week:,Wednesday,22.81,Grade Celsius,
0,0.00,W/m^2,0:55:51,28/6/17,Day of week:,Wednesday,22.75,Grade Celsius,
0,0.00,W/m^2,0:55:54,28/6/17,Day of week:,Wednesday,22.75,Grade Celsius,
0,0.00,W/m^2,0:55:57,28/6/17,Day of week:,Wednesday,22.75,Grade Celsius,
0,0.00,W/m^2,0:56:00,28/6/17,Day of week:,Wednesday,22.81,Grade Celsius,
0,0.00,W/m^2,0:56:03,28/6/17,Day of week:,Wednesday,22.81,Grade Celsius,
0,0.00,W/m^2,0:56:06,28/6/17,Day of week:,Wednesday,22.81,Grade Celsius,
0,0.00,W/m^2,0:56:09,28/6/17,Day of week:,Wednesday,22.81,Grade Celsius,
0,0.00,W/m^2,0:56:12,28/6/17,Day of week:,Wednesday,22.75,Grade Celsius,
0,0.00,W/m^2,0:56:15,28/6/17,Day of week:,Wednesday,22.75,Grade Celsius,
0,0.00,W/m^2,0:56:18,28/6/17,Day of week:,Wednesday,22.75,Grade Celsius,
0,0.00,W/m^2,0:56:21,28/6/17,Day of week:,Wednesday,22.75,Grade Celsius,
0,0.00,W/m^2,0:56:24,28/6/17,Day of week:,Wednesday,22.75,Grade Celsius,
0,0.00,W/m^2,0:56:27,28/6/17,Day of week:,Wednesday,22.75,Grade Celsius,
0,0.00,W/m^2,0:56:31,28/6/17,Day of week:,Wednesday,22.75,Grade Celsius,
0,0.00,W/m^2,0:56:34,28/6/17,Day of week:,Wednesday,22.75,Grade Celsius,
0,0.00,W/m^2,0:56:37,28/6/17,Day of week:,Wednesday,22.75,Grade Celsius,
0,0.00,W/m^2,0:56:40,28/6/17,Day of week:,Wednesday,22.75,Grade Celsius,
0,0.00,W/m^2,0:56:43,28/6/17,Day of week:,Wednesday,22.75,Grade Celsius,
0,0.00,W/m^2,0:56:46,28/6/17,Day of week:,Wednesday,22.75,Grade Celsius,
0,0.00,W/m^2,0:56:49,28/6/17,Day of week:,Wednesday,22.81,Grade Celsius,
0,0.00,W/m^2,0:56:52,28/6/17,Day of week:,Wednesday,22.81,Grade Celsius,
0,0.00,W/m^2,0:56:55,28/6/17,Day of week:,Wednesday,22.81,Grade Celsius,
0,0.00,W/m^2,0:56:58,28/6/17,Day of week:,Wednesday,22.81,Grade Celsius,
0,0.00,W/m^2,0:57:01,28/6/17,Day of week:,Wednesday,22.75,Grade Celsius,
0,0.00,W/m^2,0:57:04,28/6/17,Day of week:,Wednesday,22.75,Grade Celsius,
0,0.00,W/m^2,0:57:07,28/6/17,Day of week:,Wednesday,22.81,Grade Celsius,
0,0.00,W/m^2,0:57:10,28/6/17,Day of week:,Wednesday,22.81,Grade Celsius,
0,0.00,W/m^2,0:57:13,28/6/17,Day of week:,Wednesday,22.75,Grade Celsius,
0,0.00,W/m^2,0:57:16,28/6/17,Day of week:,Wednesday,22.81,Grade Celsius,
0,0.00,W/m^2,0:57:20,28/6/17,Day of week:,Wednesday,22.81,Grade Celsius,
0,0.00,W/m^2,0:57:23,28/6/17,Day of week:,Wednesday,22.81,Grade Celsius,
0,0.00,W/m^2,0:57:26,28/6/17,Day of week:,Wednesday,22.81,Grade Celsius,
0,0.00,W/m^2,0:57:29,28/6/17,Day of week:,Wednesday,22.87,Grade Celsius,
0,0.00,W/m^2,0:57:32,28/6/17,Day of week:,Wednesday,22.81,Grade Celsius,
0,0.00,W/m^2,0:57:35,28/6/17,Day of week:,Wednesday,22.81,Grade Celsius,
0,0.00,W/m^2,0:57:38,28/6/17,Day of week:,Wednesday,22.81,Grade Celsius,
0,0.00,W/m^2,0:57:41,28/6/17,Day of week:,Wednesday,22.81,Grade Celsius,
0,0.00,W/m^2,0:57:44,28/6/17,Day of week:,Wednesday,22.81,Grade Celsius,
0,0.00,W/m^2,0:57:47,28/6/17,Day of week:,Wednesday,22.81,Grade Celsius,
0,0.00,W/m^2,0:57:50,28/6/17,Day of week:,Wednesday,22.81,Grade Celsius,
0,0.00,W/m^2,0:57:53,28/6/17,Day of week:,Wednesday,22.81,Grade Celsius,
0,0.00,W/m^2,0:57:56,28/6/17,Day of week:,Wednesday,22.81,Grade Celsius,
0,0.00,W/m^2,0:57:59,28/6/17,Day of week:,Wednesday,22.81,Grade Celsius,
0,0.00,W/m^2,0:58:02,28/6/17,Day of week:,Wednesday,22.81,Grade Celsius,
0,0.00,W/m^2,0:58:05,28/6/17,Day of week:,Wednesday,22.75,Grade Celsius,
0,0.00,W/m^2,0:58:08,28/6/17,Day of week:,Wednesday,22.75,Grade Celsius,
0,0.00,W/m^2,0:58:12,28/6/17,Day of week:,Wednesday,22.75,Grade Celsius,
0,0.00,W/m^2,0:58:15,28/6/17,Day of week:,Wednesday,22.75,Grade Celsius,
0,0.00,W/m^2,0:58:18,28/6/17,Day of week:,Wednesday,22.75,Grade Celsius,
0,0.00,W/m^2,0:58:21,28/6/17,Day of week:,Wednesday,22.75,Grade Celsius,
0,0.00,W/m^2,0:58:24,28/6/17,Day of week:,Wednesday,22.75,Grade Celsius,
0,0.00,W/m^2,0:58:27,28/6/17,Day of week:,Wednesday,22.75,Grade Celsius,
0,0.00,W/m^2,0:58:30,28/6/17,Day of week:,Wednesday,22.75,Grade Celsius,
0,0.00,W/m^2,0:58:33,28/6/17,Day of week:,Wednesday,22.69,Grade Celsius,
0,0.00,W/m^2,0:58:36,28/6/17,Day of week:,Wednesday,22.75,Grade Celsius,
0,0.00,W/m^2,0:58:39,28/6/17,Day of week:,Wednesday,22.75,Grade Celsius,
0,0.00,W/m^2,0:58:42,28/6/17,Day of week:,Wednesday,22.75,Grade Celsius,
0,0.00,W/m^2,0:58:45,28/6/17,Day of week:,Wednesday,22.75,Grade Celsius,
0,0.00,W/m^2,0:58:48,28/6/17,Day of week:,Wednesday,22.75,Grade Celsius,
0,0.00,W/m^2,0:58:51,28/6/17,Day of week:,Wednesday,22.75,Grade Celsius,
0,0.00,W/m^2,0:58:54,28/6/17,Day of week:,Wednesday,22.75,Grade Celsius,
0,0.00,W/m^2,0:58:57,28/6/17,Day of week:,Wednesday,22.75,Grade Celsius,
0,0.00,W/m^2,0:59:01,28/6/17,Day of week:,Wednesday,22.75,Grade Celsius,
0,0.00,W/m^2,0:59:04,28/6/17,Day of week:,Wednesday,22.75,Grade Celsius,
0,0.00,W/m^2,0:59:07,28/6/17,Day of week:,Wednesday,22.75,Grade Celsius,
0,0.00,W/m^2,0:59:10,28/6/17,Day of week:,Wednesday,22.75,Grade Celsius,
0,0.00,W/m^2,0:59:13,28/6/17,Day of week:,Wednesday,22.75,Grade Celsius,
0,0.00,W/m^2,0:59:16,28/6/17,Day of week:,Wednesday,22.75,Grade Celsius,
0,0.00,W/m^2,0:59:19,28/6/17,Day of week:,Wednesday,22.75,Grade Celsius,
0,0.00,W/m^2,0:59:22,28/6/17,Day of week:,Wednesday,22.75,Grade Celsius,
0,0.00,W/m^2,0:59:25,28/6/17,Day of week:,Wednesday,22.75,Grade Celsius,
0,0.00,W/m^2,0:59:28,28/6/17,Day of week:,Wednesday,22.75,Grade Celsius,
0,0.00,W/m^2,0:59:31,28/6/17,Day of week:,Wednesday,22.75,Grade Celsius,
0,0.00,W/m^2,0:59:34,28/6/17,Day of week:,Wednesday,22.75,Grade Celsius,
0,0.00,W/m^2,0:59:37,28/6/17,Day of week:,Wednesday,22.75,Grade Celsius,
0,0.00,W/m^2,0:59:40,28/6/17,Day of week:,Wednesday,22.75,Grade Celsius,
0,0.00,W/m^2,0:59:43,28/6/17,Day of week:,Wednesday,22.75,Grade Celsius,
0,0.00,W/m^2,0:59:46,28/6/17,Day of week:,Wednesday,22.75,Grade Celsius,
0,0.00,W/m^2,0:59:49,28/6/17,Day of week:,Wednesday,22.75,Grade Celsius,
0,0.00,W/m^2,0:59:53,28/6/17,Day of week:,Wednesday,22.75,Grade Celsius,
0,0.00,W/m^2,0:59:56,28/6/17,Day of week:,Wednesday,22.75,Grade Celsius,
0,0.00,W/m^2,0:59:59,28/6/17,Day of week:,Wednesday,22.69,Grade Celsius,
0,0.00,W/m^2,1:00:02,28/6/17,Day of week:,Wednesday,22.75,Grade Celsius,
0,0.00,W/m^2,1:00:05,28/6/17,Day of week:,Wednesday,22.69,Grade Celsius,
0,0.00,W/m^2,1:00:08,28/6/17,Day of week:,Wednesday,22.69,Grade Celsius,
0,0.00,W/m^2,1:00:11,28/6/17,Day of week:,Wednesday,22.69,Grade Celsius,
0,0.00,W/m^2,1:00:14,28/6/17,Day of week:,Wednesday,22.69,Grade Celsius,
0,0.00,W/m^2,1:00:17,28/6/17,Day of week:,Wednesday,22.69,Grade Celsius,
0,0.00,W/m^2,1:00:20,28/6/17,Day of week:,Wednesday,22.69,Grade Celsius,
0,0.00,W/m^2,1:00:23,28/6/17,Day of week:,Wednesday,22.69,Grade Celsius,
0,0.00,W/m^2,1:00:26,28/6/17,Day of week:,Wednesday,22.69,Grade Celsius,
0,0.00,W/m^2,1:00:29,28/6/17,Day of week:,Wednesday,22.69,Grade Celsius,
0,0.00,W/m^2,1:00:32,28/6/17,Day of week:,Wednesday,22.69,Grade Celsius,
0,0.00,W/m^2,1:00:35,28/6/17,Day of week:,Wednesday,22.69,Grade Celsius,
0,0.00,W/m^2,1:00:38,28/6/17,Day of week:,Wednesday,22.69,Grade Celsius,
0,0.00,W/m^2,1:00:42,28/6/17,Day of week:,Wednesday,22.69,Grade Celsius,
0,0.00,W/m^2,1:00:45,28/6/17,Day of week:,Wednesday,22.69,Grade Celsius,
0,0.00,W/m^2,1:00:48,28/6/17,Day of week:,Wednesday,22.75,Grade Celsius,
0,0.00,W/m^2,1:00:51,28/6/17,Day of week:,Wednesday,22.69,Grade Celsius,
0,0.00,W/m^2,1:00:54,28/6/17,Day of week:,Wednesday,22.75,Grade Celsius,
0,0.00,W/m^2,1:00:57,28/6/17,Day of week:,Wednesday,22.75,Grade Celsius,
0,0.00,W/m^2,1:01:00,28/6/17,Day of week:,Wednesday,22.75,Grade Celsius,
0,0.00,W/m^2,1:01:03,28/6/17,Day of week:,Wednesday,22.75,Grade Celsius,
0,0.00,W/m^2,1:01:06,28/6/17,Day of week:,Wednesday,22.75,Grade Celsius,
0,0.00,W/m^2,1:01:09,28/6/17,Day of week:,Wednesday,22.69,Grade Celsius,
0,0.00,W/m^2,1:01:12,28/6/17,Day of week:,Wednesday,22.75,Grade Celsius,
0,0.00,W/m^2,1:01:15,28/6/17,Day of week:,Wednesday,22.75,Grade Celsius,
0,0.00,W/m^2,1:01:18,28/6/17,Day of week:,Wednesday,22.69,Grade Celsius,
0,0.00,W/m^2,1:01:21,28/6/17,Day of week:,Wednesday,22.69,Grade Celsius,
0,0.00,W/m^2,1:01:24,28/6/17,Day of week:,Wednesday,22.75,Grade Celsius,
0,0.00,W/m^2,1:01:27,28/6/17,Day of week:,Wednesday,22.75,Grade Celsius,
0,0.00,W/m^2,1:01:30,28/6/17,Day of week:,Wednesday,22.75,Grade Celsius,
0,0.00,W/m^2,1:01:34,28/6/17,Day of week:,Wednesday,22.75,Grade Celsius,
0,0.00,W/m^2,1:01:37,28/6/17,Day of week:,Wednesday,22.75,Grade Celsius,
0,0.00,W/m^2,1:01:40,28/6/17,Day of week:,Wednesday,22.69,Grade Celsius,
0,0.00,W/m^2,1:01:43,28/6/17,Day of week:,Wednesday,22.69,Grade Celsius,
0,0.00,W/m^2,1:01:46,28/6/17,Day of week:,Wednesday,22.69,Grade Celsius,
0,0.00,W/m^2,1:01:49,28/6/17,Day of week:,Wednesday,22.69,Grade Celsius,
0,0.00,W/m^2,1:01:52,28/6/17,Day of week:,Wednesday,22.69,Grade Celsius,
0,0.00,W/m^2,1:01:55,28/6/17,Day of week:,Wednesday,22.69,Grade Celsius,
0,0.00,W/m^2,1:01:58,28/6/17,Day of week:,Wednesday,22.69,Grade Celsius,
0,0.00,W/m^2,1:02:01,28/6/17,Day of week:,Wednesday,22.69,Grade Celsius,
0,0.00,W/m^2,1:02:04,28/6/17,Day of week:,Wednesday,22.69,Grade Celsius,
0,0.00,W/m^2,1:02:07,28/6/17,Day of week:,Wednesday,22.69,Grade Celsius,
0,0.00,W/m^2,1:02:10,28/6/17,Day of week:,Wednesday,22.69,Grade Celsius,
0,0.00,W/m^2,1:02:13,28/6/17,Day of week:,Wednesday,22.69,Grade Celsius,
0,0.00,W/m^2,1:02:17,28/6/17,Day of week:,Wednesday,22.62,Grade Celsius,
0,0.00,W/m^2,1:02:20,28/6/17,Day of week:,Wednesday,22.62,Grade Celsius,
0,0.00,W/m^2,1:02:23,28/6/17,Day of week:,Wednesday,22.69,Grade Celsius,
0,0.00,W/m^2,1:02:26,28/6/17,Day of week:,Wednesday,22.62,Grade Celsius,
0,0.00,W/m^2,1:02:29,28/6/17,Day of week:,Wednesday,22.62,Grade Celsius,
0,0.00,W/m^2,1:02:32,28/6/17,Day of week:,Wednesday,22.62,Grade Celsius,
0,0.00,W/m^2,1:02:35,28/6/17,Day of week:,Wednesday,22.62,Grade Celsius,
0,0.00,W/m^2,1:02:38,28/6/17,Day of week:,Wednesday,22.62,Grade Celsius,
0,0.00,W/m^2,1:02:41,28/6/17,Day of week:,Wednesday,22.69,Grade Celsius,
0,0.00,W/m^2,1:02:44,28/6/17,Day of week:,Wednesday,22.69,Grade Celsius,
0,0.00,W/m^2,1:02:47,28/6/17,Day of week:,Wednesday,22.69,Grade Celsius,
0,0.00,W/m^2,1:02:50,28/6/17,Day of week:,Wednesday,22.69,Grade Celsius,
0,0.00,W/m^2,1:02:53,28/6/17,Day of week:,Wednesday,22.62,Grade Celsius,
0,0.00,W/m^2,1:02:56,28/6/17,Day of week:,Wednesday,22.69,Grade Celsius,
0,0.00,W/m^2,1:02:59,28/6/17,Day of week:,Wednesday,22.62,Grade Celsius,
0,0.00,W/m^2,1:03:02,28/6/17,Day of week:,Wednesday,22.69,Grade Celsius,
0,0.00,W/m^2,1:03:05,28/6/17,Day of week:,Wednesday,22.62,Grade Celsius,
0,0.00,W/m^2,1:03:09,28/6/17,Day of week:,Wednesday,22.62,Grade Celsius,
0,0.00,W/m^2,1:03:12,28/6/17,Day of week:,Wednesday,22.62,Grade Celsius,
0,0.00,W/m^2,1:03:15,28/6/17,Day of week:,Wednesday,22.62,Grade Celsius,
0,0.00,W/m^2,1:03:18,28/6/17,Day of week:,Wednesday,22.62,Grade Celsius,
0,0.00,W/m^2,1:03:21,28/6/17,Day of week:,Wednesday,22.62,Grade Celsius,
0,0.00,W/m^2,1:03:24,28/6/17,Day of week:,Wednesday,22.62,Grade Celsius,
0,0.00,W/m^2,1:03:27,28/6/17,Day of week:,Wednesday,22.62,Grade Celsius,
0,0.00,W/m^2,1:03:30,28/6/17,Day of week:,Wednesday,22.62,Grade Celsius,
0,0.00,W/m^2,1:03:33,28/6/17,Day of week:,Wednesday,22.62,Grade Celsius,
0,0.00,W/m^2,1:03:36,28/6/17,Day of week:,Wednesday,22.62,Grade Celsius,
0,0.00,W/m^2,1:03:39,28/6/17,Day of week:,Wednesday,22.56,Grade Celsius,
0,0.00,W/m^2,1:03:42,28/6/17,Day of week:,Wednesday,22.56,Grade Celsius,
0,0.00,W/m^2,1:03:45,28/6/17,Day of week:,Wednesday,22.56,Grade Celsius,
0,0.00,W/m^2,1:03:48,28/6/17,Day of week:,Wednesday,22.56,Grade Celsius,
0,0.00,W/m^2,1:03:51,28/6/17,Day of week:,Wednesday,22.56,Grade Celsius,
0,0.00,W/m^2,1:03:54,28/6/17,Day of week:,Wednesday,22.56,Grade Celsius,
0,0.00,W/m^2,1:03:57,28/6/17,Day of week:,Wednesday,22.56,Grade Celsius,
0,0.00,W/m^2,1:04:01,28/6/17,Day of week:,Wednesday,22.56,Grade Celsius,
0,0.00,W/m^2,1:04:04,28/6/17,Day of week:,Wednesday,22.56,Grade Celsius,
0,0.00,W/m^2,1:04:07,28/6/17,Day of week:,Wednesday,22.56,Grade Celsius,
0,0.00,W/m^2,1:04:10,28/6/17,Day of week:,Wednesday,22.62,Grade Celsius,
0,0.00,W/m^2,1:04:13,28/6/17,Day of week:,Wednesday,22.62,Grade Celsius,
0,0.00,W/m^2,1:04:16,28/6/17,Day of week:,Wednesday,22.62,Grade Celsius,
0,0.00,W/m^2,1:04:19,28/6/17,Day of week:,Wednesday,22.62,Grade Celsius,
0,0.00,W/m^2,1:04:22,28/6/17,Day of week:,Wednesday,22.62,Grade Celsius,
0,0.00,W/m^2,1:04:25,28/6/17,Day of week:,Wednesday,22.62,Grade Celsius,
0,0.00,W/m^2,1:04:28,28/6/17,Day of week:,Wednesday,22.62,Grade Celsius,
0,0.00,W/m^2,1:04:31,28/6/17,Day of week:,Wednesday,22.62,Grade Celsius,
0,0.00,W/m^2,1:04:34,28/6/17,Day of week:,Wednesday,22.56,Grade Celsius,
0,0.00,W/m^2,1:04:37,28/6/17,Day of week:,Wednesday,22.62,Grade Celsius,
0,0.00,W/m^2,1:04:40,28/6/17,Day of week:,Wednesday,22.62,Grade Celsius,
0,0.00,W/m^2,1:04:43,28/6/17,Day of week:,Wednesday,22.62,Grade Celsius,
0,0.00,W/m^2,1:04:46,28/6/17,Day of week:,Wednesday,22.62,Grade Celsius,
0,0.00,W/m^2,1:04:50,28/6/17,Day of week:,Wednesday,22.62,Grade Celsius,
0,0.00,W/m^2,1:04:53,28/6/17,Day of week:,Wednesday,22.56,Grade Celsius,
0,0.00,W/m^2,1:04:56,28/6/17,Day of week:,Wednesday,22.62,Grade Celsius,
0,0.00,W/m^2,1:04:59,28/6/17,Day of week:,Wednesday,22.56,Grade Celsius,
0,0.00,W/m^2,1:05:02,28/6/17,Day of week:,Wednesday,22.62,Grade Celsius,
0,0.00,W/m^2,1:05:05,28/6/17,Day of week:,Wednesday,22.56,Grade Celsius,
0,0.00,W/m^2,1:05:08,28/6/17,Day of week:,Wednesday,22.56,Grade Celsius,
0,0.00,W/m^2,1:05:11,28/6/17,Day of week:,Wednesday,22.56,Grade Celsius,
0,0.00,W/m^2,1:05:14,28/6/17,Day of week:,Wednesday,22.56,Grade Celsius,
0,0.00,W/m^2,1:05:17,28/6/17,Day of week:,Wednesday,22.56,Grade Celsius,
0,0.00,W/m^2,1:05:20,28/6/17,Day of week:,Wednesday,22.50,Grade Celsius,
0,0.00,W/m^2,1:05:23,28/6/17,Day of week:,Wednesday,22.56,Grade Celsius,
0,0.00,W/m^2,1:05:26,28/6/17,Day of week:,Wednesday,22.50,Grade Celsius,
0,0.00,W/m^2,1:05:29,28/6/17,Day of week:,Wednesday,22.56,Grade Celsius,
0,0.00,W/m^2,1:05:32,28/6/17,Day of week:,Wednesday,22.56,Grade Celsius,
0,0.00,W/m^2,1:05:35,28/6/17,Day of week:,Wednesday,22.56,Grade Celsius,
0,0.00,W/m^2,1:05:38,28/6/17,Day of week:,Wednesday,22.56,Grade Celsius,
0,0.00,W/m^2,1:05:42,28/6/17,Day of week:,Wednesday,22.56,Grade Celsius,
0,0.00,W/m^2,1:05:45,28/6/17,Day of week:,Wednesday,22.50,Grade Celsius,
0,0.00,W/m^2,1:05:48,28/6/17,Day of week:,Wednesday,22.56,Grade Celsius,
0,0.00,W/m^2,1:05:51,28/6/17,Day of week:,Wednesday,22.56,Grade Celsius,
0,0.00,W/m^2,1:05:54,28/6/17,Day of week:,Wednesday,22.50,Grade Celsius,
0,0.00,W/m^2,1:05:57,28/6/17,Day of week:,Wednesday,22.50,Grade Celsius,
0,0.00,W/m^2,1:06:00,28/6/17,Day of week:,Wednesday,22.56,Grade Celsius,
0,0.00,W/m^2,1:06:03,28/6/17,Day of week:,Wednesday,22.50,Grade Celsius,
0,0.00,W/m^2,1:06:06,28/6/17,Day of week:,Wednesday,22.50,Grade Celsius,
0,0.00,W/m^2,1:06:09,28/6/17,Day of week:,Wednesday,22.50,Grade Celsius,
0,0.00,W/m^2,1:06:12,28/6/17,Day of week:,Wednesday,22.50,Grade Celsius,
0,0.00,W/m^2,1:06:15,28/6/17,Day of week:,Wednesday,22.50,Grade Celsius,
0,0.00,W/m^2,1:06:18,28/6/17,Day of week:,Wednesday,22.50,Grade Celsius,
0,0.00,W/m^2,1:06:21,28/6/17,Day of week:,Wednesday,22.50,Grade Celsius,
0,0.00,W/m^2,1:06:24,28/6/17,Day of week:,Wednesday,22.50,Grade Celsius,
0,0.00,W/m^2,1:06:27,28/6/17,Day of week:,Wednesday,22.50,Grade Celsius,
0,0.00,W/m^2,1:06:30,28/6/17,Day of week:,Wednesday,22.50,Grade Celsius,
0,0.00,W/m^2,1:06:34,28/6/17,Day of week:,Wednesday,22.50,Grade Celsius,
0,0.00,W/m^2,1:06:37,28/6/17,Day of week:,Wednesday,22.50,Grade Celsius,
0,0.00,W/m^2,1:06:40,28/6/17,Day of week:,Wednesday,22.50,Grade Celsius,
0,0.00,W/m^2,1:06:43,28/6/17,Day of week:,Wednesday,22.50,Grade Celsius,
0,0.00,W/m^2,1:06:46,28/6/17,Day of week:,Wednesday,22.50,Grade Celsius,
0,0.00,W/m^2,1:06:49,28/6/17,Day of week:,Wednesday,22.50,Grade Celsius,
0,0.00,W/m^2,1:06:52,28/6/17,Day of week:,Wednesday,22.50,Grade Celsius,
0,0.00,W/m^2,1:06:55,28/6/17,Day of week:,Wednesday,22.50,Grade Celsius,
0,0.00,W/m^2,1:06:58,28/6/17,Day of week:,Wednesday,22.50,Grade Celsius,
0,0.00,W/m^2,1:07:01,28/6/17,Day of week:,Wednesday,22.50,Grade Celsius,
0,0.00,W/m^2,1:07:04,28/6/17,Day of week:,Wednesday,22.50,Grade Celsius,
0,0.00,W/m^2,1:07:07,28/6/17,Day of week:,Wednesday,22.50,Grade Celsius,
0,0.00,W/m^2,1:07:10,28/6/17,Day of week:,Wednesday,22.50,Grade Celsius,
0,0.00,W/m^2,1:07:13,28/6/17,Day of week:,Wednesday,22.50,Grade Celsius,
0,0.00,W/m^2,1:07:16,28/6/17,Day of week:,Wednesday,22.50,Grade Celsius,
0,0.00,W/m^2,1:07:19,28/6/17,Day of week:,Wednesday,22.50,Grade Celsius,
0,0.00,W/m^2,1:07:22,28/6/17,Day of week:,Wednesday,22.50,Grade Celsius,
0,0.00,W/m^2,1:07:26,28/6/17,Day of week:,Wednesday,22.50,Grade Celsius,
0,0.00,W/m^2,1:07:29,28/6/17,Day of week:,Wednesday,22.50,Grade Celsius,
0,0.00,W/m^2,1:07:32,28/6/17,Day of week:,Wednesday,22.50,Grade Celsius,
0,0.00,W/m^2,1:07:35,28/6/17,Day of week:,Wednesday,22.50,Grade Celsius,
0,0.00,W/m^2,1:07:38,28/6/17,Day of week:,Wednesday,22.50,Grade Celsius,
0,0.00,W/m^2,1:07:41,28/6/17,Day of week:,Wednesday,22.50,Grade Celsius,
0,0.00,W/m^2,1:07:44,28/6/17,Day of week:,Wednesday,22.50,Grade Celsius,
0,0.00,W/m^2,1:07:47,28/6/17,Day of week:,Wednesday,22.50,Grade Celsius,
0,0.00,W/m^2,1:07:50,28/6/17,Day of week:,Wednesday,22.44,Grade Celsius,
0,0.00,W/m^2,1:07:53,28/6/17,Day of week:,Wednesday,22.50,Grade Celsius,
0,0.00,W/m^2,1:07:56,28/6/17,Day of week:,Wednesday,22.44,Grade Celsius,
0,0.00,W/m^2,1:07:59,28/6/17,Day of week:,Wednesday,22.44,Grade Celsius,
0,0.00,W/m^2,1:08:02,28/6/17,Day of week:,Wednesday,22.44,Grade Celsius,
0,0.00,W/m^2,1:08:05,28/6/17,Day of week:,Wednesday,22.44,Grade Celsius,
0,0.00,W/m^2,1:08:08,28/6/17,Day of week:,Wednesday,22.37,Grade Celsius,
0,0.00,W/m^2,1:08:12,28/6/17,Day of week:,Wednesday,22.37,Grade Celsius,
0,0.00,W/m^2,1:08:15,28/6/17,Day of week:,Wednesday,22.37,Grade Celsius,
0,0.00,W/m^2,1:08:18,28/6/17,Day of week:,Wednesday,22.37,Grade Celsius,
0,0.00,W/m^2,1:08:21,28/6/17,Day of week:,Wednesday,22.37,Grade Celsius,
0,0.00,W/m^2,1:08:24,28/6/17,Day of week:,Wednesday,22.31,Grade Celsius,
0,0.00,W/m^2,1:08:27,28/6/17,Day of week:,Wednesday,22.37,Grade Celsius,
0,0.00,W/m^2,1:08:30,28/6/17,Day of week:,Wednesday,22.37,Grade Celsius,
0,0.00,W/m^2,1:08:33,28/6/17,Day of week:,Wednesday,22.37,Grade Celsius,
0,0.00,W/m^2,1:08:36,28/6/17,Day of week:,Wednesday,22.37,Grade Celsius,
0,0.00,W/m^2,1:08:39,28/6/17,Day of week:,Wednesday,22.37,Grade Celsius,
0,0.00,W/m^2,1:08:42,28/6/17,Day of week:,Wednesday,22.37,Grade Celsius,
0,0.00,W/m^2,1:08:45,28/6/17,Day of week:,Wednesday,22.37,Grade Celsius,
0,0.00,W/m^2,1:08:48,28/6/17,Day of week:,Wednesday,22.37,Grade Celsius,
0,0.00,W/m^2,1:08:51,28/6/17,Day of week:,Wednesday,22.37,Grade Celsius,
0,0.00,W/m^2,1:08:54,28/6/17,Day of week:,Wednesday,22.37,Grade Celsius,
0,0.00,W/m^2,1:08:57,28/6/17,Day of week:,Wednesday,22.31,Grade Celsius,
0,0.00,W/m^2,1:09:00,28/6/17,Day of week:,Wednesday,22.37,Grade Celsius,
0,0.00,W/m^2,1:09:04,28/6/17,Day of week:,Wednesday,22.37,Grade Celsius,
0,0.00,W/m^2,1:09:07,28/6/17,Day of week:,Wednesday,22.31,Grade Celsius,
0,0.00,W/m^2,1:09:10,28/6/17,Day of week:,Wednesday,22.31,Grade Celsius,
0,0.00,W/m^2,1:09:13,28/6/17,Day of week:,Wednesday,22.37,Grade Celsius,
0,0.00,W/m^2,1:09:16,28/6/17,Day of week:,Wednesday,22.37,Grade Celsius,
0,0.00,W/m^2,1:09:19,28/6/17,Day of week:,Wednesday,22.37,Grade Celsius,
0,0.00,W/m^2,1:09:22,28/6/17,Day of week:,Wednesday,22.37,Grade Celsius,
0,0.00,W/m^2,1:09:25,28/6/17,Day of week:,Wednesday,22.37,Grade Celsius,
0,0.00,W/m^2,1:09:28,28/6/17,Day of week:,Wednesday,22.37,Grade Celsius,
0,0.00,W/m^2,1:09:31,28/6/17,Day of week:,Wednesday,22.37,Grade Celsius,
0,0.00,W/m^2,1:09:34,28/6/17,Day of week:,Wednesday,22.37,Grade Celsius,
0,0.00,W/m^2,1:09:37,28/6/17,Day of week:,Wednesday,22.37,Grade Celsius,
0,0.00,W/m^2,1:09:40,28/6/17,Day of week:,Wednesday,22.37,Grade Celsius,
0,0.00,W/m^2,1:09:43,28/6/17,Day of week:,Wednesday,22.37,Grade Celsius,
0,0.00,W/m^2,1:09:46,28/6/17,Day of week:,Wednesday,22.37,Grade Celsius,
0,0.00,W/m^2,1:09:49,28/6/17,Day of week:,Wednesday,22.37,Grade Celsius,
0,0.00,W/m^2,1:09:53,28/6/17,Day of week:,Wednesday,22.37,Grade Celsius,
0,0.00,W/m^2,1:09:56,28/6/17,Day of week:,Wednesday,22.37,Grade Celsius,
0,0.00,W/m^2,1:09:59,28/6/17,Day of week:,Wednesday,22.37,Grade Celsius,
0,0.00,W/m^2,1:10:02,28/6/17,Day of week:,Wednesday,22.37,Grade Celsius,
0,0.00,W/m^2,1:10:05,28/6/17,Day of week:,Wednesday,22.37,Grade Celsius,
0,0.00,W/m^2,1:10:08,28/6/17,Day of week:,Wednesday,22.37,Grade Celsius,
0,0.00,W/m^2,1:10:11,28/6/17,Day of week:,Wednesday,22.44,Grade Celsius,
0,0.00,W/m^2,1:10:14,28/6/17,Day of week:,Wednesday,22.44,Grade Celsius,
0,0.00,W/m^2,1:10:17,28/6/17,Day of week:,Wednesday,22.44,Grade Celsius,
0,0.00,W/m^2,1:10:20,28/6/17,Day of week:,Wednesday,22.44,Grade Celsius,
0,0.00,W/m^2,1:10:23,28/6/17,Day of week:,Wednesday,22.37,Grade Celsius,
0,0.00,W/m^2,1:10:26,28/6/17,Day of week:,Wednesday,22.37,Grade Celsius,
0,0.00,W/m^2,1:10:29,28/6/17,Day of week:,Wednesday,22.44,Grade Celsius,
0,0.00,W/m^2,1:10:32,28/6/17,Day of week:,Wednesday,22.37,Grade Celsius,
0,0.00,W/m^2,1:10:35,28/6/17,Day of week:,Wednesday,22.37,Grade Celsius,
0,0.00,W/m^2,1:10:38,28/6/17,Day of week:,Wednesday,22.37,Grade Celsius,
0,0.00,W/m^2,1:10:41,28/6/17,Day of week:,Wednesday,22.37,Grade Celsius,
0,0.00,W/m^2,1:10:45,28/6/17,Day of week:,Wednesday,22.37,Grade Celsius,
0,0.00,W/m^2,1:10:48,28/6/17,Day of week:,Wednesday,22.37,Grade Celsius,
0,0.00,W/m^2,1:10:51,28/6/17,Day of week:,Wednesday,22.37,Grade Celsius,
0,0.00,W/m^2,1:10:54,28/6/17,Day of week:,Wednesday,22.37,Grade Celsius,
0,0.00,W/m^2,1:10:57,28/6/17,Day of week:,Wednesday,22.37,Grade Celsius,
0,0.00,W/m^2,1:11:00,28/6/17,Day of week:,Wednesday,22.37,Grade Celsius,
0,0.00,W/m^2,1:11:03,28/6/17,Day of week:,Wednesday,22.37,Grade Celsius,
0,0.00,W/m^2,1:11:06,28/6/17,Day of week:,Wednesday,22.37,Grade Celsius,
0,0.00,W/m^2,1:11:09,28/6/17,Day of week:,Wednesday,22.37,Grade Celsius,
0,0.00,W/m^2,1:11:12,28/6/17,Day of week:,Wednesday,22.37,Grade Celsius,
0,0.00,W/m^2,1:11:15,28/6/17,Day of week:,Wednesday,22.37,Grade Celsius,
0,0.00,W/m^2,1:11:18,28/6/17,Day of week:,Wednesday,22.37,Grade Celsius,
0,0.00,W/m^2,1:11:21,28/6/17,Day of week:,Wednesday,22.37,Grade Celsius,
0,0.00,W/m^2,1:11:24,28/6/17,Day of week:,Wednesday,22.37,Grade Celsius,
0,0.00,W/m^2,1:11:27,28/6/17,Day of week:,Wednesday,22.37,Grade Celsius,
0,0.00,W/m^2,1:11:30,28/6/17,Day of week:,Wednesday,22.37,Grade Celsius,
0,0.00,W/m^2,1:11:33,28/6/17,Day of week:,Wednesday,22.37,Grade Celsius,
0,0.00,W/m^2,1:11:37,28/6/17,Day of week:,Wednesday,22.37,Grade Celsius,
0,0.00,W/m^2,1:11:40,28/6/17,Day of week:,Wednesday,22.37,Grade Celsius,
0,0.00,W/m^2,1:11:43,28/6/17,Day of week:,Wednesday,22.37,Grade Celsius,
0,0.00,W/m^2,1:11:46,28/6/17,Day of week:,Wednesday,22.37,Grade Celsius,
0,0.00,W/m^2,1:11:49,28/6/17,Day of week:,Wednesday,22.37,Grade Celsius,
0,0.00,W/m^2,1:11:52,28/6/17,Day of week:,Wednesday,22.37,Grade Celsius,
0,0.00,W/m^2,1:11:55,28/6/17,Day of week:,Wednesday,22.37,Grade Celsius,
0,0.00,W/m^2,1:11:58,28/6/17,Day of week:,Wednesday,22.37,Grade Celsius,
0,0.00,W/m^2,1:12:01,28/6/17,Day of week:,Wednesday,22.37,Grade Celsius,
0,0.00,W/m^2,1:12:04,28/6/17,Day of week:,Wednesday,22.31,Grade Celsius,
0,0.00,W/m^2,1:12:07,28/6/17,Day of week:,Wednesday,22.31,Grade Celsius,
0,0.00,W/m^2,1:12:10,28/6/17,Day of week:,Wednesday,22.31,Grade Celsius,
0,0.00,W/m^2,1:12:13,28/6/17,Day of week:,Wednesday,22.31,Grade Celsius,
0,0.00,W/m^2,1:12:16,28/6/17,Day of week:,Wednesday,22.31,Grade Celsius,
0,0.00,W/m^2,1:12:19,28/6/17,Day of week:,Wednesday,22.31,Grade Celsius,
0,0.00,W/m^2,1:12:22,28/6/17,Day of week:,Wednesday,22.31,Grade Celsius,
0,0.00,W/m^2,1:12:25,28/6/17,Day of week:,Wednesday,22.31,Grade Celsius,
0,0.00,W/m^2,1:12:29,28/6/17,Day of week:,Wednesday,22.31,Grade Celsius,
0,0.00,W/m^2,1:12:32,28/6/17,Day of week:,Wednesday,22.31,Grade Celsius,
0,0.00,W/m^2,1:12:35,28/6/17,Day of week:,Wednesday,22.31,Grade Celsius,
0,0.00,W/m^2,1:12:38,28/6/17,Day of week:,Wednesday,22.31,Grade Celsius,
0,0.00,W/m^2,1:12:41,28/6/17,Day of week:,Wednesday,22.31,Grade Celsius,
0,0.00,W/m^2,1:12:44,28/6/17,Day of week:,Wednesday,22.31,Grade Celsius,
0,0.00,W/m^2,1:12:47,28/6/17,Day of week:,Wednesday,22.31,Grade Celsius,
0,0.00,W/m^2,1:12:50,28/6/17,Day of week:,Wednesday,22.37,Grade Celsius,
0,0.00,W/m^2,1:12:53,28/6/17,Day of week:,Wednesday,22.31,Grade Celsius,
0,0.00,W/m^2,1:12:56,28/6/17,Day of week:,Wednesday,22.37,Grade Celsius,
0,0.00,W/m^2,1:12:59,28/6/17,Day of week:,Wednesday,22.37,Grade Celsius,
0,0.00,W/m^2,1:13:02,28/6/17,Day of week:,Wednesday,22.37,Grade Celsius,
0,0.00,W/m^2,1:13:05,28/6/17,Day of week:,Wednesday,22.37,Grade Celsius,
0,0.00,W/m^2,1:13:08,28/6/17,Day of week:,Wednesday,22.37,Grade Celsius,
0,0.00,W/m^2,1:13:11,28/6/17,Day of week:,Wednesday,22.31,Grade Celsius,
0,0.00,W/m^2,1:13:14,28/6/17,Day of week:,Wednesday,22.37,Grade Celsius,
0,0.00,W/m^2,1:13:17,28/6/17,Day of week:,Wednesday,22.37,Grade Celsius,
0,0.00,W/m^2,1:13:21,28/6/17,Day of week:,Wednesday,22.37,Grade Celsius,
0,0.00,W/m^2,1:13:24,28/6/17,Day of week:,Wednesday,22.37,Grade Celsius,
0,0.00,W/m^2,1:13:27,28/6/17,Day of week:,Wednesday,22.31,Grade Celsius,
0,0.00,W/m^2,1:13:30,28/6/17,Day of week:,Wednesday,22.31,Grade Celsius,
0,0.00,W/m^2,1:13:33,28/6/17,Day of week:,Wednesday,22.31,Grade Celsius,
0,0.00,W/m^2,1:13:36,28/6/17,Day of week:,Wednesday,22.31,Grade Celsius,
0,0.00,W/m^2,1:13:39,28/6/17,Day of week:,Wednesday,22.31,Grade Celsius,
0,0.00,W/m^2,1:13:42,28/6/17,Day of week:,Wednesday,22.31,Grade Celsius,
0,0.00,W/m^2,1:13:45,28/6/17,Day of week:,Wednesday,22.31,Grade Celsius,
0,0.00,W/m^2,1:13:48,28/6/17,Day of week:,Wednesday,22.31,Grade Celsius,
0,0.00,W/m^2,1:13:51,28/6/17,Day of week:,Wednesday,22.31,Grade Celsius,
0,0.00,W/m^2,1:13:54,28/6/17,Day of week:,Wednesday,22.31,Grade Celsius,
0,0.00,W/m^2,1:13:57,28/6/17,Day of week:,Wednesday,22.31,Grade Celsius,
0,0.00,W/m^2,1:14:00,28/6/17,Day of week:,Wednesday,22.31,Grade Celsius,
0,0.00,W/m^2,1:14:04,28/6/17,Day of week:,Wednesday,22.31,Grade Celsius,
0,0.00,W/m^2,1:14:07,28/6/17,Day of week:,Wednesday,22.31,Grade Celsius,
0,0.00,W/m^2,1:14:10,28/6/17,Day of week:,Wednesday,22.31,Grade Celsius,
0,0.00,W/m^2,1:14:13,28/6/17,Day of week:,Wednesday,22.31,Grade Celsius,
0,0.00,W/m^2,1:14:16,28/6/17,Day of week:,Wednesday,22.31,Grade Celsius,
0,0.00,W/m^2,1:14:19,28/6/17,Day of week:,Wednesday,22.31,Grade Celsius,
0,0.00,W/m^2,1:14:22,28/6/17,Day of week:,Wednesday,22.31,Grade Celsius,
0,0.00,W/m^2,1:14:25,28/6/17,Day of week:,Wednesday,22.31,Grade Celsius,
0,0.00,W/m^2,1:14:28,28/6/17,Day of week:,Wednesday,22.31,Grade Celsius,
0,0.00,W/m^2,1:14:31,28/6/17,Day of week:,Wednesday,22.31,Grade Celsius,
0,0.00,W/m^2,1:14:34,28/6/17,Day of week:,Wednesday,22.31,Grade Celsius,
0,0.00,W/m^2,1:14:37,28/6/17,Day of week:,Wednesday,22.31,Grade Celsius,
0,0.00,W/m^2,1:14:40,28/6/17,Day of week:,Wednesday,22.31,Grade Celsius,
0,0.00,W/m^2,1:14:43,28/6/17,Day of week:,Wednesday,22.31,Grade Celsius,
0,0.00,W/m^2,1:14:46,28/6/17,Day of week:,Wednesday,22.31,Grade Celsius,
0,0.00,W/m^2,1:14:49,28/6/17,Day of week:,Wednesday,22.31,Grade Celsius,
0,0.00,W/m^2,1:14:53,28/6/17,Day of week:,Wednesday,22.31,Grade Celsius,
0,0.00,W/m^2,1:14:56,28/6/17,Day of week:,Wednesday,22.31,Grade Celsius,
0,0.00,W/m^2,1:14:59,28/6/17,Day of week:,Wednesday,22.31,Grade Celsius,
0,0.00,W/m^2,1:15:02,28/6/17,Day of week:,Wednesday,22.31,Grade Celsius,
0,0.00,W/m^2,1:15:05,28/6/17,Day of week:,Wednesday,22.31,Grade Celsius,
0,0.00,W/m^2,1:15:08,28/6/17,Day of week:,Wednesday,22.31,Grade Celsius,
0,0.00,W/m^2,1:15:11,28/6/17,Day of week:,Wednesday,22.37,Grade Celsius,
0,0.00,W/m^2,1:15:14,28/6/17,Day of week:,Wednesday,22.37,Grade Celsius,
0,0.00,W/m^2,1:15:17,28/6/17,Day of week:,Wednesday,22.31,Grade Celsius,
0,0.00,W/m^2,1:15:20,28/6/17,Day of week:,Wednesday,22.31,Grade Celsius,
0,0.00,W/m^2,1:15:23,28/6/17,Day of week:,Wednesday,22.31,Grade Celsius,
0,0.00,W/m^2,1:15:26,28/6/17,Day of week:,Wednesday,22.31,Grade Celsius,
0,0.00,W/m^2,1:15:29,28/6/17,Day of week:,Wednesday,22.31,Grade Celsius,
0,0.00,W/m^2,1:15:32,28/6/17,Day of week:,Wednesday,22.31,Grade Celsius,
0,0.00,W/m^2,1:15:35,28/6/17,Day of week:,Wednesday,22.31,Grade Celsius,
0,0.00,W/m^2,1:15:38,28/6/17,Day of week:,Wednesday,22.31,Grade Celsius,
0,0.00,W/m^2,1:15:41,28/6/17,Day of week:,Wednesday,22.31,Grade Celsius,
0,0.00,W/m^2,1:15:45,28/6/17,Day of week:,Wednesday,22.31,Grade Celsius,
0,0.00,W/m^2,1:15:48,28/6/17,Day of week:,Wednesday,22.31,Grade Celsius,
0,0.00,W/m^2,1:15:51,28/6/17,Day of week:,Wednesday,22.31,Grade Celsius,
0,0.00,W/m^2,1:15:54,28/6/17,Day of week:,Wednesday,22.31,Grade Celsius,
0,0.00,W/m^2,1:15:57,28/6/17,Day of week:,Wednesday,22.31,Grade Celsius,
0,0.00,W/m^2,1:16:00,28/6/17,Day of week:,Wednesday,22.31,Grade Celsius,
0,0.00,W/m^2,1:16:03,28/6/17,Day of week:,Wednesday,22.31,Grade Celsius,
0,0.00,W/m^2,1:16:06,28/6/17,Day of week:,Wednesday,22.31,Grade Celsius,
0,0.00,W/m^2,1:16:09,28/6/17,Day of week:,Wednesday,22.31,Grade Celsius,
0,0.00,W/m^2,1:16:12,28/6/17,Day of week:,Wednesday,22.31,Grade Celsius,
0,0.00,W/m^2,1:16:15,28/6/17,Day of week:,Wednesday,22.31,Grade Celsius,
0,0.00,W/m^2,1:16:18,28/6/17,Day of week:,Wednesday,22.31,Grade Celsius,
0,0.00,W/m^2,1:16:21,28/6/17,Day of week:,Wednesday,22.31,Grade Celsius,
0,0.00,W/m^2,1:16:24,28/6/17,Day of week:,Wednesday,22.31,Grade Celsius,
0,0.00,W/m^2,1:16:27,28/6/17,Day of week:,Wednesday,22.31,Grade Celsius,
0,0.00,W/m^2,1:16:30,28/6/17,Day of week:,Wednesday,22.31,Grade Celsius,
0,0.00,W/m^2,1:16:33,28/6/17,Day of week:,Wednesday,22.31,Grade Celsius,
0,0.00,W/m^2,1:16:37,28/6/17,Day of week:,Wednesday,22.31,Grade Celsius,
0,0.00,W/m^2,1:16:40,28/6/17,Day of week:,Wednesday,22.31,Grade Celsius,
0,0.00,W/m^2,1:16:43,28/6/17,Day of week:,Wednesday,22.25,Grade Celsius,
0,0.00,W/m^2,1:16:46,28/6/17,Day of week:,Wednesday,22.25,Grade Celsius,
0,0.00,W/m^2,1:16:49,28/6/17,Day of week:,Wednesday,22.25,Grade Celsius,
0,0.00,W/m^2,1:16:52,28/6/17,Day of week:,Wednesday,22.25,Grade Celsius,
0,0.00,W/m^2,1:16:55,28/6/17,Day of week:,Wednesday,22.25,Grade Celsius,
0,0.00,W/m^2,1:16:58,28/6/17,Day of week:,Wednesday,22.25,Grade Celsius,
0,0.00,W/m^2,1:17:01,28/6/17,Day of week:,Wednesday,22.25,Grade Celsius,
0,0.00,W/m^2,1:17:04,28/6/17,Day of week:,Wednesday,22.25,Grade Celsius,
0,0.00,W/m^2,1:17:07,28/6/17,Day of week:,Wednesday,22.25,Grade Celsius,
0,0.00,W/m^2,1:17:10,28/6/17,Day of week:,Wednesday,22.25,Grade Celsius,
0,0.00,W/m^2,1:17:13,28/6/17,Day of week:,Wednesday,22.25,Grade Celsius,
0,0.00,W/m^2,1:17:16,28/6/17,Day of week:,Wednesday,22.25,Grade Celsius,
0,0.00,W/m^2,1:17:19,28/6/17,Day of week:,Wednesday,22.25,Grade Celsius,
0,0.00,W/m^2,1:17:22,28/6/17,Day of week:,Wednesday,22.25,Grade Celsius,
0,0.00,W/m^2,1:17:25,28/6/17,Day of week:,Wednesday,22.25,Grade Celsius,
0,0.00,W/m^2,1:17:29,28/6/17,Day of week:,Wednesday,22.25,Grade Celsius,
0,0.00,W/m^2,1:17:32,28/6/17,Day of week:,Wednesday,22.25,Grade Celsius,
0,0.00,W/m^2,1:17:35,28/6/17,Day of week:,Wednesday,22.25,Grade Celsius,
0,0.00,W/m^2,1:17:38,28/6/17,Day of week:,Wednesday,22.25,Grade Celsius,
0,0.00,W/m^2,1:17:41,28/6/17,Day of week:,Wednesday,22.25,Grade Celsius,
0,0.00,W/m^2,1:17:44,28/6/17,Day of week:,Wednesday,22.25,Grade Celsius,
0,0.00,W/m^2,1:17:47,28/6/17,Day of week:,Wednesday,22.25,Grade Celsius,
0,0.00,W/m^2,1:17:50,28/6/17,Day of week:,Wednesday,22.25,Grade Celsius,
0,0.00,W/m^2,1:17:53,28/6/17,Day of week:,Wednesday,22.25,Grade Celsius,
0,0.00,W/m^2,1:17:56,28/6/17,Day of week:,Wednesday,22.25,Grade Celsius,
0,0.00,W/m^2,1:17:59,28/6/17,Day of week:,Wednesday,22.25,Grade Celsius,
0,0.00,W/m^2,1:18:02,28/6/17,Day of week:,Wednesday,22.25,Grade Celsius,
0,0.00,W/m^2,1:18:05,28/6/17,Day of week:,Wednesday,22.25,Grade Celsius,
0,0.00,W/m^2,1:18:08,28/6/17,Day of week:,Wednesday,22.25,Grade Celsius,
0,0.00,W/m^2,1:18:11,28/6/17,Day of week:,Wednesday,22.25,Grade Celsius,
0,0.00,W/m^2,1:18:14,28/6/17,Day of week:,Wednesday,22.25,Grade Celsius,
0,0.00,W/m^2,1:18:18,28/6/17,Day of week:,Wednesday,22.25,Grade Celsius,
0,0.00,W/m^2,1:18:21,28/6/17,Day of week:,Wednesday,22.25,Grade Celsius,
0,0.00,W/m^2,1:18:24,28/6/17,Day of week:,Wednesday,22.25,Grade Celsius,
0,0.00,W/m^2,1:18:27,28/6/17,Day of week:,Wednesday,22.25,Grade Celsius,
0,0.00,W/m^2,1:18:30,28/6/17,Day of week:,Wednesday,22.25,Grade Celsius,
0,0.00,W/m^2,1:18:33,28/6/17,Day of week:,Wednesday,22.25,Grade Celsius,
0,0.00,W/m^2,1:18:36,28/6/17,Day of week:,Wednesday,22.25,Grade Celsius,
0,0.00,W/m^2,1:18:39,28/6/17,Day of week:,Wednesday,22.25,Grade Celsius,
0,0.00,W/m^2,1:18:42,28/6/17,Day of week:,Wednesday,22.25,Grade Celsius,
0,0.00,W/m^2,1:18:45,28/6/17,Day of week:,Wednesday,22.19,Grade Celsius,
0,0.00,W/m^2,1:18:48,28/6/17,Day of week:,Wednesday,22.19,Grade Celsius,
0,0.00,W/m^2,1:18:51,28/6/17,Day of week:,Wednesday,22.19,Grade Celsius,
0,0.00,W/m^2,1:18:54,28/6/17,Day of week:,Wednesday,22.25,Grade Celsius,
0,0.00,W/m^2,1:18:57,28/6/17,Day of week:,Wednesday,22.19,Grade Celsius,
0,0.00,W/m^2,1:19:00,28/6/17,Day of week:,Wednesday,22.19,Grade Celsius,
0,0.00,W/m^2,1:19:03,28/6/17,Day of week:,Wednesday,22.25,Grade Celsius,
0,0.00,W/m^2,1:19:07,28/6/17,Day of week:,Wednesday,22.25,Grade Celsius,
0,0.00,W/m^2,1:19:10,28/6/17,Day of week:,Wednesday,22.25,Grade Celsius,
0,0.00,W/m^2,1:19:13,28/6/17,Day of week:,Wednesday,22.25,Grade Celsius,
0,0.00,W/m^2,1:19:16,28/6/17,Day of week:,Wednesday,22.25,Grade Celsius,
0,0.00,W/m^2,1:19:19,28/6/17,Day of week:,Wednesday,22.25,Grade Celsius,
0,0.00,W/m^2,1:19:22,28/6/17,Day of week:,Wednesday,22.25,Grade Celsius,
0,0.00,W/m^2,1:19:25,28/6/17,Day of week:,Wednesday,22.25,Grade Celsius,
0,0.00,W/m^2,1:19:28,28/6/17,Day of week:,Wednesday,22.25,Grade Celsius,
0,0.00,W/m^2,1:19:31,28/6/17,Day of week:,Wednesday,22.25,Grade Celsius,
0,0.00,W/m^2,1:19:34,28/6/17,Day of week:,Wednesday,22.25,Grade Celsius,
0,0.00,W/m^2,1:19:37,28/6/17,Day of week:,Wednesday,22.25,Grade Celsius,
0,0.00,W/m^2,1:19:40,28/6/17,Day of week:,Wednesday,22.25,Grade Celsius,
0,0.00,W/m^2,1:19:43,28/6/17,Day of week:,Wednesday,22.25,Grade Celsius,
0,0.00,W/m^2,1:19:46,28/6/17,Day of week:,Wednesday,22.25,Grade Celsius,
0,0.00,W/m^2,1:19:49,28/6/17,Day of week:,Wednesday,22.25,Grade Celsius,
0,0.00,W/m^2,1:19:52,28/6/17,Day of week:,Wednesday,22.25,Grade Celsius,
0,0.00,W/m^2,1:19:55,28/6/17,Day of week:,Wednesday,22.25,Grade Celsius,
0,0.00,W/m^2,1:19:59,28/6/17,Day of week:,Wednesday,22.25,Grade Celsius,
0,0.00,W/m^2,1:20:02,28/6/17,Day of week:,Wednesday,22.25,Grade Celsius,
0,0.00,W/m^2,1:20:05,28/6/17,Day of week:,Wednesday,22.25,Grade Celsius,
0,0.00,W/m^2,1:20:08,28/6/17,Day of week:,Wednesday,22.31,Grade Celsius,
0,0.00,W/m^2,1:20:11,28/6/17,Day of week:,Wednesday,22.31,Grade Celsius,
0,0.00,W/m^2,1:20:14,28/6/17,Day of week:,Wednesday,22.25,Grade Celsius,
0,0.00,W/m^2,1:20:17,28/6/17,Day of week:,Wednesday,22.25,Grade Celsius,
0,0.00,W/m^2,1:20:20,28/6/17,Day of week:,Wednesday,22.25,Grade Celsius,
0,0.00,W/m^2,1:20:23,28/6/17,Day of week:,Wednesday,22.31,Grade Celsius,
0,0.00,W/m^2,1:20:26,28/6/17,Day of week:,Wednesday,22.31,Grade Celsius,
0,0.00,W/m^2,1:20:29,28/6/17,Day of week:,Wednesday,22.31,Grade Celsius,
0,0.00,W/m^2,1:20:32,28/6/17,Day of week:,Wednesday,22.25,Grade Celsius,
0,0.00,W/m^2,1:20:35,28/6/17,Day of week:,Wednesday,22.31,Grade Celsius,
0,0.00,W/m^2,1:20:38,28/6/17,Day of week:,Wednesday,22.25,Grade Celsius,
0,0.00,W/m^2,1:20:41,28/6/17,Day of week:,Wednesday,22.25,Grade Celsius,
0,0.00,W/m^2,1:20:44,28/6/17,Day of week:,Wednesday,22.25,Grade Celsius,
0,0.00,W/m^2,1:20:47,28/6/17,Day of week:,Wednesday,22.25,Grade Celsius,
0,0.00,W/m^2,1:20:51,28/6/17,Day of week:,Wednesday,22.25,Grade Celsius,
0,0.00,W/m^2,1:20:54,28/6/17,Day of week:,Wednesday,22.25,Grade Celsius,
0,0.00,W/m^2,1:20:57,28/6/17,Day of week:,Wednesday,22.25,Grade Celsius,
0,0.00,W/m^2,1:21:00,28/6/17,Day of week:,Wednesday,22.19,Grade Celsius,
0,0.00,W/m^2,1:21:03,28/6/17,Day of week:,Wednesday,22.25,Grade Celsius,
0,0.00,W/m^2,1:21:06,28/6/17,Day of week:,Wednesday,22.25,Grade Celsius,
0,0.00,W/m^2,1:21:09,28/6/17,Day of week:,Wednesday,22.19,Grade Celsius,
0,0.00,W/m^2,1:21:12,28/6/17,Day of week:,Wednesday,22.25,Grade Celsius,
0,0.00,W/m^2,1:21:15,28/6/17,Day of week:,Wednesday,22.25,Grade Celsius,
0,0.00,W/m^2,1:21:18,28/6/17,Day of week:,Wednesday,22.25,Grade Celsius,
0,0.00,W/m^2,1:21:21,28/6/17,Day of week:,Wednesday,22.25,Grade Celsius,
0,0.00,W/m^2,1:21:24,28/6/17,Day of week:,Wednesday,22.19,Grade Celsius,
0,0.00,W/m^2,1:21:27,28/6/17,Day of week:,Wednesday,22.19,Grade Celsius,
0,0.00,W/m^2,1:21:30,28/6/17,Day of week:,Wednesday,22.19,Grade Celsius,
0,0.00,W/m^2,1:21:33,28/6/17,Day of week:,Wednesday,22.12,Grade Celsius,
0,0.00,W/m^2,1:21:36,28/6/17,Day of week:,Wednesday,22.12,Grade Celsius,
0,0.00,W/m^2,1:21:40,28/6/17,Day of week:,Wednesday,22.12,Grade Celsius,
0,0.00,W/m^2,1:21:43,28/6/17,Day of week:,Wednesday,22.12,Grade Celsius,
0,0.00,W/m^2,1:21:46,28/6/17,Day of week:,Wednesday,22.12,Grade Celsius,
0,0.00,W/m^2,1:21:49,28/6/17,Day of week:,Wednesday,22.12,Grade Celsius,
0,0.00,W/m^2,1:21:52,28/6/17,Day of week:,Wednesday,22.19,Grade Celsius,
0,0.00,W/m^2,1:21:55,28/6/17,Day of week:,Wednesday,22.19,Grade Celsius,
0,0.00,W/m^2,1:21:58,28/6/17,Day of week:,Wednesday,22.12,Grade Celsius,
0,0.00,W/m^2,1:22:01,28/6/17,Day of week:,Wednesday,22.12,Grade Celsius,
0,0.00,W/m^2,1:22:04,28/6/17,Day of week:,Wednesday,22.12,Grade Celsius,
0,0.00,W/m^2,1:22:07,28/6/17,Day of week:,Wednesday,22.12,Grade Celsius,
0,0.00,W/m^2,1:22:10,28/6/17,Day of week:,Wednesday,22.12,Grade Celsius,
0,0.00,W/m^2,1:22:13,28/6/17,Day of week:,Wednesday,22.12,Grade Celsius,
0,0.00,W/m^2,1:22:16,28/6/17,Day of week:,Wednesday,22.12,Grade Celsius,
0,0.00,W/m^2,1:22:19,28/6/17,Day of week:,Wednesday,22.12,Grade Celsius,
0,0.00,W/m^2,1:22:22,28/6/17,Day of week:,Wednesday,22.12,Grade Celsius,
0,0.00,W/m^2,1:22:25,28/6/17,Day of week:,Wednesday,22.12,Grade Celsius,
0,0.00,W/m^2,1:22:28,28/6/17,Day of week:,Wednesday,22.12,Grade Celsius,
0,0.00,W/m^2,1:22:32,28/6/17,Day of week:,Wednesday,22.12,Grade Celsius,
0,0.00,W/m^2,1:22:35,28/6/17,Day of week:,Wednesday,22.12,Grade Celsius,
0,0.00,W/m^2,1:22:38,28/6/17,Day of week:,Wednesday,22.12,Grade Celsius,
0,0.00,W/m^2,1:22:41,28/6/17,Day of week:,Wednesday,22.12,Grade Celsius,
0,0.00,W/m^2,1:22:44,28/6/17,Day of week:,Wednesday,22.12,Grade Celsius,
0,0.00,W/m^2,1:22:47,28/6/17,Day of week:,Wednesday,22.12,Grade Celsius,
0,0.00,W/m^2,1:22:50,28/6/17,Day of week:,Wednesday,22.12,Grade Celsius,
0,0.00,W/m^2,1:22:53,28/6/17,Day of week:,Wednesday,22.12,Grade Celsius,
0,0.00,W/m^2,1:22:56,28/6/17,Day of week:,Wednesday,22.12,Grade Celsius,
0,0.00,W/m^2,1:22:59,28/6/17,Day of week:,Wednesday,22.12,Grade Celsius,
0,0.00,W/m^2,1:23:02,28/6/17,Day of week:,Wednesday,22.12,Grade Celsius,
0,0.00,W/m^2,1:23:05,28/6/17,Day of week:,Wednesday,22.12,Grade Celsius,
0,0.00,W/m^2,1:23:08,28/6/17,Day of week:,Wednesday,22.12,Grade Celsius,
0,0.00,W/m^2,1:23:11,28/6/17,Day of week:,Wednesday,22.12,Grade Celsius,
0,0.00,W/m^2,1:23:14,28/6/17,Day of week:,Wednesday,22.12,Grade Celsius,
0,0.00,W/m^2,1:23:17,28/6/17,Day of week:,Wednesday,22.12,Grade Celsius,
0,0.00,W/m^2,1:23:20,28/6/17,Day of week:,Wednesday,22.12,Grade Celsius,
0,0.00,W/m^2,1:23:24,28/6/17,Day of week:,Wednesday,22.12,Grade Celsius,
0,0.00,W/m^2,1:23:27,28/6/17,Day of week:,Wednesday,22.12,Grade Celsius,
0,0.00,W/m^2,1:23:30,28/6/17,Day of week:,Wednesday,22.12,Grade Celsius,
0,0.00,W/m^2,1:23:33,28/6/17,Day of week:,Wednesday,22.12,Grade Celsius,
0,0.00,W/m^2,1:23:36,28/6/17,Day of week:,Wednesday,22.12,Grade Celsius,
0,0.00,W/m^2,1:23:39,28/6/17,Day of week:,Wednesday,22.12,Grade Celsius,
0,0.00,W/m^2,1:23:42,28/6/17,Day of week:,Wednesday,22.19,Grade Celsius,
0,0.00,W/m^2,1:23:45,28/6/17,Day of week:,Wednesday,22.12,Grade Celsius,
0,0.00,W/m^2,1:23:48,28/6/17,Day of week:,Wednesday,22.12,Grade Celsius,
0,0.00,W/m^2,1:23:51,28/6/17,Day of week:,Wednesday,22.12,Grade Celsius,
0,0.00,W/m^2,1:23:54,28/6/17,Day of week:,Wednesday,22.12,Grade Celsius,
0,0.00,W/m^2,1:23:57,28/6/17,Day of week:,Wednesday,22.12,Grade Celsius,
0,0.00,W/m^2,1:24:00,28/6/17,Day of week:,Wednesday,22.12,Grade Celsius,
0,0.00,W/m^2,1:24:03,28/6/17,Day of week:,Wednesday,22.12,Grade Celsius,
0,0.00,W/m^2,1:24:06,28/6/17,Day of week:,Wednesday,22.12,Grade Celsius,
0,0.00,W/m^2,1:24:09,28/6/17,Day of week:,Wednesday,22.12,Grade Celsius,
0,0.00,W/m^2,1:24:12,28/6/17,Day of week:,Wednesday,22.12,Grade Celsius,
0,0.00,W/m^2,1:24:16,28/6/17,Day of week:,Wednesday,22.12,Grade Celsius,
0,0.00,W/m^2,1:24:19,28/6/17,Day of week:,Wednesday,22.12,Grade Celsius,
0,0.00,W/m^2,1:24:22,28/6/17,Day of week:,Wednesday,22.12,Grade Celsius,
0,0.00,W/m^2,1:24:25,28/6/17,Day of week:,Wednesday,22.12,Grade Celsius,
0,0.00,W/m^2,1:24:28,28/6/17,Day of week:,Wednesday,22.12,Grade Celsius,
0,0.00,W/m^2,1:24:31,28/6/17,Day of week:,Wednesday,22.12,Grade Celsius,
0,0.00,W/m^2,1:24:34,28/6/17,Day of week:,Wednesday,22.12,Grade Celsius,
0,0.00,W/m^2,1:24:37,28/6/17,Day of week:,Wednesday,22.12,Grade Celsius,
0,0.00,W/m^2,1:24:40,28/6/17,Day of week:,Wednesday,22.12,Grade Celsius,
0,0.00,W/m^2,1:24:43,28/6/17,Day of week:,Wednesday,22.12,Grade Celsius,
0,0.00,W/m^2,1:24:46,28/6/17,Day of week:,Wednesday,22.12,Grade Celsius,
0,0.00,W/m^2,1:24:49,28/6/17,Day of week:,Wednesday,22.12,Grade Celsius,
0,0.00,W/m^2,1:24:52,28/6/17,Day of week:,Wednesday,22.12,Grade Celsius,
0,0.00,W/m^2,1:24:56,28/6/17,Day of week:,Wednesday,22.12,Grade Celsius,
0,0.00,W/m^2,1:24:59,28/6/17,Day of week:,Wednesday,22.12,Grade Celsius,
0,0.00,W/m^2,1:25:02,28/6/17,Day of week:,Wednesday,22.06,Grade Celsius,
0,0.00,W/m^2,1:25:05,28/6/17,Day of week:,Wednesday,22.06,Grade Celsius,
0,0.00,W/m^2,1:25:08,28/6/17,Day of week:,Wednesday,22.06,Grade Celsius,
0,0.00,W/m^2,1:25:11,28/6/17,Day of week:,Wednesday,22.06,Grade Celsius,
0,0.00,W/m^2,1:25:14,28/6/17,Day of week:,Wednesday,22.06,Grade Celsius,
0,0.00,W/m^2,1:25:17,28/6/17,Day of week:,Wednesday,22.06,Grade Celsius,
0,0.00,W/m^2,1:25:20,28/6/17,Day of week:,Wednesday,22.06,Grade Celsius,
0,0.00,W/m^2,1:25:23,28/6/17,Day of week:,Wednesday,22.06,Grade Celsius,
0,0.00,W/m^2,1:25:26,28/6/17,Day of week:,Wednesday,22.06,Grade Celsius,
0,0.00,W/m^2,1:25:29,28/6/17,Day of week:,Wednesday,22.06,Grade Celsius,
0,0.00,W/m^2,1:25:32,28/6/17,Day of week:,Wednesday,22.06,Grade Celsius,
0,0.00,W/m^2,1:25:35,28/6/17,Day of week:,Wednesday,22.06,Grade Celsius,
0,0.00,W/m^2,1:25:38,28/6/17,Day of week:,Wednesday,22.06,Grade Celsius,
0,0.00,W/m^2,1:25:41,28/6/17,Day of week:,Wednesday,22.06,Grade Celsius,
0,0.00,W/m^2,1:25:44,28/6/17,Day of week:,Wednesday,22.06,Grade Celsius,
0,0.00,W/m^2,1:25:48,28/6/17,Day of week:,Wednesday,22.00,Grade Celsius,
0,0.00,W/m^2,1:25:51,28/6/17,Day of week:,Wednesday,22.00,Grade Celsius,
0,0.00,W/m^2,1:25:54,28/6/17,Day of week:,Wednesday,22.00,Grade Celsius,
0,0.00,W/m^2,1:25:57,28/6/17,Day of week:,Wednesday,22.00,Grade Celsius,
0,0.00,W/m^2,1:26:00,28/6/17,Day of week:,Wednesday,22.00,Grade Celsius,
0,0.00,W/m^2,1:26:03,28/6/17,Day of week:,Wednesday,22.00,Grade Celsius,
0,0.00,W/m^2,1:26:06,28/6/17,Day of week:,Wednesday,22.00,Grade Celsius,
0,0.00,W/m^2,1:26:09,28/6/17,Day of week:,Wednesday,22.00,Grade Celsius,
0,0.00,W/m^2,1:26:12,28/6/17,Day of week:,Wednesday,22.00,Grade Celsius,
0,0.00,W/m^2,1:26:15,28/6/17,Day of week:,Wednesday,22.00,Grade Celsius,
0,0.00,W/m^2,1:26:18,28/6/17,Day of week:,Wednesday,22.00,Grade Celsius,
0,0.00,W/m^2,1:26:21,28/6/17,Day of week:,Wednesday,22.00,Grade Celsius,
0,0.00,W/m^2,1:26:24,28/6/17,Day of week:,Wednesday,22.00,Grade Celsius,
0,0.00,W/m^2,1:26:27,28/6/17,Day of week:,Wednesday,22.00,Grade Celsius,
0,0.00,W/m^2,1:26:30,28/6/17,Day of week:,Wednesday,22.00,Grade Celsius,
0,0.00,W/m^2,1:26:33,28/6/17,Day of week:,Wednesday,22.00,Grade Celsius,
0,0.00,W/m^2,1:26:36,28/6/17,Day of week:,Wednesday,22.00,Grade Celsius,
0,0.00,W/m^2,1:26:40,28/6/17,Day of week:,Wednesday,22.00,Grade Celsius,
0,0.00,W/m^2,1:26:43,28/6/17,Day of week:,Wednesday,22.00,Grade Celsius,
0,0.00,W/m^2,1:26:46,28/6/17,Day of week:,Wednesday,22.00,Grade Celsius,
0,0.00,W/m^2,1:26:49,28/6/17,Day of week:,Wednesday,22.00,Grade Celsius,
0,0.00,W/m^2,1:26:52,28/6/17,Day of week:,Wednesday,22.00,Grade Celsius,
0,0.00,W/m^2,1:26:55,28/6/17,Day of week:,Wednesday,22.00,Grade Celsius,
0,0.00,W/m^2,1:26:58,28/6/17,Day of week:,Wednesday,22.00,Grade Celsius,
0,0.00,W/m^2,1:27:01,28/6/17,Day of week:,Wednesday,22.00,Grade Celsius,
0,0.00,W/m^2,1:27:04,28/6/17,Day of week:,Wednesday,22.00,Grade Celsius,
0,0.00,W/m^2,1:27:07,28/6/17,Day of week:,Wednesday,22.00,Grade Celsius,
0,0.00,W/m^2,1:27:10,28/6/17,Day of week:,Wednesday,22.00,Grade Celsius,
0,0.00,W/m^2,1:27:13,28/6/17,Day of week:,Wednesday,22.00,Grade Celsius,
0,0.00,W/m^2,1:27:16,28/6/17,Day of week:,Wednesday,22.00,Grade Celsius,
0,0.00,W/m^2,1:27:19,28/6/17,Day of week:,Wednesday,22.00,Grade Celsius,
0,0.00,W/m^2,1:27:22,28/6/17,Day of week:,Wednesday,22.00,Grade Celsius,
0,0.00,W/m^2,1:27:25,28/6/17,Day of week:,Wednesday,22.00,Grade Celsius,
0,0.00,W/m^2,1:27:28,28/6/17,Day of week:,Wednesday,22.00,Grade Celsius,
0,0.00,W/m^2,1:27:32,28/6/17,Day of week:,Wednesday,22.00,Grade Celsius,
0,0.00,W/m^2,1:27:35,28/6/17,Day of week:,Wednesday,22.00,Grade Celsius,
0,0.00,W/m^2,1:27:38,28/6/17,Day of week:,Wednesday,21.94,Grade Celsius,
0,0.00,W/m^2,1:27:41,28/6/17,Day of week:,Wednesday,21.94,Grade Celsius,
0,0.00,W/m^2,1:27:44,28/6/17,Day of week:,Wednesday,21.94,Grade Celsius,
0,0.00,W/m^2,1:27:47,28/6/17,Day of week:,Wednesday,21.94,Grade Celsius,
0,0.00,W/m^2,1:27:50,28/6/17,Day of week:,Wednesday,22.00,Grade Celsius,
0,0.00,W/m^2,1:27:53,28/6/17,Day of week:,Wednesday,22.00,Grade Celsius,
0,0.00,W/m^2,1:27:56,28/6/17,Day of week:,Wednesday,22.00,Grade Celsius,
0,0.00,W/m^2,1:27:59,28/6/17,Day of week:,Wednesday,22.00,Grade Celsius,
0,0.00,W/m^2,1:28:02,28/6/17,Day of week:,Wednesday,21.94,Grade Celsius,
0,0.00,W/m^2,1:28:05,28/6/17,Day of week:,Wednesday,22.00,Grade Celsius,
0,0.00,W/m^2,1:28:08,28/6/17,Day of week:,Wednesday,22.00,Grade Celsius,
0,0.00,W/m^2,1:28:11,28/6/17,Day of week:,Wednesday,22.00,Grade Celsius,
0,0.00,W/m^2,1:28:14,28/6/17,Day of week:,Wednesday,22.00,Grade Celsius,
0,0.00,W/m^2,1:28:17,28/6/17,Day of week:,Wednesday,22.00,Grade Celsius,
0,0.00,W/m^2,1:28:20,28/6/17,Day of week:,Wednesday,22.00,Grade Celsius,
0,0.00,W/m^2,1:28:24,28/6/17,Day of week:,Wednesday,22.00,Grade Celsius,
0,0.00,W/m^2,1:28:27,28/6/17,Day of week:,Wednesday,22.00,Grade Celsius,
0,0.00,W/m^2,1:28:30,28/6/17,Day of week:,Wednesday,22.00,Grade Celsius,
0,0.00,W/m^2,1:28:33,28/6/17,Day of week:,Wednesday,22.00,Grade Celsius,
0,0.00,W/m^2,1:28:36,28/6/17,Day of week:,Wednesday,22.00,Grade Celsius,
0,0.00,W/m^2,1:28:39,28/6/17,Day of week:,Wednesday,22.00,Grade Celsius,
0,0.00,W/m^2,1:28:42,28/6/17,Day of week:,Wednesday,22.00,Grade Celsius,
0,0.00,W/m^2,1:28:45,28/6/17,Day of week:,Wednesday,22.00,Grade Celsius,
0,0.00,W/m^2,1:28:48,28/6/17,Day of week:,Wednesday,22.00,Grade Celsius,
0,0.00,W/m^2,1:28:51,28/6/17,Day of week:,Wednesday,22.00,Grade Celsius,
0,0.00,W/m^2,1:28:54,28/6/17,Day of week:,Wednesday,22.00,Grade Celsius,
0,0.00,W/m^2,1:28:57,28/6/17,Day of week:,Wednesday,22.00,Grade Celsius,
0,0.00,W/m^2,1:29:00,28/6/17,Day of week:,Wednesday,22.00,Grade Celsius,
0,0.00,W/m^2,1:29:03,28/6/17,Day of week:,Wednesday,22.00,Grade Celsius,
0,0.00,W/m^2,1:29:06,28/6/17,Day of week:,Wednesday,22.00,Grade Celsius,
0,0.00,W/m^2,1:29:09,28/6/17,Day of week:,Wednesday,22.00,Grade Celsius,
0,0.00,W/m^2,1:29:13,28/6/17,Day of week:,Wednesday,22.00,Grade Celsius,
0,0.00,W/m^2,1:29:16,28/6/17,Day of week:,Wednesday,22.00,Grade Celsius,
0,0.00,W/m^2,1:29:19,28/6/17,Day of week:,Wednesday,22.00,Grade Celsius,
0,0.00,W/m^2,1:29:22,28/6/17,Day of week:,Wednesday,22.00,Grade Celsius,
0,0.00,W/m^2,1:29:25,28/6/17,Day of week:,Wednesday,22.00,Grade Celsius,
0,0.00,W/m^2,1:29:28,28/6/17,Day of week:,Wednesday,22.00,Grade Celsius,
0,0.00,W/m^2,1:29:31,28/6/17,Day of week:,Wednesday,22.00,Grade Celsius,
0,0.00,W/m^2,1:29:34,28/6/17,Day of week:,Wednesday,22.00,Grade Celsius,
0,0.00,W/m^2,1:29:37,28/6/17,Day of week:,Wednesday,22.00,Grade Celsius,
0,0.00,W/m^2,1:29:40,28/6/17,Day of week:,Wednesday,22.00,Grade Celsius,
0,0.00,W/m^2,1:29:43,28/6/17,Day of week:,Wednesday,22.00,Grade Celsius,
0,0.00,W/m^2,1:29:46,28/6/17,Day of week:,Wednesday,22.00,Grade Celsius,
0,0.00,W/m^2,1:29:49,28/6/17,Day of week:,Wednesday,22.00,Grade Celsius,
0,0.00,W/m^2,1:29:52,28/6/17,Day of week:,Wednesday,22.00,Grade Celsius,
0,0.00,W/m^2,1:29:55,28/6/17,Day of week:,Wednesday,22.00,Grade Celsius,
0,0.00,W/m^2,1:29:58,28/6/17,Day of week:,Wednesday,22.00,Grade Celsius,
0,0.00,W/m^2,1:30:02,28/6/17,Day of week:,Wednesday,22.06,Grade Celsius,
0,0.00,W/m^2,1:30:05,28/6/17,Day of week:,Wednesday,22.06,Grade Celsius,
0,0.00,W/m^2,1:30:08,28/6/17,Day of week:,Wednesday,22.06,Grade Celsius,
0,0.00,W/m^2,1:30:11,28/6/17,Day of week:,Wednesday,22.06,Grade Celsius,
0,0.00,W/m^2,1:30:14,28/6/17,Day of week:,Wednesday,22.06,Grade Celsius,
0,0.00,W/m^2,1:30:17,28/6/17,Day of week:,Wednesday,22.00,Grade Celsius,
0,0.00,W/m^2,1:30:20,28/6/17,Day of week:,Wednesday,22.00,Grade Celsius,
0,0.00,W/m^2,1:30:23,28/6/17,Day of week:,Wednesday,22.00,Grade Celsius,
0,0.00,W/m^2,1:30:26,28/6/17,Day of week:,Wednesday,22.00,Grade Celsius,
0,0.00,W/m^2,1:30:29,28/6/17,Day of week:,Wednesday,22.00,Grade Celsius,
0,0.00,W/m^2,1:30:32,28/6/17,Day of week:,Wednesday,22.00,Grade Celsius,
0,0.00,W/m^2,1:30:35,28/6/17,Day of week:,Wednesday,22.00,Grade Celsius,
0,0.00,W/m^2,1:30:38,28/6/17,Day of week:,Wednesday,22.06,Grade Celsius,
0,0.00,W/m^2,1:30:41,28/6/17,Day of week:,Wednesday,22.06,Grade Celsius,
0,0.00,W/m^2,1:30:44,28/6/17,Day of week:,Wednesday,22.06,Grade Celsius,
0,0.00,W/m^2,1:30:47,28/6/17,Day of week:,Wednesday,22.06,Grade Celsius,
0,0.00,W/m^2,1:30:51,28/6/17,Day of week:,Wednesday,22.06,Grade Celsius,
0,0.00,W/m^2,1:30:54,28/6/17,Day of week:,Wednesday,22.06,Grade Celsius,
0,0.00,W/m^2,1:30:57,28/6/17,Day of week:,Wednesday,22.06,Grade Celsius,
0,0.00,W/m^2,1:31:00,28/6/17,Day of week:,Wednesday,22.12,Grade Celsius,
0,0.00,W/m^2,1:31:03,28/6/17,Day of week:,Wednesday,22.12,Grade Celsius,
0,0.00,W/m^2,1:31:06,28/6/17,Day of week:,Wednesday,22.06,Grade Celsius,
0,0.00,W/m^2,1:31:09,28/6/17,Day of week:,Wednesday,22.12,Grade Celsius,
0,0.00,W/m^2,1:31:12,28/6/17,Day of week:,Wednesday,22.06,Grade Celsius,
0,0.00,W/m^2,1:31:15,28/6/17,Day of week:,Wednesday,22.12,Grade Celsius,
0,0.00,W/m^2,1:31:18,28/6/17,Day of week:,Wednesday,22.06,Grade Celsius,
0,0.00,W/m^2,1:31:21,28/6/17,Day of week:,Wednesday,22.06,Grade Celsius,
0,0.00,W/m^2,1:31:24,28/6/17,Day of week:,Wednesday,22.06,Grade Celsius,
0,0.00,W/m^2,1:31:27,28/6/17,Day of week:,Wednesday,22.06,Grade Celsius,
0,0.00,W/m^2,1:31:30,28/6/17,Day of week:,Wednesday,22.00,Grade Celsius,
0,0.00,W/m^2,1:31:33,28/6/17,Day of week:,Wednesday,22.00,Grade Celsius,
0,0.00,W/m^2,1:31:36,28/6/17,Day of week:,Wednesday,22.00,Grade Celsius,
0,0.00,W/m^2,1:31:39,28/6/17,Day of week:,Wednesday,22.00,Grade Celsius,
0,0.00,W/m^2,1:31:43,28/6/17,Day of week:,Wednesday,22.06,Grade Celsius,
0,0.00,W/m^2,1:31:46,28/6/17,Day of week:,Wednesday,22.00,Grade Celsius,
0,0.00,W/m^2,1:31:49,28/6/17,Day of week:,Wednesday,22.00,Grade Celsius,
0,0.00,W/m^2,1:31:52,28/6/17,Day of week:,Wednesday,22.00,Grade Celsius,
0,0.00,W/m^2,1:31:55,28/6/17,Day of week:,Wednesday,22.00,Grade Celsius,
0,0.00,W/m^2,1:31:58,28/6/17,Day of week:,Wednesday,22.00,Grade Celsius,
0,0.00,W/m^2,1:32:01,28/6/17,Day of week:,Wednesday,22.00,Grade Celsius,
0,0.00,W/m^2,1:32:04,28/6/17,Day of week:,Wednesday,22.00,Grade Celsius,
0,0.00,W/m^2,1:32:07,28/6/17,Day of week:,Wednesday,22.00,Grade Celsius,
0,0.00,W/m^2,1:32:10,28/6/17,Day of week:,Wednesday,22.00,Grade Celsius,
0,0.00,W/m^2,1:32:13,28/6/17,Day of week:,Wednesday,22.00,Grade Celsius,
0,0.00,W/m^2,1:32:16,28/6/17,Day of week:,Wednesday,22.00,Grade Celsius,
0,0.00,W/m^2,1:32:19,28/6/17,Day of week:,Wednesday,22.00,Grade Celsius,
0,0.00,W/m^2,1:32:22,28/6/17,Day of week:,Wednesday,22.00,Grade Celsius,
0,0.00,W/m^2,1:32:25,28/6/17,Day of week:,Wednesday,22.00,Grade Celsius,
0,0.00,W/m^2,1:32:28,28/6/17,Day of week:,Wednesday,22.00,Grade Celsius,
0,0.00,W/m^2,1:32:31,28/6/17,Day of week:,Wednesday,22.00,Grade Celsius,
0,0.00,W/m^2,1:32:35,28/6/17,Day of week:,Wednesday,22.00,Grade Celsius,
0,0.00,W/m^2,1:32:38,28/6/17,Day of week:,Wednesday,22.00,Grade Celsius,
0,0.00,W/m^2,1:32:41,28/6/17,Day of week:,Wednesday,22.00,Grade Celsius,
0,0.00,W/m^2,1:32:44,28/6/17,Day of week:,Wednesday,22.00,Grade Celsius,
0,0.00,W/m^2,1:32:47,28/6/17,Day of week:,Wednesday,22.00,Grade Celsius,
0,0.00,W/m^2,1:32:50,28/6/17,Day of week:,Wednesday,22.00,Grade Celsius,
0,0.00,W/m^2,1:32:53,28/6/17,Day of week:,Wednesday,22.00,Grade Celsius,
0,0.00,W/m^2,1:32:56,28/6/17,Day of week:,Wednesday,22.00,Grade Celsius,
0,0.00,W/m^2,1:32:59,28/6/17,Day of week:,Wednesday,22.00,Grade Celsius,
0,0.00,W/m^2,1:33:02,28/6/17,Day of week:,Wednesday,22.00,Grade Celsius,
0,0.00,W/m^2,1:33:05,28/6/17,Day of week:,Wednesday,22.00,Grade Celsius,
0,0.00,W/m^2,1:33:08,28/6/17,Day of week:,Wednesday,22.00,Grade Celsius,
0,0.00,W/m^2,1:33:11,28/6/17,Day of week:,Wednesday,22.00,Grade Celsius,
0,0.00,W/m^2,1:33:14,28/6/17,Day of week:,Wednesday,22.00,Grade Celsius,
0,0.00,W/m^2,1:33:17,28/6/17,Day of week:,Wednesday,22.00,Grade Celsius,
0,0.00,W/m^2,1:33:20,28/6/17,Day of week:,Wednesday,22.00,Grade Celsius,
0,0.00,W/m^2,1:33:23,28/6/17,Day of week:,Wednesday,22.00,Grade Celsius,
0,0.00,W/m^2,1:33:27,28/6/17,Day of week:,Wednesday,21.94,Grade Celsius,
0,0.00,W/m^2,1:33:30,28/6/17,Day of week:,Wednesday,21.94,Grade Celsius,
0,0.00,W/m^2,1:33:33,28/6/17,Day of week:,Wednesday,22.00,Grade Celsius,
0,0.00,W/m^2,1:33:36,28/6/17,Day of week:,Wednesday,22.00,Grade Celsius,
0,0.00,W/m^2,1:33:39,28/6/17,Day of week:,Wednesday,22.00,Grade Celsius,
0,0.00,W/m^2,1:33:42,28/6/17,Day of week:,Wednesday,21.94,Grade Celsius,
0,0.00,W/m^2,1:33:45,28/6/17,Day of week:,Wednesday,22.00,Grade Celsius,
0,0.00,W/m^2,1:33:48,28/6/17,Day of week:,Wednesday,22.00,Grade Celsius,
0,0.00,W/m^2,1:33:51,28/6/17,Day of week:,Wednesday,22.00,Grade Celsius,
0,0.00,W/m^2,1:33:54,28/6/17,Day of week:,Wednesday,22.00,Grade Celsius,
0,0.00,W/m^2,1:33:57,28/6/17,Day of week:,Wednesday,22.00,Grade Celsius,
0,0.00,W/m^2,1:34:00,28/6/17,Day of week:,Wednesday,22.00,Grade Celsius,
0,0.00,W/m^2,1:34:03,28/6/17,Day of week:,Wednesday,22.00,Grade Celsius,
0,0.00,W/m^2,1:34:06,28/6/17,Day of week:,Wednesday,22.00,Grade Celsius,
0,0.00,W/m^2,1:34:09,28/6/17,Day of week:,Wednesday,22.00,Grade Celsius,
0,0.00,W/m^2,1:34:12,28/6/17,Day of week:,Wednesday,22.00,Grade Celsius,
0,0.00,W/m^2,1:34:16,28/6/17,Day of week:,Wednesday,22.00,Grade Celsius,
0,0.00,W/m^2,1:34:19,28/6/17,Day of week:,Wednesday,21.94,Grade Celsius,
0,0.00,W/m^2,1:34:22,28/6/17,Day of week:,Wednesday,22.00,Grade Celsius,
0,0.00,W/m^2,1:34:25,28/6/17,Day of week:,Wednesday,22.00,Grade Celsius,
0,0.00,W/m^2,1:34:28,28/6/17,Day of week:,Wednesday,22.00,Grade Celsius,
0,0.00,W/m^2,1:34:31,28/6/17,Day of week:,Wednesday,22.00,Grade Celsius,
0,0.00,W/m^2,1:34:34,28/6/17,Day of week:,Wednesday,22.00,Grade Celsius,
0,0.00,W/m^2,1:34:37,28/6/17,Day of week:,Wednesday,21.94,Grade Celsius,
0,0.00,W/m^2,1:34:40,28/6/17,Day of week:,Wednesday,22.00,Grade Celsius,
0,0.00,W/m^2,1:34:43,28/6/17,Day of week:,Wednesday,21.94,Grade Celsius,
0,0.00,W/m^2,1:34:46,28/6/17,Day of week:,Wednesday,21.94,Grade Celsius,
0,0.00,W/m^2,1:34:49,28/6/17,Day of week:,Wednesday,21.94,Grade Celsius,
0,0.00,W/m^2,1:34:52,28/6/17,Day of week:,Wednesday,21.94,Grade Celsius,
0,0.00,W/m^2,1:34:55,28/6/17,Day of week:,Wednesday,21.94,Grade Celsius,
0,0.00,W/m^2,1:34:58,28/6/17,Day of week:,Wednesday,21.94,Grade Celsius,
0,0.00,W/m^2,1:35:01,28/6/17,Day of week:,Wednesday,22.00,Grade Celsius,
0,0.00,W/m^2,1:35:04,28/6/17,Day of week:,Wednesday,22.00,Grade Celsius,
0,0.00,W/m^2,1:35:08,28/6/17,Day of week:,Wednesday,22.00,Grade Celsius,
0,0.00,W/m^2,1:35:11,28/6/17,Day of week:,Wednesday,22.00,Grade Celsius,
0,0.00,W/m^2,1:35:14,28/6/17,Day of week:,Wednesday,21.94,Grade Celsius,
0,0.00,W/m^2,1:35:17,28/6/17,Day of week:,Wednesday,21.94,Grade Celsius,
0,0.00,W/m^2,1:35:20,28/6/17,Day of week:,Wednesday,21.94,Grade Celsius,
0,0.00,W/m^2,1:35:23,28/6/17,Day of week:,Wednesday,21.94,Grade Celsius,
0,0.00,W/m^2,1:35:26,28/6/17,Day of week:,Wednesday,21.94,Grade Celsius,
0,0.00,W/m^2,1:35:29,28/6/17,Day of week:,Wednesday,21.94,Grade Celsius,
0,0.00,W/m^2,1:35:32,28/6/17,Day of week:,Wednesday,21.94,Grade Celsius,
0,0.00,W/m^2,1:35:35,28/6/17,Day of week:,Wednesday,21.94,Grade Celsius,
0,0.00,W/m^2,1:35:38,28/6/17,Day of week:,Wednesday,21.94,Grade Celsius,
0,0.00,W/m^2,1:35:41,28/6/17,Day of week:,Wednesday,21.94,Grade Celsius,
0,0.00,W/m^2,1:35:44,28/6/17,Day of week:,Wednesday,21.94,Grade Celsius,
0,0.00,W/m^2,1:35:47,28/6/17,Day of week:,Wednesday,21.94,Grade Celsius,
0,0.00,W/m^2,1:35:50,28/6/17,Day of week:,Wednesday,21.94,Grade Celsius,
0,0.00,W/m^2,1:35:53,28/6/17,Day of week:,Wednesday,21.94,Grade Celsius,
0,0.00,W/m^2,1:35:56,28/6/17,Day of week:,Wednesday,21.94,Grade Celsius,
0,0.00,W/m^2,1:36:00,28/6/17,Day of week:,Wednesday,21.94,Grade Celsius,
0,0.00,W/m^2,1:36:03,28/6/17,Day of week:,Wednesday,21.94,Grade Celsius,
0,0.00,W/m^2,1:36:06,28/6/17,Day of week:,Wednesday,21.94,Grade Celsius,
0,0.00,W/m^2,1:36:09,28/6/17,Day of week:,Wednesday,21.94,Grade Celsius,
0,0.00,W/m^2,1:36:12,28/6/17,Day of week:,Wednesday,21.94,Grade Celsius,
0,0.00,W/m^2,1:36:15,28/6/17,Day of week:,Wednesday,21.94,Grade Celsius,
0,0.00,W/m^2,1:36:18,28/6/17,Day of week:,Wednesday,21.94,Grade Celsius,
0,0.00,W/m^2,1:36:21,28/6/17,Day of week:,Wednesday,21.87,Grade Celsius,
0,0.00,W/m^2,1:36:24,28/6/17,Day of week:,Wednesday,21.87,Grade Celsius,
0,0.00,W/m^2,1:36:27,28/6/17,Day of week:,Wednesday,21.87,Grade Celsius,
0,0.00,W/m^2,1:36:30,28/6/17,Day of week:,Wednesday,21.87,Grade Celsius,
0,0.00,W/m^2,1:36:33,28/6/17,Day of week:,Wednesday,21.81,Grade Celsius,
0,0.00,W/m^2,1:36:36,28/6/17,Day of week:,Wednesday,21.81,Grade Celsius,
0,0.00,W/m^2,1:36:39,28/6/17,Day of week:,Wednesday,21.81,Grade Celsius,
0,0.00,W/m^2,1:36:43,28/6/17,Day of week:,Wednesday,21.81,Grade Celsius,
0,0.00,W/m^2,1:36:46,28/6/17,Day of week:,Wednesday,21.81,Grade Celsius,
0,0.00,W/m^2,1:36:49,28/6/17,Day of week:,Wednesday,21.81,Grade Celsius,
0,0.00,W/m^2,1:36:52,28/6/17,Day of week:,Wednesday,21.75,Grade Celsius,
0,0.00,W/m^2,1:36:55,28/6/17,Day of week:,Wednesday,21.75,Grade Celsius,
0,0.00,W/m^2,1:36:58,28/6/17,Day of week:,Wednesday,21.81,Grade Celsius,
0,0.00,W/m^2,1:37:01,28/6/17,Day of week:,Wednesday,21.81,Grade Celsius,
0,0.00,W/m^2,1:37:04,28/6/17,Day of week:,Wednesday,21.81,Grade Celsius,
0,0.00,W/m^2,1:37:07,28/6/17,Day of week:,Wednesday,21.81,Grade Celsius,
0,0.00,W/m^2,1:37:10,28/6/17,Day of week:,Wednesday,21.81,Grade Celsius,
0,0.00,W/m^2,1:37:13,28/6/17,Day of week:,Wednesday,21.81,Grade Celsius,
0,0.00,W/m^2,1:37:16,28/6/17,Day of week:,Wednesday,21.81,Grade Celsius,
0,0.00,W/m^2,1:37:19,28/6/17,Day of week:,Wednesday,21.81,Grade Celsius,
0,0.00,W/m^2,1:37:22,28/6/17,Day of week:,Wednesday,21.81,Grade Celsius,
0,0.00,W/m^2,1:37:25,28/6/17,Day of week:,Wednesday,21.81,Grade Celsius,
0,0.00,W/m^2,1:37:28,28/6/17,Day of week:,Wednesday,21.81,Grade Celsius,
0,0.00,W/m^2,1:37:31,28/6/17,Day of week:,Wednesday,21.81,Grade Celsius,
0,0.00,W/m^2,1:37:35,28/6/17,Day of week:,Wednesday,21.81,Grade Celsius,
0,0.00,W/m^2,1:37:38,28/6/17,Day of week:,Wednesday,21.81,Grade Celsius,
0,0.00,W/m^2,1:37:41,28/6/17,Day of week:,Wednesday,21.87,Grade Celsius,
0,0.00,W/m^2,1:37:44,28/6/17,Day of week:,Wednesday,21.81,Grade Celsius,
0,0.00,W/m^2,1:37:47,28/6/17,Day of week:,Wednesday,21.81,Grade Celsius,
0,0.00,W/m^2,1:37:50,28/6/17,Day of week:,Wednesday,21.81,Grade Celsius,
0,0.00,W/m^2,1:37:53,28/6/17,Day of week:,Wednesday,21.81,Grade Celsius,
0,0.00,W/m^2,1:37:56,28/6/17,Day of week:,Wednesday,21.81,Grade Celsius,
0,0.00,W/m^2,1:37:59,28/6/17,Day of week:,Wednesday,21.81,Grade Celsius,
0,0.00,W/m^2,1:38:02,28/6/17,Day of week:,Wednesday,21.81,Grade Celsius,
0,0.00,W/m^2,1:38:05,28/6/17,Day of week:,Wednesday,21.81,Grade Celsius,
0,0.00,W/m^2,1:38:08,28/6/17,Day of week:,Wednesday,21.75,Grade Celsius,
0,0.00,W/m^2,1:38:11,28/6/17,Day of week:,Wednesday,21.75,Grade Celsius,
0,0.00,W/m^2,1:38:14,28/6/17,Day of week:,Wednesday,21.75,Grade Celsius,
0,0.00,W/m^2,1:38:17,28/6/17,Day of week:,Wednesday,21.75,Grade Celsius,
0,0.00,W/m^2,1:38:20,28/6/17,Day of week:,Wednesday,21.75,Grade Celsius,
0,0.00,W/m^2,1:38:23,28/6/17,Day of week:,Wednesday,21.75,Grade Celsius,
0,0.00,W/m^2,1:38:27,28/6/17,Day of week:,Wednesday,21.75,Grade Celsius,
0,0.00,W/m^2,1:38:30,28/6/17,Day of week:,Wednesday,21.75,Grade Celsius,
0,0.00,W/m^2,1:38:33,28/6/17,Day of week:,Wednesday,21.75,Grade Celsius,
0,0.00,W/m^2,1:38:36,28/6/17,Day of week:,Wednesday,21.75,Grade Celsius,
0,0.00,W/m^2,1:38:39,28/6/17,Day of week:,Wednesday,21.75,Grade Celsius,
0,0.00,W/m^2,1:38:42,28/6/17,Day of week:,Wednesday,21.75,Grade Celsius,
0,0.00,W/m^2,1:38:45,28/6/17,Day of week:,Wednesday,21.75,Grade Celsius,
0,0.00,W/m^2,1:38:48,28/6/17,Day of week:,Wednesday,21.75,Grade Celsius,
0,0.00,W/m^2,1:38:51,28/6/17,Day of week:,Wednesday,21.75,Grade Celsius,
0,0.00,W/m^2,1:38:54,28/6/17,Day of week:,Wednesday,21.69,Grade Celsius,
0,0.00,W/m^2,1:38:57,28/6/17,Day of week:,Wednesday,21.69,Grade Celsius,
0,0.00,W/m^2,1:39:00,28/6/17,Day of week:,Wednesday,21.69,Grade Celsius,
0,0.00,W/m^2,1:39:03,28/6/17,Day of week:,Wednesday,21.69,Grade Celsius,
0,0.00,W/m^2,1:39:06,28/6/17,Day of week:,Wednesday,21.69,Grade Celsius,
0,0.00,W/m^2,1:39:09,28/6/17,Day of week:,Wednesday,21.69,Grade Celsius,
0,0.00,W/m^2,1:39:12,28/6/17,Day of week:,Wednesday,21.69,Grade Celsius,
0,0.00,W/m^2,1:39:16,28/6/17,Day of week:,Wednesday,21.69,Grade Celsius,
0,0.00,W/m^2,1:39:19,28/6/17,Day of week:,Wednesday,21.69,Grade Celsius,
0,0.00,W/m^2,1:39:22,28/6/17,Day of week:,Wednesday,21.69,Grade Celsius,
0,0.00,W/m^2,1:39:25,28/6/17,Day of week:,Wednesday,21.69,Grade Celsius,
0,0.00,W/m^2,1:39:28,28/6/17,Day of week:,Wednesday,21.69,Grade Celsius,
0,0.00,W/m^2,1:39:31,28/6/17,Day of week:,Wednesday,21.69,Grade Celsius,
0,0.00,W/m^2,1:39:34,28/6/17,Day of week:,Wednesday,21.69,Grade Celsius,
0,0.00,W/m^2,1:39:37,28/6/17,Day of week:,Wednesday,21.69,Grade Celsius,
0,0.00,W/m^2,1:39:40,28/6/17,Day of week:,Wednesday,21.69,Grade Celsius,
0,0.00,W/m^2,1:39:43,28/6/17,Day of week:,Wednesday,21.69,Grade Celsius,
0,0.00,W/m^2,1:39:46,28/6/17,Day of week:,Wednesday,21.69,Grade Celsius,
0,0.00,W/m^2,1:39:49,28/6/17,Day of week:,Wednesday,21.69,Grade Celsius,
0,0.00,W/m^2,1:39:52,28/6/17,Day of week:,Wednesday,21.69,Grade Celsius,
0,0.00,W/m^2,1:39:55,28/6/17,Day of week:,Wednesday,21.69,Grade Celsius,
0,0.00,W/m^2,1:39:58,28/6/17,Day of week:,Wednesday,21.69,Grade Celsius,
0,0.00,W/m^2,1:40:01,28/6/17,Day of week:,Wednesday,21.69,Grade Celsius,
0,0.00,W/m^2,1:40:04,28/6/17,Day of week:,Wednesday,21.69,Grade Celsius,
0,0.00,W/m^2,1:40:08,28/6/17,Day of week:,Wednesday,21.69,Grade Celsius,
0,0.00,W/m^2,1:40:11,28/6/17,Day of week:,Wednesday,21.69,Grade Celsius,
0,0.00,W/m^2,1:40:14,28/6/17,Day of week:,Wednesday,21.69,Grade Celsius,
0,0.00,W/m^2,1:40:17,28/6/17,Day of week:,Wednesday,21.69,Grade Celsius,
0,0.00,W/m^2,1:40:20,28/6/17,Day of week:,Wednesday,21.69,Grade Celsius,
0,0.00,W/m^2,1:40:23,28/6/17,Day of week:,Wednesday,21.69,Grade Celsius,
0,0.00,W/m^2,1:40:26,28/6/17,Day of week:,Wednesday,21.75,Grade Celsius,
0,0.00,W/m^2,1:40:29,28/6/17,Day of week:,Wednesday,21.75,Grade Celsius,
0,0.00,W/m^2,1:40:32,28/6/17,Day of week:,Wednesday,21.75,Grade Celsius,
0,0.00,W/m^2,1:40:35,28/6/17,Day of week:,Wednesday,21.75,Grade Celsius,
0,0.00,W/m^2,1:40:38,28/6/17,Day of week:,Wednesday,21.75,Grade Celsius,
0,0.00,W/m^2,1:40:41,28/6/17,Day of week:,Wednesday,21.69,Grade Celsius,
0,0.00,W/m^2,1:40:44,28/6/17,Day of week:,Wednesday,21.75,Grade Celsius,
0,0.00,W/m^2,1:40:47,28/6/17,Day of week:,Wednesday,21.75,Grade Celsius,
0,0.00,W/m^2,1:40:50,28/6/17,Day of week:,Wednesday,21.75,Grade Celsius,
0,0.00,W/m^2,1:40:53,28/6/17,Day of week:,Wednesday,21.75,Grade Celsius,
0,0.00,W/m^2,1:40:57,28/6/17,Day of week:,Wednesday,21.75,Grade Celsius,
0,0.00,W/m^2,1:41:00,28/6/17,Day of week:,Wednesday,21.75,Grade Celsius,
0,0.00,W/m^2,1:41:03,28/6/17,Day of week:,Wednesday,21.75,Grade Celsius,
0,0.00,W/m^2,1:41:06,28/6/17,Day of week:,Wednesday,21.75,Grade Celsius,
0,0.00,W/m^2,1:41:09,28/6/17,Day of week:,Wednesday,21.75,Grade Celsius,
0,0.00,W/m^2,1:41:12,28/6/17,Day of week:,Wednesday,21.69,Grade Celsius,
0,0.00,W/m^2,1:41:15,28/6/17,Day of week:,Wednesday,21.69,Grade Celsius,
0,0.00,W/m^2,1:41:18,28/6/17,Day of week:,Wednesday,21.69,Grade Celsius,
0,0.00,W/m^2,1:41:21,28/6/17,Day of week:,Wednesday,21.69,Grade Celsius,
0,0.00,W/m^2,1:41:24,28/6/17,Day of week:,Wednesday,21.69,Grade Celsius,
0,0.00,W/m^2,1:41:27,28/6/17,Day of week:,Wednesday,21.69,Grade Celsius,
0,0.00,W/m^2,1:41:30,28/6/17,Day of week:,Wednesday,21.62,Grade Celsius,
0,0.00,W/m^2,1:41:33,28/6/17,Day of week:,Wednesday,21.69,Grade Celsius,
0,0.00,W/m^2,1:41:36,28/6/17,Day of week:,Wednesday,21.69,Grade Celsius,
0,0.00,W/m^2,1:41:39,28/6/17,Day of week:,Wednesday,21.69,Grade Celsius,
0,0.00,W/m^2,1:41:42,28/6/17,Day of week:,Wednesday,21.69,Grade Celsius,
0,0.00,W/m^2,1:41:46,28/6/17,Day of week:,Wednesday,21.69,Grade Celsius,
0,0.00,W/m^2,1:41:49,28/6/17,Day of week:,Wednesday,21.62,Grade Celsius,
0,0.00,W/m^2,1:41:52,28/6/17,Day of week:,Wednesday,21.62,Grade Celsius,
0,0.00,W/m^2,1:41:55,28/6/17,Day of week:,Wednesday,21.62,Grade Celsius,
0,0.00,W/m^2,1:41:58,28/6/17,Day of week:,Wednesday,21.62,Grade Celsius,
0,0.00,W/m^2,1:42:01,28/6/17,Day of week:,Wednesday,21.56,Grade Celsius,
0,0.00,W/m^2,1:42:04,28/6/17,Day of week:,Wednesday,21.62,Grade Celsius,
0,0.00,W/m^2,1:42:07,28/6/17,Day of week:,Wednesday,21.62,Grade Celsius,
0,0.00,W/m^2,1:42:10,28/6/17,Day of week:,Wednesday,21.62,Grade Celsius,
0,0.00,W/m^2,1:42:13,28/6/17,Day of week:,Wednesday,21.62,Grade Celsius,
0,0.00,W/m^2,1:42:16,28/6/17,Day of week:,Wednesday,21.62,Grade Celsius,
0,0.00,W/m^2,1:42:19,28/6/17,Day of week:,Wednesday,21.62,Grade Celsius,
0,0.00,W/m^2,1:42:22,28/6/17,Day of week:,Wednesday,21.62,Grade Celsius,
0,0.00,W/m^2,1:42:25,28/6/17,Day of week:,Wednesday,21.62,Grade Celsius,
0,0.00,W/m^2,1:42:28,28/6/17,Day of week:,Wednesday,21.62,Grade Celsius,
0,0.00,W/m^2,1:42:31,28/6/17,Day of week:,Wednesday,21.62,Grade Celsius,
0,0.00,W/m^2,1:42:34,28/6/17,Day of week:,Wednesday,21.62,Grade Celsius,
0,0.00,W/m^2,1:42:38,28/6/17,Day of week:,Wednesday,21.62,Grade Celsius,
0,0.00,W/m^2,1:42:41,28/6/17,Day of week:,Wednesday,21.62,Grade Celsius,
0,0.00,W/m^2,1:42:44,28/6/17,Day of week:,Wednesday,21.62,Grade Celsius,
0,0.00,W/m^2,1:42:47,28/6/17,Day of week:,Wednesday,21.62,Grade Celsius,
0,0.00,W/m^2,1:42:50,28/6/17,Day of week:,Wednesday,21.62,Grade Celsius,
0,0.00,W/m^2,1:42:53,28/6/17,Day of week:,Wednesday,21.62,Grade Celsius,
0,0.00,W/m^2,1:42:56,28/6/17,Day of week:,Wednesday,21.56,Grade Celsius,
0,0.00,W/m^2,1:42:59,28/6/17,Day of week:,Wednesday,21.62,Grade Celsius,
0,0.00,W/m^2,1:43:02,28/6/17,Day of week:,Wednesday,21.62,Grade Celsius,
0,0.00,W/m^2,1:43:05,28/6/17,Day of week:,Wednesday,21.62,Grade Celsius,
0,0.00,W/m^2,1:43:08,28/6/17,Day of week:,Wednesday,21.62,Grade Celsius,
0,0.00,W/m^2,1:43:11,28/6/17,Day of week:,Wednesday,21.62,Grade Celsius,
0,0.00,W/m^2,1:43:14,28/6/17,Day of week:,Wednesday,21.62,Grade Celsius,
0,0.00,W/m^2,1:43:17,28/6/17,Day of week:,Wednesday,21.56,Grade Celsius,
0,0.00,W/m^2,1:43:20,28/6/17,Day of week:,Wednesday,21.56,Grade Celsius,
0,0.00,W/m^2,1:43:23,28/6/17,Day of week:,Wednesday,21.50,Grade Celsius,
0,0.00,W/m^2,1:43:26,28/6/17,Day of week:,Wednesday,21.50,Grade Celsius,
0,0.00,W/m^2,1:43:30,28/6/17,Day of week:,Wednesday,21.50,Grade Celsius,
0,0.00,W/m^2,1:43:33,28/6/17,Day of week:,Wednesday,21.50,Grade Celsius,
0,0.00,W/m^2,1:43:36,28/6/17,Day of week:,Wednesday,21.50,Grade Celsius,
0,0.00,W/m^2,1:43:39,28/6/17,Day of week:,Wednesday,21.50,Grade Celsius,
0,0.00,W/m^2,1:43:42,28/6/17,Day of week:,Wednesday,21.50,Grade Celsius,
0,0.00,W/m^2,1:43:45,28/6/17,Day of week:,Wednesday,21.50,Grade Celsius,
0,0.00,W/m^2,1:43:48,28/6/17,Day of week:,Wednesday,21.50,Grade Celsius,
0,0.00,W/m^2,1:43:51,28/6/17,Day of week:,Wednesday,21.50,Grade Celsius,
0,0.00,W/m^2,1:43:54,28/6/17,Day of week:,Wednesday,21.50,Grade Celsius,
0,0.00,W/m^2,1:43:57,28/6/17,Day of week:,Wednesday,21.50,Grade Celsius,
0,0.00,W/m^2,1:44:00,28/6/17,Day of week:,Wednesday,21.50,Grade Celsius,
0,0.00,W/m^2,1:44:03,28/6/17,Day of week:,Wednesday,21.50,Grade Celsius,
0,0.00,W/m^2,1:44:06,28/6/17,Day of week:,Wednesday,21.50,Grade Celsius,
0,0.00,W/m^2,1:44:09,28/6/17,Day of week:,Wednesday,21.50,Grade Celsius,
0,0.00,W/m^2,1:44:12,28/6/17,Day of week:,Wednesday,21.50,Grade Celsius,
0,0.00,W/m^2,1:44:15,28/6/17,Day of week:,Wednesday,21.50,Grade Celsius,
0,0.00,W/m^2,1:44:19,28/6/17,Day of week:,Wednesday,21.50,Grade Celsius,
0,0.00,W/m^2,1:44:22,28/6/17,Day of week:,Wednesday,21.50,Grade Celsius,
0,0.00,W/m^2,1:44:25,28/6/17,Day of week:,Wednesday,21.50,Grade Celsius,
0,0.00,W/m^2,1:44:28,28/6/17,Day of week:,Wednesday,21.50,Grade Celsius,
0,0.00,W/m^2,1:44:31,28/6/17,Day of week:,Wednesday,21.50,Grade Celsius,
0,0.00,W/m^2,1:44:34,28/6/17,Day of week:,Wednesday,21.50,Grade Celsius,
0,0.00,W/m^2,1:44:37,28/6/17,Day of week:,Wednesday,21.50,Grade Celsius,
0,0.00,W/m^2,1:44:40,28/6/17,Day of week:,Wednesday,21.50,Grade Celsius,
0,0.00,W/m^2,1:44:43,28/6/17,Day of week:,Wednesday,21.44,Grade Celsius,
0,0.00,W/m^2,1:44:46,28/6/17,Day of week:,Wednesday,21.44,Grade Celsius,
0,0.00,W/m^2,1:44:49,28/6/17,Day of week:,Wednesday,21.44,Grade Celsius,
0,0.00,W/m^2,1:44:52,28/6/17,Day of week:,Wednesday,21.44,Grade Celsius,
0,0.00,W/m^2,1:44:55,28/6/17,Day of week:,Wednesday,21.44,Grade Celsius,
0,0.00,W/m^2,1:44:58,28/6/17,Day of week:,Wednesday,21.44,Grade Celsius,
0,0.00,W/m^2,1:45:01,28/6/17,Day of week:,Wednesday,21.37,Grade Celsius,
0,0.00,W/m^2,1:45:04,28/6/17,Day of week:,Wednesday,21.37,Grade Celsius,
0,0.00,W/m^2,1:45:07,28/6/17,Day of week:,Wednesday,21.37,Grade Celsius,
0,0.00,W/m^2,1:45:11,28/6/17,Day of week:,Wednesday,21.37,Grade Celsius,
0,0.00,W/m^2,1:45:14,28/6/17,Day of week:,Wednesday,21.37,Grade Celsius,
0,0.00,W/m^2,1:45:17,28/6/17,Day of week:,Wednesday,21.37,Grade Celsius,
0,0.00,W/m^2,1:45:20,28/6/17,Day of week:,Wednesday,21.37,Grade Celsius,
0,0.00,W/m^2,1:45:23,28/6/17,Day of week:,Wednesday,21.44,Grade Celsius,
0,0.00,W/m^2,1:45:26,28/6/17,Day of week:,Wednesday,21.37,Grade Celsius,
0,0.00,W/m^2,1:45:29,28/6/17,Day of week:,Wednesday,21.44,Grade Celsius,
0,0.00,W/m^2,1:45:32,28/6/17,Day of week:,Wednesday,21.44,Grade Celsius,
0,0.00,W/m^2,1:45:35,28/6/17,Day of week:,Wednesday,21.44,Grade Celsius,
0,0.00,W/m^2,1:45:38,28/6/17,Day of week:,Wednesday,21.44,Grade Celsius,
0,0.00,W/m^2,1:45:41,28/6/17,Day of week:,Wednesday,21.44,Grade Celsius,
0,0.00,W/m^2,1:45:44,28/6/17,Day of week:,Wednesday,21.44,Grade Celsius,
0,0.00,W/m^2,1:45:47,28/6/17,Day of week:,Wednesday,21.44,Grade Celsius,
0,0.00,W/m^2,1:45:50,28/6/17,Day of week:,Wednesday,21.44,Grade Celsius,
0,0.00,W/m^2,1:45:53,28/6/17,Day of week:,Wednesday,21.44,Grade Celsius,
0,0.00,W/m^2,1:45:56,28/6/17,Day of week:,Wednesday,21.44,Grade Celsius,
0,0.00,W/m^2,1:45:59,28/6/17,Day of week:,Wednesday,21.44,Grade Celsius,
0,0.00,W/m^2,1:46:03,28/6/17,Day of week:,Wednesday,21.44,Grade Celsius,
0,0.00,W/m^2,1:46:06,28/6/17,Day of week:,Wednesday,21.44,Grade Celsius,
0,0.00,W/m^2,1:46:09,28/6/17,Day of week:,Wednesday,21.44,Grade Celsius,
0,0.00,W/m^2,1:46:12,28/6/17,Day of week:,Wednesday,21.44,Grade Celsius,
0,0.00,W/m^2,1:46:15,28/6/17,Day of week:,Wednesday,21.44,Grade Celsius,
0,0.00,W/m^2,1:46:18,28/6/17,Day of week:,Wednesday,21.44,Grade Celsius,
0,0.00,W/m^2,1:46:21,28/6/17,Day of week:,Wednesday,21.44,Grade Celsius,
0,0.00,W/m^2,1:46:24,28/6/17,Day of week:,Wednesday,21.44,Grade Celsius,
0,0.00,W/m^2,1:46:27,28/6/17,Day of week:,Wednesday,21.44,Grade Celsius,
0,0.00,W/m^2,1:46:30,28/6/17,Day of week:,Wednesday,21.37,Grade Celsius,
0,0.00,W/m^2,1:46:33,28/6/17,Day of week:,Wednesday,21.44,Grade Celsius,
0,0.00,W/m^2,1:46:36,28/6/17,Day of week:,Wednesday,21.37,Grade Celsius,
0,0.00,W/m^2,1:46:39,28/6/17,Day of week:,Wednesday,21.37,Grade Celsius,
0,0.00,W/m^2,1:46:42,28/6/17,Day of week:,Wednesday,21.37,Grade Celsius,
0,0.00,W/m^2,1:46:45,28/6/17,Day of week:,Wednesday,21.37,Grade Celsius,
0,0.00,W/m^2,1:46:48,28/6/17,Day of week:,Wednesday,21.37,Grade Celsius,
0,0.00,W/m^2,1:46:51,28/6/17,Day of week:,Wednesday,21.37,Grade Celsius,
0,0.00,W/m^2,1:46:55,28/6/17,Day of week:,Wednesday,21.37,Grade Celsius,
0,0.00,W/m^2,1:46:58,28/6/17,Day of week:,Wednesday,21.37,Grade Celsius,
0,0.00,W/m^2,1:47:01,28/6/17,Day of week:,Wednesday,21.44,Grade Celsius,
0,0.00,W/m^2,1:47:04,28/6/17,Day of week:,Wednesday,21.44,Grade Celsius,
0,0.00,W/m^2,1:47:07,28/6/17,Day of week:,Wednesday,21.44,Grade Celsius,
0,0.00,W/m^2,1:47:10,28/6/17,Day of week:,Wednesday,21.44,Grade Celsius,
0,0.00,W/m^2,1:47:13,28/6/17,Day of week:,Wednesday,21.44,Grade Celsius,
0,0.00,W/m^2,1:47:16,28/6/17,Day of week:,Wednesday,21.44,Grade Celsius,
0,0.00,W/m^2,1:47:19,28/6/17,Day of week:,Wednesday,21.44,Grade Celsius,
0,0.00,W/m^2,1:47:22,28/6/17,Day of week:,Wednesday,21.44,Grade Celsius,
0,0.00,W/m^2,1:47:25,28/6/17,Day of week:,Wednesday,21.44,Grade Celsius,
0,0.00,W/m^2,1:47:28,28/6/17,Day of week:,Wednesday,21.44,Grade Celsius,
0,0.00,W/m^2,1:47:31,28/6/17,Day of week:,Wednesday,21.44,Grade Celsius,
0,0.00,W/m^2,1:47:34,28/6/17,Day of week:,Wednesday,21.44,Grade Celsius,
0,0.00,W/m^2,1:47:38,28/6/17,Day of week:,Wednesday,21.44,Grade Celsius,
0,0.00,W/m^2,1:47:41,28/6/17,Day of week:,Wednesday,21.44,Grade Celsius,
0,0.00,W/m^2,1:47:44,28/6/17,Day of week:,Wednesday,21.44,Grade Celsius,
0,0.00,W/m^2,1:47:47,28/6/17,Day of week:,Wednesday,21.44,Grade Celsius,
0,0.00,W/m^2,1:47:50,28/6/17,Day of week:,Wednesday,21.37,Grade Celsius,
0,0.00,W/m^2,1:47:53,28/6/17,Day of week:,Wednesday,21.44,Grade Celsius,
0,0.00,W/m^2,1:47:56,28/6/17,Day of week:,Wednesday,21.44,Grade Celsius,
0,0.00,W/m^2,1:47:59,28/6/17,Day of week:,Wednesday,21.44,Grade Celsius,
0,0.00,W/m^2,1:48:02,28/6/17,Day of week:,Wednesday,21.44,Grade Celsius,
0,0.00,W/m^2,1:48:05,28/6/17,Day of week:,Wednesday,21.44,Grade Celsius,
0,0.00,W/m^2,1:48:08,28/6/17,Day of week:,Wednesday,21.44,Grade Celsius,
0,0.00,W/m^2,1:48:11,28/6/17,Day of week:,Wednesday,21.37,Grade Celsius,
0,0.00,W/m^2,1:48:14,28/6/17,Day of week:,Wednesday,21.37,Grade Celsius,
0,0.00,W/m^2,1:48:17,28/6/17,Day of week:,Wednesday,21.37,Grade Celsius,
0,0.00,W/m^2,1:48:20,28/6/17,Day of week:,Wednesday,21.37,Grade Celsius,
0,0.00,W/m^2,1:48:23,28/6/17,Day of week:,Wednesday,21.37,Grade Celsius,
0,0.00,W/m^2,1:48:26,28/6/17,Day of week:,Wednesday,21.37,Grade Celsius,
0,0.00,W/m^2,1:48:30,28/6/17,Day of week:,Wednesday,21.37,Grade Celsius,
0,0.00,W/m^2,1:48:33,28/6/17,Day of week:,Wednesday,21.37,Grade Celsius,
0,0.00,W/m^2,1:48:36,28/6/17,Day of week:,Wednesday,21.37,Grade Celsius,
0,0.00,W/m^2,1:48:39,28/6/17,Day of week:,Wednesday,21.37,Grade Celsius,
0,0.00,W/m^2,1:48:42,28/6/17,Day of week:,Wednesday,21.37,Grade Celsius,
0,0.00,W/m^2,1:48:45,28/6/17,Day of week:,Wednesday,21.37,Grade Celsius,
0,0.00,W/m^2,1:48:48,28/6/17,Day of week:,Wednesday,21.37,Grade Celsius,
0,0.00,W/m^2,1:48:51,28/6/17,Day of week:,Wednesday,21.37,Grade Celsius,
0,0.00,W/m^2,1:48:54,28/6/17,Day of week:,Wednesday,21.37,Grade Celsius,
0,0.00,W/m^2,1:48:57,28/6/17,Day of week:,Wednesday,21.37,Grade Celsius,
0,0.00,W/m^2,1:49:00,28/6/17,Day of week:,Wednesday,21.37,Grade Celsius,
0,0.00,W/m^2,1:49:03,28/6/17,Day of week:,Wednesday,21.44,Grade Celsius,
0,0.00,W/m^2,1:49:06,28/6/17,Day of week:,Wednesday,21.44,Grade Celsius,
0,0.00,W/m^2,1:49:09,28/6/17,Day of week:,Wednesday,21.44,Grade Celsius,
0,0.00,W/m^2,1:49:12,28/6/17,Day of week:,Wednesday,21.44,Grade Celsius,
0,0.00,W/m^2,1:49:15,28/6/17,Day of week:,Wednesday,21.44,Grade Celsius,
0,0.00,W/m^2,1:49:19,28/6/17,Day of week:,Wednesday,21.44,Grade Celsius,
0,0.00,W/m^2,1:49:22,28/6/17,Day of week:,Wednesday,21.44,Grade Celsius,
0,0.00,W/m^2,1:49:25,28/6/17,Day of week:,Wednesday,21.44,Grade Celsius,
0,0.00,W/m^2,1:49:28,28/6/17,Day of week:,Wednesday,21.44,Grade Celsius,
0,0.00,W/m^2,1:49:31,28/6/17,Day of week:,Wednesday,21.44,Grade Celsius,
0,0.00,W/m^2,1:49:34,28/6/17,Day of week:,Wednesday,21.44,Grade Celsius,
0,0.00,W/m^2,1:49:37,28/6/17,Day of week:,Wednesday,21.50,Grade Celsius,
0,0.00,W/m^2,1:49:40,28/6/17,Day of week:,Wednesday,21.50,Grade Celsius,
0,0.00,W/m^2,1:49:43,28/6/17,Day of week:,Wednesday,21.44,Grade Celsius,
0,0.00,W/m^2,1:49:46,28/6/17,Day of week:,Wednesday,21.44,Grade Celsius,
0,0.00,W/m^2,1:49:49,28/6/17,Day of week:,Wednesday,21.44,Grade Celsius,
0,0.00,W/m^2,1:49:52,28/6/17,Day of week:,Wednesday,21.44,Grade Celsius,
0,0.00,W/m^2,1:49:55,28/6/17,Day of week:,Wednesday,21.44,Grade Celsius,
0,0.00,W/m^2,1:49:58,28/6/17,Day of week:,Wednesday,21.44,Grade Celsius,
0,0.00,W/m^2,1:50:01,28/6/17,Day of week:,Wednesday,21.44,Grade Celsius,
0,0.00,W/m^2,1:50:04,28/6/17,Day of week:,Wednesday,21.37,Grade Celsius,
0,0.00,W/m^2,1:50:07,28/6/17,Day of week:,Wednesday,21.44,Grade Celsius,
0,0.00,W/m^2,1:50:11,28/6/17,Day of week:,Wednesday,21.37,Grade Celsius,
0,0.00,W/m^2,1:50:14,28/6/17,Day of week:,Wednesday,21.37,Grade Celsius,
0,0.00,W/m^2,1:50:17,28/6/17,Day of week:,Wednesday,21.37,Grade Celsius,
0,0.00,W/m^2,1:50:20,28/6/17,Day of week:,Wednesday,21.37,Grade Celsius,
0,0.00,W/m^2,1:50:23,28/6/17,Day of week:,Wednesday,21.37,Grade Celsius,
0,0.00,W/m^2,1:50:26,28/6/17,Day of week:,Wednesday,21.37,Grade Celsius,
0,0.00,W/m^2,1:50:29,28/6/17,Day of week:,Wednesday,21.37,Grade Celsius,
0,0.00,W/m^2,1:50:32,28/6/17,Day of week:,Wednesday,21.37,Grade Celsius,
0,0.00,W/m^2,1:50:35,28/6/17,Day of week:,Wednesday,21.37,Grade Celsius,
0,0.00,W/m^2,1:50:38,28/6/17,Day of week:,Wednesday,21.37,Grade Celsius,
0,0.00,W/m^2,1:50:41,28/6/17,Day of week:,Wednesday,21.37,Grade Celsius,
0,0.00,W/m^2,1:50:44,28/6/17,Day of week:,Wednesday,21.37,Grade Celsius,
0,0.00,W/m^2,1:50:47,28/6/17,Day of week:,Wednesday,21.31,Grade Celsius,
0,0.00,W/m^2,1:50:50,28/6/17,Day of week:,Wednesday,21.31,Grade Celsius,
0,0.00,W/m^2,1:50:53,28/6/17,Day of week:,Wednesday,21.31,Grade Celsius,
0,0.00,W/m^2,1:50:56,28/6/17,Day of week:,Wednesday,21.31,Grade Celsius,
0,0.00,W/m^2,1:50:59,28/6/17,Day of week:,Wednesday,21.25,Grade Celsius,
0,0.00,W/m^2,1:51:03,28/6/17,Day of week:,Wednesday,21.25,Grade Celsius,
0,0.00,W/m^2,1:51:06,28/6/17,Day of week:,Wednesday,21.31,Grade Celsius,
0,0.00,W/m^2,1:51:09,28/6/17,Day of week:,Wednesday,21.31,Grade Celsius,
0,0.00,W/m^2,1:51:12,28/6/17,Day of week:,Wednesday,21.31,Grade Celsius,
0,0.00,W/m^2,1:51:15,28/6/17,Day of week:,Wednesday,21.31,Grade Celsius,
0,0.00,W/m^2,1:51:18,28/6/17,Day of week:,Wednesday,21.31,Grade Celsius,
0,0.00,W/m^2,1:51:21,28/6/17,Day of week:,Wednesday,21.31,Grade Celsius,
0,0.00,W/m^2,1:51:24,28/6/17,Day of week:,Wednesday,21.31,Grade Celsius,
0,0.00,W/m^2,1:51:27,28/6/17,Day of week:,Wednesday,21.31,Grade Celsius,
0,0.00,W/m^2,1:51:30,28/6/17,Day of week:,Wednesday,21.31,Grade Celsius,
0,0.00,W/m^2,1:51:33,28/6/17,Day of week:,Wednesday,21.31,Grade Celsius,
0,0.00,W/m^2,1:51:36,28/6/17,Day of week:,Wednesday,21.31,Grade Celsius,
0,0.00,W/m^2,1:51:39,28/6/17,Day of week:,Wednesday,21.31,Grade Celsius,
0,0.00,W/m^2,1:51:42,28/6/17,Day of week:,Wednesday,21.31,Grade Celsius,
0,0.00,W/m^2,1:51:45,28/6/17,Day of week:,Wednesday,21.31,Grade Celsius,
0,0.00,W/m^2,1:51:48,28/6/17,Day of week:,Wednesday,21.31,Grade Celsius,
0,0.00,W/m^2,1:51:51,28/6/17,Day of week:,Wednesday,21.31,Grade Celsius,
0,0.00,W/m^2,1:51:55,28/6/17,Day of week:,Wednesday,21.31,Grade Celsius,
0,0.00,W/m^2,1:51:58,28/6/17,Day of week:,Wednesday,21.31,Grade Celsius,
0,0.00,W/m^2,1:52:01,28/6/17,Day of week:,Wednesday,21.31,Grade Celsius,
0,0.00,W/m^2,1:52:04,28/6/17,Day of week:,Wednesday,21.31,Grade Celsius,
0,0.00,W/m^2,1:52:07,28/6/17,Day of week:,Wednesday,21.31,Grade Celsius,
0,0.00,W/m^2,1:52:10,28/6/17,Day of week:,Wednesday,21.31,Grade Celsius,
0,0.00,W/m^2,1:52:13,28/6/17,Day of week:,Wednesday,21.31,Grade Celsius,
0,0.00,W/m^2,1:52:16,28/6/17,Day of week:,Wednesday,21.31,Grade Celsius,
0,0.00,W/m^2,1:52:19,28/6/17,Day of week:,Wednesday,21.31,Grade Celsius,
0,0.00,W/m^2,1:52:22,28/6/17,Day of week:,Wednesday,21.31,Grade Celsius,
0,0.00,W/m^2,1:52:25,28/6/17,Day of week:,Wednesday,21.31,Grade Celsius,
0,0.00,W/m^2,1:52:28,28/6/17,Day of week:,Wednesday,21.31,Grade Celsius,
0,0.00,W/m^2,1:52:31,28/6/17,Day of week:,Wednesday,21.31,Grade Celsius,
0,0.00,W/m^2,1:52:34,28/6/17,Day of week:,Wednesday,21.31,Grade Celsius,
0,0.00,W/m^2,1:52:37,28/6/17,Day of week:,Wednesday,21.31,Grade Celsius,
0,0.00,W/m^2,1:52:40,28/6/17,Day of week:,Wednesday,21.31,Grade Celsius,
0,0.00,W/m^2,1:52:44,28/6/17,Day of week:,Wednesday,21.31,Grade Celsius,
0,0.00,W/m^2,1:52:47,28/6/17,Day of week:,Wednesday,21.31,Grade Celsius,
0,0.00,W/m^2,1:52:50,28/6/17,Day of week:,Wednesday,21.31,Grade Celsius,
0,0.00,W/m^2,1:52:53,28/6/17,Day of week:,Wednesday,21.31,Grade Celsius,
0,0.00,W/m^2,1:52:56,28/6/17,Day of week:,Wednesday,21.31,Grade Celsius,
0,0.00,W/m^2,1:52:59,28/6/17,Day of week:,Wednesday,21.31,Grade Celsius,
0,0.00,W/m^2,1:53:02,28/6/17,Day of week:,Wednesday,21.31,Grade Celsius,
0,0.00,W/m^2,1:53:05,28/6/17,Day of week:,Wednesday,21.31,Grade Celsius,
0,0.00,W/m^2,1:53:08,28/6/17,Day of week:,Wednesday,21.31,Grade Celsius,
0,0.00,W/m^2,1:53:11,28/6/17,Day of week:,Wednesday,21.25,Grade Celsius,
0,0.00,W/m^2,1:53:14,28/6/17,Day of week:,Wednesday,21.25,Grade Celsius,
0,0.00,W/m^2,1:53:17,28/6/17,Day of week:,Wednesday,21.25,Grade Celsius,
0,0.00,W/m^2,1:53:20,28/6/17,Day of week:,Wednesday,21.25,Grade Celsius,
0,0.00,W/m^2,1:53:23,28/6/17,Day of week:,Wednesday,21.25,Grade Celsius,
0,0.00,W/m^2,1:53:26,28/6/17,Day of week:,Wednesday,21.25,Grade Celsius,
0,0.00,W/m^2,1:53:29,28/6/17,Day of week:,Wednesday,21.19,Grade Celsius,
0,0.00,W/m^2,1:53:33,28/6/17,Day of week:,Wednesday,21.19,Grade Celsius,
0,0.00,W/m^2,1:53:36,28/6/17,Day of week:,Wednesday,21.19,Grade Celsius,
0,0.00,W/m^2,1:53:39,28/6/17,Day of week:,Wednesday,21.19,Grade Celsius,
0,0.00,W/m^2,1:53:42,28/6/17,Day of week:,Wednesday,21.19,Grade Celsius,
0,0.00,W/m^2,1:53:45,28/6/17,Day of week:,Wednesday,21.19,Grade Celsius,
0,0.00,W/m^2,1:53:48,28/6/17,Day of week:,Wednesday,21.19,Grade Celsius,
0,0.00,W/m^2,1:53:51,28/6/17,Day of week:,Wednesday,21.19,Grade Celsius,
0,0.00,W/m^2,1:53:54,28/6/17,Day of week:,Wednesday,21.19,Grade Celsius,
0,0.00,W/m^2,1:53:57,28/6/17,Day of week:,Wednesday,21.19,Grade Celsius,
0,0.00,W/m^2,1:54:00,28/6/17,Day of week:,Wednesday,21.19,Grade Celsius,
0,0.00,W/m^2,1:54:03,28/6/17,Day of week:,Wednesday,21.19,Grade Celsius,
0,0.00,W/m^2,1:54:06,28/6/17,Day of week:,Wednesday,21.19,Grade Celsius,
0,0.00,W/m^2,1:54:09,28/6/17,Day of week:,Wednesday,21.19,Grade Celsius,
0,0.00,W/m^2,1:54:12,28/6/17,Day of week:,Wednesday,21.25,Grade Celsius,
0,0.00,W/m^2,1:54:15,28/6/17,Day of week:,Wednesday,21.25,Grade Celsius,
0,0.00,W/m^2,1:54:18,28/6/17,Day of week:,Wednesday,21.25,Grade Celsius,
0,0.00,W/m^2,1:54:22,28/6/17,Day of week:,Wednesday,21.25,Grade Celsius,
0,0.00,W/m^2,1:54:25,28/6/17,Day of week:,Wednesday,21.19,Grade Celsius,
0,0.00,W/m^2,1:54:28,28/6/17,Day of week:,Wednesday,21.25,Grade Celsius,
0,0.00,W/m^2,1:54:31,28/6/17,Day of week:,Wednesday,21.19,Grade Celsius,
0,0.00,W/m^2,1:54:34,28/6/17,Day of week:,Wednesday,21.25,Grade Celsius,
0,0.00,W/m^2,1:54:37,28/6/17,Day of week:,Wednesday,21.25,Grade Celsius,
0,0.00,W/m^2,1:54:40,28/6/17,Day of week:,Wednesday,21.25,Grade Celsius,
0,0.00,W/m^2,1:54:43,28/6/17,Day of week:,Wednesday,21.25,Grade Celsius,
0,0.00,W/m^2,1:54:46,28/6/17,Day of week:,Wednesday,21.25,Grade Celsius,
0,0.00,W/m^2,1:54:49,28/6/17,Day of week:,Wednesday,21.25,Grade Celsius,
0,0.00,W/m^2,1:54:52,28/6/17,Day of week:,Wednesday,21.25,Grade Celsius,
0,0.00,W/m^2,1:54:55,28/6/17,Day of week:,Wednesday,21.25,Grade Celsius,
0,0.00,W/m^2,1:54:58,28/6/17,Day of week:,Wednesday,21.25,Grade Celsius,
0,0.00,W/m^2,1:55:01,28/6/17,Day of week:,Wednesday,21.25,Grade Celsius,
0,0.00,W/m^2,1:55:04,28/6/17,Day of week:,Wednesday,21.25,Grade Celsius,
0,0.00,W/m^2,1:55:07,28/6/17,Day of week:,Wednesday,21.31,Grade Celsius,
0,0.00,W/m^2,1:55:10,28/6/17,Day of week:,Wednesday,21.31,Grade Celsius,
0,0.00,W/m^2,1:55:14,28/6/17,Day of week:,Wednesday,21.25,Grade Celsius,
0,0.00,W/m^2,1:55:17,28/6/17,Day of week:,Wednesday,21.31,Grade Celsius,
0,0.00,W/m^2,1:55:20,28/6/17,Day of week:,Wednesday,21.25,Grade Celsius,
0,0.00,W/m^2,1:55:23,28/6/17,Day of week:,Wednesday,21.25,Grade Celsius,
0,0.00,W/m^2,1:55:26,28/6/17,Day of week:,Wednesday,21.25,Grade Celsius,
0,0.00,W/m^2,1:55:29,28/6/17,Day of week:,Wednesday,21.19,Grade Celsius,
0,0.00,W/m^2,1:55:32,28/6/17,Day of week:,Wednesday,21.19,Grade Celsius,
0,0.00,W/m^2,1:55:35,28/6/17,Day of week:,Wednesday,21.19,Grade Celsius,
0,0.00,W/m^2,1:55:38,28/6/17,Day of week:,Wednesday,21.12,Grade Celsius,
0,0.00,W/m^2,1:55:41,28/6/17,Day of week:,Wednesday,21.12,Grade Celsius,
0,0.00,W/m^2,1:55:44,28/6/17,Day of week:,Wednesday,21.19,Grade Celsius,
0,0.00,W/m^2,1:55:47,28/6/17,Day of week:,Wednesday,21.19,Grade Celsius,
0,0.00,W/m^2,1:55:50,28/6/17,Day of week:,Wednesday,21.19,Grade Celsius,
0,0.00,W/m^2,1:55:53,28/6/17,Day of week:,Wednesday,21.19,Grade Celsius,
0,0.00,W/m^2,1:55:56,28/6/17,Day of week:,Wednesday,21.19,Grade Celsius,
0,0.00,W/m^2,1:55:59,28/6/17,Day of week:,Wednesday,21.19,Grade Celsius,
0,0.00,W/m^2,1:56:02,28/6/17,Day of week:,Wednesday,21.19,Grade Celsius,
0,0.00,W/m^2,1:56:06,28/6/17,Day of week:,Wednesday,21.19,Grade Celsius,
0,0.00,W/m^2,1:56:09,28/6/17,Day of week:,Wednesday,21.19,Grade Celsius,
0,0.00,W/m^2,1:56:12,28/6/17,Day of week:,Wednesday,21.25,Grade Celsius,
0,0.00,W/m^2,1:56:15,28/6/17,Day of week:,Wednesday,21.19,Grade Celsius,
0,0.00,W/m^2,1:56:18,28/6/17,Day of week:,Wednesday,21.19,Grade Celsius,
0,0.00,W/m^2,1:56:21,28/6/17,Day of week:,Wednesday,21.25,Grade Celsius,
0,0.00,W/m^2,1:56:24,28/6/17,Day of week:,Wednesday,21.19,Grade Celsius,
0,0.00,W/m^2,1:56:27,28/6/17,Day of week:,Wednesday,21.25,Grade Celsius,
0,0.00,W/m^2,1:56:30,28/6/17,Day of week:,Wednesday,21.25,Grade Celsius,
0,0.00,W/m^2,1:56:33,28/6/17,Day of week:,Wednesday,21.25,Grade Celsius,
0,0.00,W/m^2,1:56:36,28/6/17,Day of week:,Wednesday,21.25,Grade Celsius,
0,0.00,W/m^2,1:56:39,28/6/17,Day of week:,Wednesday,21.25,Grade Celsius,
0,0.00,W/m^2,1:56:42,28/6/17,Day of week:,Wednesday,21.25,Grade Celsius,
0,0.00,W/m^2,1:56:45,28/6/17,Day of week:,Wednesday,21.25,Grade Celsius,
0,0.00,W/m^2,1:56:48,28/6/17,Day of week:,Wednesday,21.25,Grade Celsius,
0,0.00,W/m^2,1:56:51,28/6/17,Day of week:,Wednesday,21.25,Grade Celsius,
0,0.00,W/m^2,1:56:55,28/6/17,Day of week:,Wednesday,21.25,Grade Celsius,
0,0.00,W/m^2,1:56:58,28/6/17,Day of week:,Wednesday,21.25,Grade Celsius,
0,0.00,W/m^2,1:57:01,28/6/17,Day of week:,Wednesday,21.25,Grade Celsius,
0,0.00,W/m^2,1:57:04,28/6/17,Day of week:,Wednesday,21.25,Grade Celsius,
0,0.00,W/m^2,1:57:07,28/6/17,Day of week:,Wednesday,21.25,Grade Celsius,
0,0.00,W/m^2,1:57:10,28/6/17,Day of week:,Wednesday,21.25,Grade Celsius,
0,0.00,W/m^2,1:57:13,28/6/17,Day of week:,Wednesday,21.25,Grade Celsius,
0,0.00,W/m^2,1:57:16,28/6/17,Day of week:,Wednesday,21.25,Grade Celsius,
0,0.00,W/m^2,1:57:19,28/6/17,Day of week:,Wednesday,21.25,Grade Celsius,
0,0.00,W/m^2,1:57:22,28/6/17,Day of week:,Wednesday,21.25,Grade Celsius,
0,0.00,W/m^2,1:57:25,28/6/17,Day of week:,Wednesday,21.31,Grade Celsius,
0,0.00,W/m^2,1:57:28,28/6/17,Day of week:,Wednesday,21.25,Grade Celsius,
0,0.00,W/m^2,1:57:31,28/6/17,Day of week:,Wednesday,21.25,Grade Celsius,
0,0.00,W/m^2,1:57:34,28/6/17,Day of week:,Wednesday,21.25,Grade Celsius,
0,0.00,W/m^2,1:57:37,28/6/17,Day of week:,Wednesday,21.25,Grade Celsius,
0,0.00,W/m^2,1:57:40,28/6/17,Day of week:,Wednesday,21.25,Grade Celsius,
0,0.00,W/m^2,1:57:43,28/6/17,Day of week:,Wednesday,21.25,Grade Celsius,
0,0.00,W/m^2,1:57:47,28/6/17,Day of week:,Wednesday,21.25,Grade Celsius,
0,0.00,W/m^2,1:57:50,28/6/17,Day of week:,Wednesday,21.25,Grade Celsius,
0,0.00,W/m^2,1:57:53,28/6/17,Day of week:,Wednesday,21.25,Grade Celsius,
0,0.00,W/m^2,1:57:56,28/6/17,Day of week:,Wednesday,21.19,Grade Celsius,
0,0.00,W/m^2,1:57:59,28/6/17,Day of week:,Wednesday,21.25,Grade Celsius,
0,0.00,W/m^2,1:58:02,28/6/17,Day of week:,Wednesday,21.25,Grade Celsius,
0,0.00,W/m^2,1:58:05,28/6/17,Day of week:,Wednesday,21.25,Grade Celsius,
0,0.00,W/m^2,1:58:08,28/6/17,Day of week:,Wednesday,21.25,Grade Celsius,
0,0.00,W/m^2,1:58:11,28/6/17,Day of week:,Wednesday,21.25,Grade Celsius,
0,0.00,W/m^2,1:58:14,28/6/17,Day of week:,Wednesday,21.25,Grade Celsius,
0,0.00,W/m^2,1:58:17,28/6/17,Day of week:,Wednesday,21.25,Grade Celsius,
0,0.00,W/m^2,1:58:20,28/6/17,Day of week:,Wednesday,21.25,Grade Celsius,
0,0.00,W/m^2,1:58:23,28/6/17,Day of week:,Wednesday,21.25,Grade Celsius,
0,0.00,W/m^2,1:58:26,28/6/17,Day of week:,Wednesday,21.25,Grade Celsius,
0,0.00,W/m^2,1:58:29,28/6/17,Day of week:,Wednesday,21.25,Grade Celsius,
0,0.00,W/m^2,1:58:32,28/6/17,Day of week:,Wednesday,21.25,Grade Celsius,
0,0.00,W/m^2,1:58:36,28/6/17,Day of week:,Wednesday,21.25,Grade Celsius,
0,0.00,W/m^2,1:58:39,28/6/17,Day of week:,Wednesday,21.25,Grade Celsius,
0,0.00,W/m^2,1:58:42,28/6/17,Day of week:,Wednesday,21.31,Grade Celsius,
0,0.00,W/m^2,1:58:45,28/6/17,Day of week:,Wednesday,21.31,Grade Celsius,
0,0.00,W/m^2,1:58:48,28/6/17,Day of week:,Wednesday,21.31,Grade Celsius,
0,0.00,W/m^2,1:58:51,28/6/17,Day of week:,Wednesday,21.31,Grade Celsius,
0,0.00,W/m^2,1:58:54,28/6/17,Day of week:,Wednesday,21.31,Grade Celsius,
0,0.00,W/m^2,1:58:57,28/6/17,Day of week:,Wednesday,21.31,Grade Celsius,
0,0.00,W/m^2,1:59:00,28/6/17,Day of week:,Wednesday,21.31,Grade Celsius,
0,0.00,W/m^2,1:59:03,28/6/17,Day of week:,Wednesday,21.31,Grade Celsius,
0,0.00,W/m^2,1:59:06,28/6/17,Day of week:,Wednesday,21.31,Grade Celsius,
0,0.00,W/m^2,1:59:09,28/6/17,Day of week:,Wednesday,21.37,Grade Celsius,
0,0.00,W/m^2,1:59:12,28/6/17,Day of week:,Wednesday,21.37,Grade Celsius,
0,0.00,W/m^2,1:59:15,28/6/17,Day of week:,Wednesday,21.37,Grade Celsius,
0,0.00,W/m^2,1:59:19,28/6/17,Day of week:,Wednesday,21.37,Grade Celsius,
0,0.00,W/m^2,1:59:22,28/6/17,Day of week:,Wednesday,21.37,Grade Celsius,
0,0.00,W/m^2,1:59:25,28/6/17,Day of week:,Wednesday,21.37,Grade Celsius,
0,0.00,W/m^2,1:59:28,28/6/17,Day of week:,Wednesday,21.37,Grade Celsius,
0,0.00,W/m^2,1:59:31,28/6/17,Day of week:,Wednesday,21.37,Grade Celsius,
0,0.00,W/m^2,1:59:34,28/6/17,Day of week:,Wednesday,21.37,Grade Celsius,
0,0.00,W/m^2,1:59:37,28/6/17,Day of week:,Wednesday,21.37,Grade Celsius,
0,0.00,W/m^2,1:59:40,28/6/17,Day of week:,Wednesday,21.37,Grade Celsius,
0,0.00,W/m^2,1:59:43,28/6/17,Day of week:,Wednesday,21.37,Grade Celsius,
0,0.00,W/m^2,1:59:46,28/6/17,Day of week:,Wednesday,21.37,Grade Celsius,
0,0.00,W/m^2,1:59:49,28/6/17,Day of week:,Wednesday,21.37,Grade Celsius,
0,0.00,W/m^2,1:59:52,28/6/17,Day of week:,Wednesday,21.37,Grade Celsius,
0,0.00,W/m^2,1:59:55,28/6/17,Day of week:,Wednesday,21.37,Grade Celsius,
0,0.00,W/m^2,1:59:58,28/6/17,Day of week:,Wednesday,21.37,Grade Celsius,
0,0.00,W/m^2,2:00:01,28/6/17,Day of week:,Wednesday,21.31,Grade Celsius,
0,0.00,W/m^2,2:00:04,28/6/17,Day of week:,Wednesday,21.31,Grade Celsius,
0,0.00,W/m^2,2:00:07,28/6/17,Day of week:,Wednesday,21.31,Grade Celsius,
0,0.00,W/m^2,2:00:11,28/6/17,Day of week:,Wednesday,21.31,Grade Celsius,
0,0.00,W/m^2,2:00:14,28/6/17,Day of week:,Wednesday,21.31,Grade Celsius,
0,0.00,W/m^2,2:00:17,28/6/17,Day of week:,Wednesday,21.31,Grade Celsius,
0,0.00,W/m^2,2:00:20,28/6/17,Day of week:,Wednesday,21.31,Grade Celsius,
0,0.00,W/m^2,2:00:23,28/6/17,Day of week:,Wednesday,21.31,Grade Celsius,
0,0.00,W/m^2,2:00:26,28/6/17,Day of week:,Wednesday,21.31,Grade Celsius,
0,0.00,W/m^2,2:00:29,28/6/17,Day of week:,Wednesday,21.25,Grade Celsius,
0,0.00,W/m^2,2:00:32,28/6/17,Day of week:,Wednesday,21.25,Grade Celsius,
0,0.00,W/m^2,2:00:35,28/6/17,Day of week:,Wednesday,21.25,Grade Celsius,
0,0.00,W/m^2,2:00:38,28/6/17,Day of week:,Wednesday,21.25,Grade Celsius,
0,0.00,W/m^2,2:00:41,28/6/17,Day of week:,Wednesday,21.25,Grade Celsius,
0,0.00,W/m^2,2:00:44,28/6/17,Day of week:,Wednesday,21.25,Grade Celsius,
0,0.00,W/m^2,2:00:47,28/6/17,Day of week:,Wednesday,21.25,Grade Celsius,
0,0.00,W/m^2,2:00:50,28/6/17,Day of week:,Wednesday,21.25,Grade Celsius,
0,0.00,W/m^2,2:00:53,28/6/17,Day of week:,Wednesday,21.25,Grade Celsius,
0,0.00,W/m^2,2:00:56,28/6/17,Day of week:,Wednesday,21.25,Grade Celsius,
0,0.00,W/m^2,2:00:59,28/6/17,Day of week:,Wednesday,21.31,Grade Celsius,
0,0.00,W/m^2,2:01:03,28/6/17,Day of week:,Wednesday,21.31,Grade Celsius,
0,0.00,W/m^2,2:01:06,28/6/17,Day of week:,Wednesday,21.31,Grade Celsius,
0,0.00,W/m^2,2:01:09,28/6/17,Day of week:,Wednesday,21.37,Grade Celsius,
0,0.00,W/m^2,2:01:12,28/6/17,Day of week:,Wednesday,21.31,Grade Celsius,
0,0.00,W/m^2,2:01:15,28/6/17,Day of week:,Wednesday,21.31,Grade Celsius,
0,0.00,W/m^2,2:01:18,28/6/17,Day of week:,Wednesday,21.31,Grade Celsius,
0,0.00,W/m^2,2:01:21,28/6/17,Day of week:,Wednesday,21.31,Grade Celsius,
0,0.00,W/m^2,2:01:24,28/6/17,Day of week:,Wednesday,21.31,Grade Celsius,
0,0.00,W/m^2,2:01:27,28/6/17,Day of week:,Wednesday,21.31,Grade Celsius,
0,0.00,W/m^2,2:01:30,28/6/17,Day of week:,Wednesday,21.25,Grade Celsius,
0,0.00,W/m^2,2:01:33,28/6/17,Day of week:,Wednesday,21.25,Grade Celsius,
0,0.00,W/m^2,2:01:36,28/6/17,Day of week:,Wednesday,21.25,Grade Celsius,
0,0.00,W/m^2,2:01:39,28/6/17,Day of week:,Wednesday,21.25,Grade Celsius,
0,0.00,W/m^2,2:01:42,28/6/17,Day of week:,Wednesday,21.25,Grade Celsius,
0,0.00,W/m^2,2:01:45,28/6/17,Day of week:,Wednesday,21.31,Grade Celsius,
0,0.00,W/m^2,2:01:48,28/6/17,Day of week:,Wednesday,21.25,Grade Celsius,
0,0.00,W/m^2,2:01:51,28/6/17,Day of week:,Wednesday,21.25,Grade Celsius,
0,0.00,W/m^2,2:01:55,28/6/17,Day of week:,Wednesday,21.25,Grade Celsius,
0,0.00,W/m^2,2:01:58,28/6/17,Day of week:,Wednesday,21.25,Grade Celsius,
0,0.00,W/m^2,2:02:01,28/6/17,Day of week:,Wednesday,21.25,Grade Celsius,
0,0.00,W/m^2,2:02:04,28/6/17,Day of week:,Wednesday,21.25,Grade Celsius,
0,0.00,W/m^2,2:02:07,28/6/17,Day of week:,Wednesday,21.25,Grade Celsius,
0,0.00,W/m^2,2:02:10,28/6/17,Day of week:,Wednesday,21.25,Grade Celsius,
0,0.00,W/m^2,2:02:13,28/6/17,Day of week:,Wednesday,21.25,Grade Celsius,
0,0.00,W/m^2,2:02:16,28/6/17,Day of week:,Wednesday,21.25,Grade Celsius,
0,0.00,W/m^2,2:02:19,28/6/17,Day of week:,Wednesday,21.19,Grade Celsius,
0,0.00,W/m^2,2:02:22,28/6/17,Day of week:,Wednesday,21.19,Grade Celsius,
0,0.00,W/m^2,2:02:25,28/6/17,Day of week:,Wednesday,21.19,Grade Celsius,
0,0.00,W/m^2,2:02:28,28/6/17,Day of week:,Wednesday,21.19,Grade Celsius,
0,0.00,W/m^2,2:02:31,28/6/17,Day of week:,Wednesday,21.19,Grade Celsius,
0,0.00,W/m^2,2:02:34,28/6/17,Day of week:,Wednesday,21.19,Grade Celsius,
0,0.00,W/m^2,2:02:37,28/6/17,Day of week:,Wednesday,21.19,Grade Celsius,
0,0.00,W/m^2,2:02:40,28/6/17,Day of week:,Wednesday,21.19,Grade Celsius,
0,0.00,W/m^2,2:02:44,28/6/17,Day of week:,Wednesday,21.19,Grade Celsius,
0,0.00,W/m^2,2:02:47,28/6/17,Day of week:,Wednesday,21.19,Grade Celsius,
0,0.00,W/m^2,2:02:50,28/6/17,Day of week:,Wednesday,21.25,Grade Celsius,
0,0.00,W/m^2,2:02:53,28/6/17,Day of week:,Wednesday,21.25,Grade Celsius,
0,0.00,W/m^2,2:02:56,28/6/17,Day of week:,Wednesday,21.25,Grade Celsius,
0,0.00,W/m^2,2:02:59,28/6/17,Day of week:,Wednesday,21.25,Grade Celsius,
0,0.00,W/m^2,2:03:02,28/6/17,Day of week:,Wednesday,21.19,Grade Celsius,
0,0.00,W/m^2,2:03:05,28/6/17,Day of week:,Wednesday,21.19,Grade Celsius,
0,0.00,W/m^2,2:03:08,28/6/17,Day of week:,Wednesday,21.19,Grade Celsius,
0,0.00,W/m^2,2:03:11,28/6/17,Day of week:,Wednesday,21.19,Grade Celsius,
0,0.00,W/m^2,2:03:14,28/6/17,Day of week:,Wednesday,21.19,Grade Celsius,
0,0.00,W/m^2,2:03:17,28/6/17,Day of week:,Wednesday,21.19,Grade Celsius,
0,0.00,W/m^2,2:03:20,28/6/17,Day of week:,Wednesday,21.19,Grade Celsius,
0,0.00,W/m^2,2:03:23,28/6/17,Day of week:,Wednesday,21.19,Grade Celsius,
0,0.00,W/m^2,2:03:26,28/6/17,Day of week:,Wednesday,21.19,Grade Celsius,
0,0.00,W/m^2,2:03:29,28/6/17,Day of week:,Wednesday,21.19,Grade Celsius,
0,0.00,W/m^2,2:03:33,28/6/17,Day of week:,Wednesday,21.19,Grade Celsius,
0,0.00,W/m^2,2:03:36,28/6/17,Day of week:,Wednesday,21.19,Grade Celsius,
0,0.00,W/m^2,2:03:39,28/6/17,Day of week:,Wednesday,21.19,Grade Celsius,
0,0.00,W/m^2,2:03:42,28/6/17,Day of week:,Wednesday,21.25,Grade Celsius,
0,0.00,W/m^2,2:03:45,28/6/17,Day of week:,Wednesday,21.19,Grade Celsius,
0,0.00,W/m^2,2:03:48,28/6/17,Day of week:,Wednesday,21.25,Grade Celsius,
0,0.00,W/m^2,2:03:51,28/6/17,Day of week:,Wednesday,21.25,Grade Celsius,
0,0.00,W/m^2,2:03:54,28/6/17,Day of week:,Wednesday,21.25,Grade Celsius,
0,0.00,W/m^2,2:03:57,28/6/17,Day of week:,Wednesday,21.25,Grade Celsius,
0,0.00,W/m^2,2:04:00,28/6/17,Day of week:,Wednesday,21.25,Grade Celsius,
0,0.00,W/m^2,2:04:03,28/6/17,Day of week:,Wednesday,21.25,Grade Celsius,
0,0.00,W/m^2,2:04:06,28/6/17,Day of week:,Wednesday,21.25,Grade Celsius,
0,0.00,W/m^2,2:04:09,28/6/17,Day of week:,Wednesday,21.25,Grade Celsius,
0,0.00,W/m^2,2:04:12,28/6/17,Day of week:,Wednesday,21.25,Grade Celsius,
0,0.00,W/m^2,2:04:15,28/6/17,Day of week:,Wednesday,21.25,Grade Celsius,
0,0.00,W/m^2,2:04:18,28/6/17,Day of week:,Wednesday,21.31,Grade Celsius,
0,0.00,W/m^2,2:04:22,28/6/17,Day of week:,Wednesday,21.25,Grade Celsius,
0,0.00,W/m^2,2:04:25,28/6/17,Day of week:,Wednesday,21.25,Grade Celsius,
0,0.00,W/m^2,2:04:28,28/6/17,Day of week:,Wednesday,21.31,Grade Celsius,
0,0.00,W/m^2,2:04:31,28/6/17,Day of week:,Wednesday,21.31,Grade Celsius,
0,0.00,W/m^2,2:04:34,28/6/17,Day of week:,Wednesday,21.31,Grade Celsius,
0,0.00,W/m^2,2:04:37,28/6/17,Day of week:,Wednesday,21.31,Grade Celsius,
0,0.00,W/m^2,2:04:40,28/6/17,Day of week:,Wednesday,21.31,Grade Celsius,
0,0.00,W/m^2,2:04:43,28/6/17,Day of week:,Wednesday,21.31,Grade Celsius,
0,0.00,W/m^2,2:04:46,28/6/17,Day of week:,Wednesday,21.31,Grade Celsius,
0,0.00,W/m^2,2:04:49,28/6/17,Day of week:,Wednesday,21.31,Grade Celsius,
0,0.00,W/m^2,2:04:52,28/6/17,Day of week:,Wednesday,21.31,Grade Celsius,
0,0.00,W/m^2,2:04:55,28/6/17,Day of week:,Wednesday,21.31,Grade Celsius,
0,0.00,W/m^2,2:04:58,28/6/17,Day of week:,Wednesday,21.31,Grade Celsius,
0,0.00,W/m^2,2:05:01,28/6/17,Day of week:,Wednesday,21.31,Grade Celsius,
0,0.00,W/m^2,2:05:04,28/6/17,Day of week:,Wednesday,21.31,Grade Celsius,
0,0.00,W/m^2,2:05:07,28/6/17,Day of week:,Wednesday,21.31,Grade Celsius,
0,0.00,W/m^2,2:05:10,28/6/17,Day of week:,Wednesday,21.31,Grade Celsius,
0,0.00,W/m^2,2:05:14,28/6/17,Day of week:,Wednesday,21.31,Grade Celsius,
0,0.00,W/m^2,2:05:17,28/6/17,Day of week:,Wednesday,21.31,Grade Celsius,
0,0.00,W/m^2,2:05:20,28/6/17,Day of week:,Wednesday,21.31,Grade Celsius,
0,0.00,W/m^2,2:05:23,28/6/17,Day of week:,Wednesday,21.31,Grade Celsius,
0,0.00,W/m^2,2:05:26,28/6/17,Day of week:,Wednesday,21.37,Grade Celsius,
0,0.00,W/m^2,2:05:29,28/6/17,Day of week:,Wednesday,21.31,Grade Celsius,
0,0.00,W/m^2,2:05:32,28/6/17,Day of week:,Wednesday,21.31,Grade Celsius,
0,0.00,W/m^2,2:05:35,28/6/17,Day of week:,Wednesday,21.31,Grade Celsius,
0,0.00,W/m^2,2:05:38,28/6/17,Day of week:,Wednesday,21.31,Grade Celsius,
0,0.00,W/m^2,2:05:41,28/6/17,Day of week:,Wednesday,21.31,Grade Celsius,
0,0.00,W/m^2,2:05:44,28/6/17,Day of week:,Wednesday,21.31,Grade Celsius,
0,0.00,W/m^2,2:05:47,28/6/17,Day of week:,Wednesday,21.31,Grade Celsius,
0,0.00,W/m^2,2:05:50,28/6/17,Day of week:,Wednesday,21.31,Grade Celsius,
0,0.00,W/m^2,2:05:53,28/6/17,Day of week:,Wednesday,21.31,Grade Celsius,
0,0.00,W/m^2,2:05:56,28/6/17,Day of week:,Wednesday,21.31,Grade Celsius,
0,0.00,W/m^2,2:05:59,28/6/17,Day of week:,Wednesday,21.31,Grade Celsius,
0,0.00,W/m^2,2:06:02,28/6/17,Day of week:,Wednesday,21.31,Grade Celsius,
0,0.00,W/m^2,2:06:06,28/6/17,Day of week:,Wednesday,21.31,Grade Celsius,
0,0.00,W/m^2,2:06:09,28/6/17,Day of week:,Wednesday,21.31,Grade Celsius,
0,0.00,W/m^2,2:06:12,28/6/17,Day of week:,Wednesday,21.31,Grade Celsius,
0,0.00,W/m^2,2:06:15,28/6/17,Day of week:,Wednesday,21.25,Grade Celsius,
0,0.00,W/m^2,2:06:18,28/6/17,Day of week:,Wednesday,21.25,Grade Celsius,
0,0.00,W/m^2,2:06:21,28/6/17,Day of week:,Wednesday,21.25,Grade Celsius,
0,0.00,W/m^2,2:06:24,28/6/17,Day of week:,Wednesday,21.25,Grade Celsius,
0,0.00,W/m^2,2:06:27,28/6/17,Day of week:,Wednesday,21.31,Grade Celsius,
0,0.00,W/m^2,2:06:30,28/6/17,Day of week:,Wednesday,21.31,Grade Celsius,
0,0.00,W/m^2,2:06:33,28/6/17,Day of week:,Wednesday,21.31,Grade Celsius,
0,0.00,W/m^2,2:06:36,28/6/17,Day of week:,Wednesday,21.31,Grade Celsius,
0,0.00,W/m^2,2:06:39,28/6/17,Day of week:,Wednesday,21.31,Grade Celsius,
0,0.00,W/m^2,2:06:42,28/6/17,Day of week:,Wednesday,21.31,Grade Celsius,
0,0.00,W/m^2,2:06:45,28/6/17,Day of week:,Wednesday,21.31,Grade Celsius,
0,0.00,W/m^2,2:06:48,28/6/17,Day of week:,Wednesday,21.31,Grade Celsius,
0,0.00,W/m^2,2:06:51,28/6/17,Day of week:,Wednesday,21.31,Grade Celsius,
0,0.00,W/m^2,2:06:54,28/6/17,Day of week:,Wednesday,21.25,Grade Celsius,
0,0.00,W/m^2,2:06:58,28/6/17,Day of week:,Wednesday,21.25,Grade Celsius,
0,0.00,W/m^2,2:07:01,28/6/17,Day of week:,Wednesday,21.25,Grade Celsius,
0,0.00,W/m^2,2:07:04,28/6/17,Day of week:,Wednesday,21.25,Grade Celsius,
0,0.00,W/m^2,2:07:07,28/6/17,Day of week:,Wednesday,21.25,Grade Celsius,
0,0.00,W/m^2,2:07:10,28/6/17,Day of week:,Wednesday,21.25,Grade Celsius,
0,0.00,W/m^2,2:07:13,28/6/17,Day of week:,Wednesday,21.25,Grade Celsius,
0,0.00,W/m^2,2:07:16,28/6/17,Day of week:,Wednesday,21.25,Grade Celsius,
0,0.00,W/m^2,2:07:19,28/6/17,Day of week:,Wednesday,21.31,Grade Celsius,
0,0.00,W/m^2,2:07:22,28/6/17,Day of week:,Wednesday,21.31,Grade Celsius,
0,0.00,W/m^2,2:07:25,28/6/17,Day of week:,Wednesday,21.25,Grade Celsius,
0,0.00,W/m^2,2:07:28,28/6/17,Day of week:,Wednesday,21.31,Grade Celsius,
0,0.00,W/m^2,2:07:31,28/6/17,Day of week:,Wednesday,21.31,Grade Celsius,
0,0.00,W/m^2,2:07:34,28/6/17,Day of week:,Wednesday,21.31,Grade Celsius,
0,0.00,W/m^2,2:07:37,28/6/17,Day of week:,Wednesday,21.31,Grade Celsius,
0,0.00,W/m^2,2:07:40,28/6/17,Day of week:,Wednesday,21.31,Grade Celsius,
0,0.00,W/m^2,2:07:43,28/6/17,Day of week:,Wednesday,21.31,Grade Celsius,
0,0.00,W/m^2,2:07:46,28/6/17,Day of week:,Wednesday,21.31,Grade Celsius,
0,0.00,W/m^2,2:07:50,28/6/17,Day of week:,Wednesday,21.31,Grade Celsius,
0,0.00,W/m^2,2:07:53,28/6/17,Day of week:,Wednesday,21.31,Grade Celsius,
0,0.00,W/m^2,2:07:56,28/6/17,Day of week:,Wednesday,21.31,Grade Celsius,
0,0.00,W/m^2,2:07:59,28/6/17,Day of week:,Wednesday,21.31,Grade Celsius,
0,0.00,W/m^2,2:08:02,28/6/17,Day of week:,Wednesday,21.31,Grade Celsius,
0,0.00,W/m^2,2:08:05,28/6/17,Day of week:,Wednesday,21.31,Grade Celsius,
0,0.00,W/m^2,2:08:08,28/6/17,Day of week:,Wednesday,21.31,Grade Celsius,
0,0.00,W/m^2,2:08:11,28/6/17,Day of week:,Wednesday,21.31,Grade Celsius,
0,0.00,W/m^2,2:08:14,28/6/17,Day of week:,Wednesday,21.31,Grade Celsius,
0,0.00,W/m^2,2:08:17,28/6/17,Day of week:,Wednesday,21.31,Grade Celsius,
0,0.00,W/m^2,2:08:20,28/6/17,Day of week:,Wednesday,21.31,Grade Celsius,
0,0.00,W/m^2,2:08:23,28/6/17,Day of week:,Wednesday,21.31,Grade Celsius,
0,0.00,W/m^2,2:08:26,28/6/17,Day of week:,Wednesday,21.31,Grade Celsius,
0,0.00,W/m^2,2:08:29,28/6/17,Day of week:,Wednesday,21.25,Grade Celsius,
0,0.00,W/m^2,2:08:32,28/6/17,Day of week:,Wednesday,21.31,Grade Celsius,
0,0.00,W/m^2,2:08:35,28/6/17,Day of week:,Wednesday,21.25,Grade Celsius,
0,0.00,W/m^2,2:08:39,28/6/17,Day of week:,Wednesday,21.31,Grade Celsius,
0,0.00,W/m^2,2:08:42,28/6/17,Day of week:,Wednesday,21.25,Grade Celsius,
0,0.00,W/m^2,2:08:45,28/6/17,Day of week:,Wednesday,21.25,Grade Celsius,
0,0.00,W/m^2,2:08:48,28/6/17,Day of week:,Wednesday,21.31,Grade Celsius,
0,0.00,W/m^2,2:08:51,28/6/17,Day of week:,Wednesday,21.31,Grade Celsius,
0,0.00,W/m^2,2:08:54,28/6/17,Day of week:,Wednesday,21.31,Grade Celsius,
0,0.00,W/m^2,2:08:57,28/6/17,Day of week:,Wednesday,21.31,Grade Celsius,
0,0.00,W/m^2,2:09:00,28/6/17,Day of week:,Wednesday,21.25,Grade Celsius,
0,0.00,W/m^2,2:09:03,28/6/17,Day of week:,Wednesday,21.31,Grade Celsius,
0,0.00,W/m^2,2:09:06,28/6/17,Day of week:,Wednesday,21.31,Grade Celsius,
0,0.00,W/m^2,2:09:09,28/6/17,Day of week:,Wednesday,21.31,Grade Celsius,
0,0.00,W/m^2,2:09:12,28/6/17,Day of week:,Wednesday,21.31,Grade Celsius,
0,0.00,W/m^2,2:09:15,28/6/17,Day of week:,Wednesday,21.25,Grade Celsius,
0,0.00,W/m^2,2:09:18,28/6/17,Day of week:,Wednesday,21.25,Grade Celsius,
0,0.00,W/m^2,2:09:21,28/6/17,Day of week:,Wednesday,21.25,Grade Celsius,
0,0.00,W/m^2,2:09:24,28/6/17,Day of week:,Wednesday,21.25,Grade Celsius,
0,0.00,W/m^2,2:09:27,28/6/17,Day of week:,Wednesday,21.25,Grade Celsius,
0,0.00,W/m^2,2:09:31,28/6/17,Day of week:,Wednesday,21.31,Grade Celsius,
0,0.00,W/m^2,2:09:34,28/6/17,Day of week:,Wednesday,21.25,Grade Celsius,
0,0.00,W/m^2,2:09:37,28/6/17,Day of week:,Wednesday,21.25,Grade Celsius,
0,0.00,W/m^2,2:09:40,28/6/17,Day of week:,Wednesday,21.31,Grade Celsius,
0,0.00,W/m^2,2:09:43,28/6/17,Day of week:,Wednesday,21.25,Grade Celsius,
0,0.00,W/m^2,2:09:46,28/6/17,Day of week:,Wednesday,21.25,Grade Celsius,
0,0.00,W/m^2,2:09:49,28/6/17,Day of week:,Wednesday,21.25,Grade Celsius,
0,0.00,W/m^2,2:09:52,28/6/17,Day of week:,Wednesday,21.25,Grade Celsius,
0,0.00,W/m^2,2:09:55,28/6/17,Day of week:,Wednesday,21.31,Grade Celsius,
0,0.00,W/m^2,2:09:58,28/6/17,Day of week:,Wednesday,21.25,Grade Celsius,
0,0.00,W/m^2,2:10:01,28/6/17,Day of week:,Wednesday,21.25,Grade Celsius,
0,0.00,W/m^2,2:10:04,28/6/17,Day of week:,Wednesday,21.25,Grade Celsius,
0,0.00,W/m^2,2:10:07,28/6/17,Day of week:,Wednesday,21.25,Grade Celsius,
0,0.00,W/m^2,2:10:11,28/6/17,Day of week:,Wednesday,21.25,Grade Celsius,
0,0.00,W/m^2,2:10:14,28/6/17,Day of week:,Wednesday,21.25,Grade Celsius,
0,0.00,W/m^2,2:10:17,28/6/17,Day of week:,Wednesday,21.25,Grade Celsius,
0,0.00,W/m^2,2:10:20,28/6/17,Day of week:,Wednesday,21.31,Grade Celsius,
0,0.00,W/m^2,2:10:23,28/6/17,Day of week:,Wednesday,21.25,Grade Celsius,
0,0.00,W/m^2,2:10:26,28/6/17,Day of week:,Wednesday,21.31,Grade Celsius,
0,0.00,W/m^2,2:10:29,28/6/17,Day of week:,Wednesday,21.25,Grade Celsius,
0,0.00,W/m^2,2:10:32,28/6/17,Day of week:,Wednesday,21.25,Grade Celsius,
0,0.00,W/m^2,2:10:35,28/6/17,Day of week:,Wednesday,21.31,Grade Celsius,
0,0.00,W/m^2,2:10:38,28/6/17,Day of week:,Wednesday,21.31,Grade Celsius,
0,0.00,W/m^2,2:10:41,28/6/17,Day of week:,Wednesday,21.31,Grade Celsius,
0,0.00,W/m^2,2:10:44,28/6/17,Day of week:,Wednesday,21.31,Grade Celsius,
0,0.00,W/m^2,2:10:47,28/6/17,Day of week:,Wednesday,21.31,Grade Celsius,
0,0.00,W/m^2,2:10:50,28/6/17,Day of week:,Wednesday,21.31,Grade Celsius,
0,0.00,W/m^2,2:10:53,28/6/17,Day of week:,Wednesday,21.31,Grade Celsius,
0,0.00,W/m^2,2:10:56,28/6/17,Day of week:,Wednesday,21.31,Grade Celsius,
0,0.00,W/m^2,2:10:59,28/6/17,Day of week:,Wednesday,21.31,Grade Celsius,
0,0.00,W/m^2,2:11:03,28/6/17,Day of week:,Wednesday,21.31,Grade Celsius,
0,0.00,W/m^2,2:11:06,28/6/17,Day of week:,Wednesday,21.31,Grade Celsius,
0,0.00,W/m^2,2:11:09,28/6/17,Day of week:,Wednesday,21.25,Grade Celsius,
0,0.00,W/m^2,2:11:12,28/6/17,Day of week:,Wednesday,21.31,Grade Celsius,
0,0.00,W/m^2,2:11:15,28/6/17,Day of week:,Wednesday,21.31,Grade Celsius,
0,0.00,W/m^2,2:11:18,28/6/17,Day of week:,Wednesday,21.25,Grade Celsius,
0,0.00,W/m^2,2:11:21,28/6/17,Day of week:,Wednesday,21.25,Grade Celsius,
0,0.00,W/m^2,2:11:24,28/6/17,Day of week:,Wednesday,21.25,Grade Celsius,
0,0.00,W/m^2,2:11:27,28/6/17,Day of week:,Wednesday,21.25,Grade Celsius,
0,0.00,W/m^2,2:11:30,28/6/17,Day of week:,Wednesday,21.25,Grade Celsius,
0,0.00,W/m^2,2:11:33,28/6/17,Day of week:,Wednesday,21.25,Grade Celsius,
0,0.00,W/m^2,2:11:36,28/6/17,Day of week:,Wednesday,21.25,Grade Celsius,
0,0.00,W/m^2,2:11:39,28/6/17,Day of week:,Wednesday,21.25,Grade Celsius,
0,0.00,W/m^2,2:11:42,28/6/17,Day of week:,Wednesday,21.25,Grade Celsius,
0,0.00,W/m^2,2:11:45,28/6/17,Day of week:,Wednesday,21.25,Grade Celsius,
0,0.00,W/m^2,2:11:48,28/6/17,Day of week:,Wednesday,21.31,Grade Celsius,
0,0.00,W/m^2,2:11:51,28/6/17,Day of week:,Wednesday,21.31,Grade Celsius,
0,0.00,W/m^2,2:11:55,28/6/17,Day of week:,Wednesday,21.31,Grade Celsius,
0,0.00,W/m^2,2:11:58,28/6/17,Day of week:,Wednesday,21.31,Grade Celsius,
0,0.00,W/m^2,2:12:01,28/6/17,Day of week:,Wednesday,21.31,Grade Celsius,
0,0.00,W/m^2,2:12:04,28/6/17,Day of week:,Wednesday,21.31,Grade Celsius,
0,0.00,W/m^2,2:12:07,28/6/17,Day of week:,Wednesday,21.31,Grade Celsius,
0,0.00,W/m^2,2:12:10,28/6/17,Day of week:,Wednesday,21.31,Grade Celsius,
0,0.00,W/m^2,2:12:13,28/6/17,Day of week:,Wednesday,21.31,Grade Celsius,
0,0.00,W/m^2,2:12:16,28/6/17,Day of week:,Wednesday,21.31,Grade Celsius,
0,0.00,W/m^2,2:12:19,28/6/17,Day of week:,Wednesday,21.31,Grade Celsius,
0,0.00,W/m^2,2:12:22,28/6/17,Day of week:,Wednesday,21.31,Grade Celsius,
0,0.00,W/m^2,2:12:25,28/6/17,Day of week:,Wednesday,21.31,Grade Celsius,
0,0.00,W/m^2,2:12:28,28/6/17,Day of week:,Wednesday,21.31,Grade Celsius,
0,0.00,W/m^2,2:12:31,28/6/17,Day of week:,Wednesday,21.31,Grade Celsius,
0,0.00,W/m^2,2:12:34,28/6/17,Day of week:,Wednesday,21.31,Grade Celsius,
0,0.00,W/m^2,2:12:37,28/6/17,Day of week:,Wednesday,21.31,Grade Celsius,
0,0.00,W/m^2,2:12:40,28/6/17,Day of week:,Wednesday,21.31,Grade Celsius,
0,0.00,W/m^2,2:12:43,28/6/17,Day of week:,Wednesday,21.31,Grade Celsius,
0,0.00,W/m^2,2:12:47,28/6/17,Day of week:,Wednesday,21.31,Grade Celsius,
0,0.00,W/m^2,2:12:50,28/6/17,Day of week:,Wednesday,21.31,Grade Celsius,
0,0.00,W/m^2,2:12:53,28/6/17,Day of week:,Wednesday,21.31,Grade Celsius,
0,0.00,W/m^2,2:12:56,28/6/17,Day of week:,Wednesday,21.31,Grade Celsius,
0,0.00,W/m^2,2:12:59,28/6/17,Day of week:,Wednesday,21.31,Grade Celsius,
0,0.00,W/m^2,2:13:02,28/6/17,Day of week:,Wednesday,21.31,Grade Celsius,
0,0.00,W/m^2,2:13:05,28/6/17,Day of week:,Wednesday,21.31,Grade Celsius,
0,0.00,W/m^2,2:13:08,28/6/17,Day of week:,Wednesday,21.31,Grade Celsius,
0,0.00,W/m^2,2:13:11,28/6/17,Day of week:,Wednesday,21.31,Grade Celsius,
0,0.00,W/m^2,2:13:14,28/6/17,Day of week:,Wednesday,21.31,Grade Celsius,
0,0.00,W/m^2,2:13:17,28/6/17,Day of week:,Wednesday,21.31,Grade Celsius,
0,0.00,W/m^2,2:13:20,28/6/17,Day of week:,Wednesday,21.31,Grade Celsius,
0,0.00,W/m^2,2:13:23,28/6/17,Day of week:,Wednesday,21.31,Grade Celsius,
0,0.00,W/m^2,2:13:26,28/6/17,Day of week:,Wednesday,21.31,Grade Celsius,
0,0.00,W/m^2,2:13:29,28/6/17,Day of week:,Wednesday,21.37,Grade Celsius,
0,0.00,W/m^2,2:13:32,28/6/17,Day of week:,Wednesday,21.31,Grade Celsius,
0,0.00,W/m^2,2:13:36,28/6/17,Day of week:,Wednesday,21.31,Grade Celsius,
0,0.00,W/m^2,2:13:39,28/6/17,Day of week:,Wednesday,21.31,Grade Celsius,
0,0.00,W/m^2,2:13:42,28/6/17,Day of week:,Wednesday,21.31,Grade Celsius,
0,0.00,W/m^2,2:13:45,28/6/17,Day of week:,Wednesday,21.31,Grade Celsius,
0,0.00,W/m^2,2:13:48,28/6/17,Day of week:,Wednesday,21.31,Grade Celsius,
0,0.00,W/m^2,2:13:51,28/6/17,Day of week:,Wednesday,21.31,Grade Celsius,
0,0.00,W/m^2,2:13:54,28/6/17,Day of week:,Wednesday,21.31,Grade Celsius,
0,0.00,W/m^2,2:13:57,28/6/17,Day of week:,Wednesday,21.31,Grade Celsius,
0,0.00,W/m^2,2:14:00,28/6/17,Day of week:,Wednesday,21.31,Grade Celsius,
0,0.00,W/m^2,2:14:03,28/6/17,Day of week:,Wednesday,21.31,Grade Celsius,
0,0.00,W/m^2,2:14:06,28/6/17,Day of week:,Wednesday,21.31,Grade Celsius,
0,0.00,W/m^2,2:14:09,28/6/17,Day of week:,Wednesday,21.31,Grade Celsius,
0,0.00,W/m^2,2:14:12,28/6/17,Day of week:,Wednesday,21.31,Grade Celsius,
0,0.00,W/m^2,2:14:15,28/6/17,Day of week:,Wednesday,21.31,Grade Celsius,
0,0.00,W/m^2,2:14:18,28/6/17,Day of week:,Wednesday,21.31,Grade Celsius,
0,0.00,W/m^2,2:14:21,28/6/17,Day of week:,Wednesday,21.31,Grade Celsius,
0,0.00,W/m^2,2:14:24,28/6/17,Day of week:,Wednesday,21.31,Grade Celsius,
0,0.00,W/m^2,2:14:28,28/6/17,Day of week:,Wednesday,21.31,Grade Celsius,
0,0.00,W/m^2,2:14:31,28/6/17,Day of week:,Wednesday,21.31,Grade Celsius,
0,0.00,W/m^2,2:14:34,28/6/17,Day of week:,Wednesday,21.31,Grade Celsius,
0,0.00,W/m^2,2:14:37,28/6/17,Day of week:,Wednesday,21.31,Grade Celsius,
0,0.00,W/m^2,2:14:40,28/6/17,Day of week:,Wednesday,21.31,Grade Celsius,
0,0.00,W/m^2,2:14:43,28/6/17,Day of week:,Wednesday,21.31,Grade Celsius,
0,0.00,W/m^2,2:14:46,28/6/17,Day of week:,Wednesday,21.31,Grade Celsius,
0,0.00,W/m^2,2:14:49,28/6/17,Day of week:,Wednesday,21.31,Grade Celsius,
0,0.00,W/m^2,2:14:52,28/6/17,Day of week:,Wednesday,21.31,Grade Celsius,
0,0.00,W/m^2,2:14:55,28/6/17,Day of week:,Wednesday,21.31,Grade Celsius,
0,0.00,W/m^2,2:14:58,28/6/17,Day of week:,Wednesday,21.31,Grade Celsius,
0,0.00,W/m^2,2:15:01,28/6/17,Day of week:,Wednesday,21.31,Grade Celsius,
0,0.00,W/m^2,2:15:04,28/6/17,Day of week:,Wednesday,21.31,Grade Celsius,
0,0.00,W/m^2,2:15:07,28/6/17,Day of week:,Wednesday,21.31,Grade Celsius,
0,0.00,W/m^2,2:15:10,28/6/17,Day of week:,Wednesday,21.31,Grade Celsius,
0,0.00,W/m^2,2:15:13,28/6/17,Day of week:,Wednesday,21.25,Grade Celsius,
0,0.00,W/m^2,2:15:17,28/6/17,Day of week:,Wednesday,21.25,Grade Celsius,
0,0.00,W/m^2,2:15:20,28/6/17,Day of week:,Wednesday,21.25,Grade Celsius,
0,0.00,W/m^2,2:15:23,28/6/17,Day of week:,Wednesday,21.25,Grade Celsius,
0,0.00,W/m^2,2:15:26,28/6/17,Day of week:,Wednesday,21.25,Grade Celsius,
0,0.00,W/m^2,2:15:29,28/6/17,Day of week:,Wednesday,21.25,Grade Celsius,
0,0.00,W/m^2,2:15:32,28/6/17,Day of week:,Wednesday,21.25,Grade Celsius,
0,0.00,W/m^2,2:15:35,28/6/17,Day of week:,Wednesday,21.25,Grade Celsius,
0,0.00,W/m^2,2:15:38,28/6/17,Day of week:,Wednesday,21.25,Grade Celsius,
0,0.00,W/m^2,2:15:41,28/6/17,Day of week:,Wednesday,21.25,Grade Celsius,
0,0.00,W/m^2,2:15:44,28/6/17,Day of week:,Wednesday,21.19,Grade Celsius,
0,0.00,W/m^2,2:15:47,28/6/17,Day of week:,Wednesday,21.25,Grade Celsius,
0,0.00,W/m^2,2:15:50,28/6/17,Day of week:,Wednesday,21.19,Grade Celsius,
0,0.00,W/m^2,2:15:53,28/6/17,Day of week:,Wednesday,21.19,Grade Celsius,
0,0.00,W/m^2,2:15:56,28/6/17,Day of week:,Wednesday,21.19,Grade Celsius,
0,0.00,W/m^2,2:15:59,28/6/17,Day of week:,Wednesday,21.19,Grade Celsius,
0,0.00,W/m^2,2:16:02,28/6/17,Day of week:,Wednesday,21.19,Grade Celsius,
0,0.00,W/m^2,2:16:06,28/6/17,Day of week:,Wednesday,21.19,Grade Celsius,
0,0.00,W/m^2,2:16:09,28/6/17,Day of week:,Wednesday,21.19,Grade Celsius,
0,0.00,W/m^2,2:16:12,28/6/17,Day of week:,Wednesday,21.19,Grade Celsius,
0,0.00,W/m^2,2:16:15,28/6/17,Day of week:,Wednesday,21.19,Grade Celsius,
0,0.00,W/m^2,2:16:18,28/6/17,Day of week:,Wednesday,21.19,Grade Celsius,
0,0.00,W/m^2,2:16:21,28/6/17,Day of week:,Wednesday,21.19,Grade Celsius,
0,0.00,W/m^2,2:16:24,28/6/17,Day of week:,Wednesday,21.19,Grade Celsius,
0,0.00,W/m^2,2:16:27,28/6/17,Day of week:,Wednesday,21.19,Grade Celsius,
0,0.00,W/m^2,2:16:30,28/6/17,Day of week:,Wednesday,21.19,Grade Celsius,
0,0.00,W/m^2,2:16:33,28/6/17,Day of week:,Wednesday,21.25,Grade Celsius,
0,0.00,W/m^2,2:16:36,28/6/17,Day of week:,Wednesday,21.19,Grade Celsius,
0,0.00,W/m^2,2:16:39,28/6/17,Day of week:,Wednesday,21.19,Grade Celsius,
0,0.00,W/m^2,2:16:42,28/6/17,Day of week:,Wednesday,21.19,Grade Celsius,
0,0.00,W/m^2,2:16:45,28/6/17,Day of week:,Wednesday,21.25,Grade Celsius,
0,0.00,W/m^2,2:16:48,28/6/17,Day of week:,Wednesday,21.25,Grade Celsius,
0,0.00,W/m^2,2:16:51,28/6/17,Day of week:,Wednesday,21.25,Grade Celsius,
0,0.00,W/m^2,2:16:54,28/6/17,Day of week:,Wednesday,21.25,Grade Celsius,
0,0.00,W/m^2,2:16:58,28/6/17,Day of week:,Wednesday,21.19,Grade Celsius,
0,0.00,W/m^2,2:17:01,28/6/17,Day of week:,Wednesday,21.19,Grade Celsius,
0,0.00,W/m^2,2:17:04,28/6/17,Day of week:,Wednesday,21.25,Grade Celsius,
0,0.00,W/m^2,2:17:07,28/6/17,Day of week:,Wednesday,21.25,Grade Celsius,
0,0.00,W/m^2,2:17:10,28/6/17,Day of week:,Wednesday,21.25,Grade Celsius,
0,0.00,W/m^2,2:17:13,28/6/17,Day of week:,Wednesday,21.19,Grade Celsius,
0,0.00,W/m^2,2:17:16,28/6/17,Day of week:,Wednesday,21.25,Grade Celsius,
0,0.00,W/m^2,2:17:19,28/6/17,Day of week:,Wednesday,21.25,Grade Celsius,
0,0.00,W/m^2,2:17:22,28/6/17,Day of week:,Wednesday,21.25,Grade Celsius,
0,0.00,W/m^2,2:17:25,28/6/17,Day of week:,Wednesday,21.19,Grade Celsius,
0,0.00,W/m^2,2:17:28,28/6/17,Day of week:,Wednesday,21.25,Grade Celsius,
0,0.00,W/m^2,2:17:31,28/6/17,Day of week:,Wednesday,21.25,Grade Celsius,
0,0.00,W/m^2,2:17:34,28/6/17,Day of week:,Wednesday,21.25,Grade Celsius,
0,0.00,W/m^2,2:17:37,28/6/17,Day of week:,Wednesday,21.25,Grade Celsius,
0,0.00,W/m^2,2:17:40,28/6/17,Day of week:,Wednesday,21.25,Grade Celsius,
0,0.00,W/m^2,2:17:43,28/6/17,Day of week:,Wednesday,21.25,Grade Celsius,
0,0.00,W/m^2,2:17:46,28/6/17,Day of week:,Wednesday,21.25,Grade Celsius,
0,0.00,W/m^2,2:17:50,28/6/17,Day of week:,Wednesday,21.25,Grade Celsius,
0,0.00,W/m^2,2:17:53,28/6/17,Day of week:,Wednesday,21.25,Grade Celsius,
0,0.00,W/m^2,2:17:56,28/6/17,Day of week:,Wednesday,21.25,Grade Celsius,
0,0.00,W/m^2,2:17:59,28/6/17,Day of week:,Wednesday,21.25,Grade Celsius,
0,0.00,W/m^2,2:18:02,28/6/17,Day of week:,Wednesday,21.25,Grade Celsius,
0,0.00,W/m^2,2:18:05,28/6/17,Day of week:,Wednesday,21.19,Grade Celsius,
0,0.00,W/m^2,2:18:08,28/6/17,Day of week:,Wednesday,21.19,Grade Celsius,
0,0.00,W/m^2,2:18:11,28/6/17,Day of week:,Wednesday,21.19,Grade Celsius,
0,0.00,W/m^2,2:18:14,28/6/17,Day of week:,Wednesday,21.19,Grade Celsius,
0,0.00,W/m^2,2:18:17,28/6/17,Day of week:,Wednesday,21.19,Grade Celsius,
0,0.00,W/m^2,2:18:20,28/6/17,Day of week:,Wednesday,21.19,Grade Celsius,
0,0.00,W/m^2,2:18:23,28/6/17,Day of week:,Wednesday,21.19,Grade Celsius,
0,0.00,W/m^2,2:18:26,28/6/17,Day of week:,Wednesday,21.19,Grade Celsius,
0,0.00,W/m^2,2:18:29,28/6/17,Day of week:,Wednesday,21.19,Grade Celsius,
0,0.00,W/m^2,2:18:32,28/6/17,Day of week:,Wednesday,21.19,Grade Celsius,
0,0.00,W/m^2,2:18:35,28/6/17,Day of week:,Wednesday,21.19,Grade Celsius,
0,0.00,W/m^2,2:18:39,28/6/17,Day of week:,Wednesday,21.19,Grade Celsius,
0,0.00,W/m^2,2:18:42,28/6/17,Day of week:,Wednesday,21.19,Grade Celsius,
0,0.00,W/m^2,2:18:45,28/6/17,Day of week:,Wednesday,21.19,Grade Celsius,
0,0.00,W/m^2,2:18:48,28/6/17,Day of week:,Wednesday,21.19,Grade Celsius,
0,0.00,W/m^2,2:18:51,28/6/17,Day of week:,Wednesday,21.19,Grade Celsius,
0,0.00,W/m^2,2:18:54,28/6/17,Day of week:,Wednesday,21.19,Grade Celsius,
0,0.00,W/m^2,2:18:57,28/6/17,Day of week:,Wednesday,21.19,Grade Celsius,
0,0.00,W/m^2,2:19:00,28/6/17,Day of week:,Wednesday,21.19,Grade Celsius,
0,0.00,W/m^2,2:19:03,28/6/17,Day of week:,Wednesday,21.19,Grade Celsius,
0,0.00,W/m^2,2:19:06,28/6/17,Day of week:,Wednesday,21.19,Grade Celsius,
0,0.00,W/m^2,2:19:09,28/6/17,Day of week:,Wednesday,21.19,Grade Celsius,
0,0.00,W/m^2,2:19:12,28/6/17,Day of week:,Wednesday,21.19,Grade Celsius,
0,0.00,W/m^2,2:19:15,28/6/17,Day of week:,Wednesday,21.19,Grade Celsius,
0,0.00,W/m^2,2:19:18,28/6/17,Day of week:,Wednesday,21.19,Grade Celsius,
0,0.00,W/m^2,2:19:21,28/6/17,Day of week:,Wednesday,21.19,Grade Celsius,
0,0.00,W/m^2,2:19:24,28/6/17,Day of week:,Wednesday,21.19,Grade Celsius,
0,0.00,W/m^2,2:19:27,28/6/17,Day of week:,Wednesday,21.19,Grade Celsius,
0,0.00,W/m^2,2:19:31,28/6/17,Day of week:,Wednesday,21.19,Grade Celsius,
0,0.00,W/m^2,2:19:34,28/6/17,Day of week:,Wednesday,21.19,Grade Celsius,
0,0.00,W/m^2,2:19:37,28/6/17,Day of week:,Wednesday,21.19,Grade Celsius,
0,0.00,W/m^2,2:19:40,28/6/17,Day of week:,Wednesday,21.19,Grade Celsius,
0,0.00,W/m^2,2:19:43,28/6/17,Day of week:,Wednesday,21.19,Grade Celsius,
0,0.00,W/m^2,2:19:46,28/6/17,Day of week:,Wednesday,21.19,Grade Celsius,
0,0.00,W/m^2,2:19:49,28/6/17,Day of week:,Wednesday,21.19,Grade Celsius,
0,0.00,W/m^2,2:19:52,28/6/17,Day of week:,Wednesday,21.19,Grade Celsius,
0,0.00,W/m^2,2:19:55,28/6/17,Day of week:,Wednesday,21.19,Grade Celsius,
0,0.00,W/m^2,2:19:58,28/6/17,Day of week:,Wednesday,21.19,Grade Celsius,
0,0.00,W/m^2,2:20:01,28/6/17,Day of week:,Wednesday,21.19,Grade Celsius,
0,0.00,W/m^2,2:20:04,28/6/17,Day of week:,Wednesday,21.19,Grade Celsius,
0,0.00,W/m^2,2:20:07,28/6/17,Day of week:,Wednesday,21.19,Grade Celsius,
0,0.00,W/m^2,2:20:10,28/6/17,Day of week:,Wednesday,21.19,Grade Celsius,
0,0.00,W/m^2,2:20:13,28/6/17,Day of week:,Wednesday,21.19,Grade Celsius,
0,0.00,W/m^2,2:20:16,28/6/17,Day of week:,Wednesday,21.19,Grade Celsius,
0,0.00,W/m^2,2:20:19,28/6/17,Day of week:,Wednesday,21.19,Grade Celsius,
0,0.00,W/m^2,2:20:23,28/6/17,Day of week:,Wednesday,21.19,Grade Celsius,
0,0.00,W/m^2,2:20:26,28/6/17,Day of week:,Wednesday,21.19,Grade Celsius,
0,0.00,W/m^2,2:20:29,28/6/17,Day of week:,Wednesday,21.19,Grade Celsius,
0,0.00,W/m^2,2:20:32,28/6/17,Day of week:,Wednesday,21.19,Grade Celsius,
0,0.00,W/m^2,2:20:35,28/6/17,Day of week:,Wednesday,21.19,Grade Celsius,
0,0.00,W/m^2,2:20:38,28/6/17,Day of week:,Wednesday,21.19,Grade Celsius,
0,0.00,W/m^2,2:20:41,28/6/17,Day of week:,Wednesday,21.19,Grade Celsius,
0,0.00,W/m^2,2:20:44,28/6/17,Day of week:,Wednesday,21.19,Grade Celsius,
0,0.00,W/m^2,2:20:47,28/6/17,Day of week:,Wednesday,21.19,Grade Celsius,
0,0.00,W/m^2,2:20:50,28/6/17,Day of week:,Wednesday,21.19,Grade Celsius,
0,0.00,W/m^2,2:20:53,28/6/17,Day of week:,Wednesday,21.19,Grade Celsius,
0,0.00,W/m^2,2:20:56,28/6/17,Day of week:,Wednesday,21.19,Grade Celsius,
0,0.00,W/m^2,2:20:59,28/6/17,Day of week:,Wednesday,21.25,Grade Celsius,
0,0.00,W/m^2,2:21:02,28/6/17,Day of week:,Wednesday,21.25,Grade Celsius,
0,0.00,W/m^2,2:21:05,28/6/17,Day of week:,Wednesday,21.25,Grade Celsius,
0,0.00,W/m^2,2:21:08,28/6/17,Day of week:,Wednesday,21.19,Grade Celsius,
0,0.00,W/m^2,2:21:12,28/6/17,Day of week:,Wednesday,21.25,Grade Celsius,
0,0.00,W/m^2,2:21:15,28/6/17,Day of week:,Wednesday,21.19,Grade Celsius,
0,0.00,W/m^2,2:21:18,28/6/17,Day of week:,Wednesday,21.25,Grade Celsius,
0,0.00,W/m^2,2:21:21,28/6/17,Day of week:,Wednesday,21.19,Grade Celsius,
0,0.00,W/m^2,2:21:24,28/6/17,Day of week:,Wednesday,21.19,Grade Celsius,
0,0.00,W/m^2,2:21:27,28/6/17,Day of week:,Wednesday,21.19,Grade Celsius,
0,0.00,W/m^2,2:21:30,28/6/17,Day of week:,Wednesday,21.19,Grade Celsius,
0,0.00,W/m^2,2:21:33,28/6/17,Day of week:,Wednesday,21.25,Grade Celsius,
0,0.00,W/m^2,2:21:36,28/6/17,Day of week:,Wednesday,21.25,Grade Celsius,
0,0.00,W/m^2,2:21:39,28/6/17,Day of week:,Wednesday,21.25,Grade Celsius,
0,0.00,W/m^2,2:21:42,28/6/17,Day of week:,Wednesday,21.25,Grade Celsius,
0,0.00,W/m^2,2:21:45,28/6/17,Day of week:,Wednesday,21.25,Grade Celsius,
0,0.00,W/m^2,2:21:48,28/6/17,Day of week:,Wednesday,21.25,Grade Celsius,
0,0.00,W/m^2,2:21:51,28/6/17,Day of week:,Wednesday,21.25,Grade Celsius,
0,0.00,W/m^2,2:21:55,28/6/17,Day of week:,Wednesday,21.25,Grade Celsius,
0,0.00,W/m^2,2:21:58,28/6/17,Day of week:,Wednesday,21.25,Grade Celsius,
0,0.00,W/m^2,2:22:01,28/6/17,Day of week:,Wednesday,21.25,Grade Celsius,
0,0.00,W/m^2,2:22:04,28/6/17,Day of week:,Wednesday,21.25,Grade Celsius,
0,0.00,W/m^2,2:22:07,28/6/17,Day of week:,Wednesday,21.25,Grade Celsius,
0,0.00,W/m^2,2:22:10,28/6/17,Day of week:,Wednesday,21.25,Grade Celsius,
0,0.00,W/m^2,2:22:13,28/6/17,Day of week:,Wednesday,21.25,Grade Celsius,
0,0.00,W/m^2,2:22:16,28/6/17,Day of week:,Wednesday,21.25,Grade Celsius,
0,0.00,W/m^2,2:22:19,28/6/17,Day of week:,Wednesday,21.25,Grade Celsius,
0,0.00,W/m^2,2:22:22,28/6/17,Day of week:,Wednesday,21.31,Grade Celsius,
0,0.00,W/m^2,2:22:25,28/6/17,Day of week:,Wednesday,21.31,Grade Celsius,
0,0.00,W/m^2,2:22:28,28/6/17,Day of week:,Wednesday,21.31,Grade Celsius,
0,0.00,W/m^2,2:22:31,28/6/17,Day of week:,Wednesday,21.31,Grade Celsius,
0,0.00,W/m^2,2:22:34,28/6/17,Day of week:,Wednesday,21.31,Grade Celsius,
0,0.00,W/m^2,2:22:37,28/6/17,Day of week:,Wednesday,21.31,Grade Celsius,
0,0.00,W/m^2,2:22:40,28/6/17,Day of week:,Wednesday,21.31,Grade Celsius,
0,0.00,W/m^2,2:22:43,28/6/17,Day of week:,Wednesday,21.31,Grade Celsius,
0,0.00,W/m^2,2:22:47,28/6/17,Day of week:,Wednesday,21.31,Grade Celsius,
0,0.00,W/m^2,2:22:50,28/6/17,Day of week:,Wednesday,21.31,Grade Celsius,
0,0.00,W/m^2,2:22:53,28/6/17,Day of week:,Wednesday,21.31,Grade Celsius,
0,0.00,W/m^2,2:22:56,28/6/17,Day of week:,Wednesday,21.31,Grade Celsius,
0,0.00,W/m^2,2:22:59,28/6/17,Day of week:,Wednesday,21.31,Grade Celsius,
0,0.00,W/m^2,2:23:02,28/6/17,Day of week:,Wednesday,21.31,Grade Celsius,
0,0.00,W/m^2,2:23:05,28/6/17,Day of week:,Wednesday,21.31,Grade Celsius,
0,0.00,W/m^2,2:23:08,28/6/17,Day of week:,Wednesday,21.31,Grade Celsius,
0,0.00,W/m^2,2:23:11,28/6/17,Day of week:,Wednesday,21.31,Grade Celsius,
0,0.00,W/m^2,2:23:14,28/6/17,Day of week:,Wednesday,21.31,Grade Celsius,
0,0.00,W/m^2,2:23:17,28/6/17,Day of week:,Wednesday,21.31,Grade Celsius,
0,0.00,W/m^2,2:23:20,28/6/17,Day of week:,Wednesday,21.31,Grade Celsius,
0,0.00,W/m^2,2:23:23,28/6/17,Day of week:,Wednesday,21.31,Grade Celsius,
0,0.00,W/m^2,2:23:26,28/6/17,Day of week:,Wednesday,21.31,Grade Celsius,
0,0.00,W/m^2,2:23:29,28/6/17,Day of week:,Wednesday,21.31,Grade Celsius,
0,0.00,W/m^2,2:23:32,28/6/17,Day of week:,Wednesday,21.31,Grade Celsius,
0,0.00,W/m^2,2:23:36,28/6/17,Day of week:,Wednesday,21.31,Grade Celsius,
0,0.00,W/m^2,2:23:39,28/6/17,Day of week:,Wednesday,21.31,Grade Celsius,
0,0.00,W/m^2,2:23:42,28/6/17,Day of week:,Wednesday,21.31,Grade Celsius,
0,0.00,W/m^2,2:23:45,28/6/17,Day of week:,Wednesday,21.31,Grade Celsius,
0,0.00,W/m^2,2:23:48,28/6/17,Day of week:,Wednesday,21.25,Grade Celsius,
0,0.00,W/m^2,2:23:51,28/6/17,Day of week:,Wednesday,21.31,Grade Celsius,
0,0.00,W/m^2,2:23:54,28/6/17,Day of week:,Wednesday,21.25,Grade Celsius,
0,0.00,W/m^2,2:23:57,28/6/17,Day of week:,Wednesday,21.25,Grade Celsius,
0,0.00,W/m^2,2:24:00,28/6/17,Day of week:,Wednesday,21.25,Grade Celsius,
0,0.00,W/m^2,2:24:03,28/6/17,Day of week:,Wednesday,21.25,Grade Celsius,
0,0.00,W/m^2,2:24:06,28/6/17,Day of week:,Wednesday,21.25,Grade Celsius,
0,0.00,W/m^2,2:24:09,28/6/17,Day of week:,Wednesday,21.25,Grade Celsius,
0,0.00,W/m^2,2:24:12,28/6/17,Day of week:,Wednesday,21.25,Grade Celsius,
0,0.00,W/m^2,2:24:15,28/6/17,Day of week:,Wednesday,21.25,Grade Celsius,
0,0.00,W/m^2,2:24:18,28/6/17,Day of week:,Wednesday,21.25,Grade Celsius,
0,0.00,W/m^2,2:24:21,28/6/17,Day of week:,Wednesday,21.25,Grade Celsius,
0,0.00,W/m^2,2:24:24,28/6/17,Day of week:,Wednesday,21.25,Grade Celsius,
0,0.00,W/m^2,2:24:27,28/6/17,Day of week:,Wednesday,21.25,Grade Celsius,
0,0.00,W/m^2,2:24:31,28/6/17,Day of week:,Wednesday,21.19,Grade Celsius,
0,0.00,W/m^2,2:24:34,28/6/17,Day of week:,Wednesday,21.19,Grade Celsius,
0,0.00,W/m^2,2:24:37,28/6/17,Day of week:,Wednesday,21.19,Grade Celsius,
0,0.00,W/m^2,2:24:40,28/6/17,Day of week:,Wednesday,21.19,Grade Celsius,
0,0.00,W/m^2,2:24:43,28/6/17,Day of week:,Wednesday,21.19,Grade Celsius,
0,0.00,W/m^2,2:24:46,28/6/17,Day of week:,Wednesday,21.19,Grade Celsius,
0,0.00,W/m^2,2:24:49,28/6/17,Day of week:,Wednesday,21.19,Grade Celsius,
0,0.00,W/m^2,2:24:52,28/6/17,Day of week:,Wednesday,21.19,Grade Celsius,
0,0.00,W/m^2,2:24:55,28/6/17,Day of week:,Wednesday,21.19,Grade Celsius,
0,0.00,W/m^2,2:24:58,28/6/17,Day of week:,Wednesday,21.19,Grade Celsius,
0,0.00,W/m^2,2:25:01,28/6/17,Day of week:,Wednesday,21.19,Grade Celsius,
0,0.00,W/m^2,2:25:04,28/6/17,Day of week:,Wednesday,21.19,Grade Celsius,
0,0.00,W/m^2,2:25:07,28/6/17,Day of week:,Wednesday,21.19,Grade Celsius,
0,0.00,W/m^2,2:25:10,28/6/17,Day of week:,Wednesday,21.12,Grade Celsius,
0,0.00,W/m^2,2:25:13,28/6/17,Day of week:,Wednesday,21.12,Grade Celsius,
0,0.00,W/m^2,2:25:16,28/6/17,Day of week:,Wednesday,21.12,Grade Celsius,
0,0.00,W/m^2,2:25:19,28/6/17,Day of week:,Wednesday,21.12,Grade Celsius,
0,0.00,W/m^2,2:25:23,28/6/17,Day of week:,Wednesday,21.12,Grade Celsius,
0,0.00,W/m^2,2:25:26,28/6/17,Day of week:,Wednesday,21.12,Grade Celsius,
0,0.00,W/m^2,2:25:29,28/6/17,Day of week:,Wednesday,21.12,Grade Celsius,
0,0.00,W/m^2,2:25:32,28/6/17,Day of week:,Wednesday,21.12,Grade Celsius,
0,0.00,W/m^2,2:25:35,28/6/17,Day of week:,Wednesday,21.12,Grade Celsius,
0,0.00,W/m^2,2:25:38,28/6/17,Day of week:,Wednesday,21.12,Grade Celsius,
0,0.00,W/m^2,2:25:41,28/6/17,Day of week:,Wednesday,21.12,Grade Celsius,
0,0.00,W/m^2,2:25:44,28/6/17,Day of week:,Wednesday,21.12,Grade Celsius,
0,0.00,W/m^2,2:25:47,28/6/17,Day of week:,Wednesday,21.12,Grade Celsius,
0,0.00,W/m^2,2:25:50,28/6/17,Day of week:,Wednesday,21.12,Grade Celsius,
0,0.00,W/m^2,2:25:53,28/6/17,Day of week:,Wednesday,21.12,Grade Celsius,
0,0.00,W/m^2,2:25:56,28/6/17,Day of week:,Wednesday,21.12,Grade Celsius,
0,0.00,W/m^2,2:25:59,28/6/17,Day of week:,Wednesday,21.12,Grade Celsius,
0,0.00,W/m^2,2:26:02,28/6/17,Day of week:,Wednesday,21.12,Grade Celsius,
0,0.00,W/m^2,2:26:05,28/6/17,Day of week:,Wednesday,21.12,Grade Celsius,
0,0.00,W/m^2,2:26:08,28/6/17,Day of week:,Wednesday,21.12,Grade Celsius,
0,0.00,W/m^2,2:26:12,28/6/17,Day of week:,Wednesday,21.12,Grade Celsius,
0,0.00,W/m^2,2:26:15,28/6/17,Day of week:,Wednesday,21.12,Grade Celsius,
0,0.00,W/m^2,2:26:18,28/6/17,Day of week:,Wednesday,21.12,Grade Celsius,
0,0.00,W/m^2,2:26:21,28/6/17,Day of week:,Wednesday,21.12,Grade Celsius,
0,0.00,W/m^2,2:26:24,28/6/17,Day of week:,Wednesday,21.12,Grade Celsius,
0,0.00,W/m^2,2:26:27,28/6/17,Day of week:,Wednesday,21.12,Grade Celsius,
0,0.00,W/m^2,2:26:30,28/6/17,Day of week:,Wednesday,21.12,Grade Celsius,
0,0.00,W/m^2,2:26:33,28/6/17,Day of week:,Wednesday,21.12,Grade Celsius,
0,0.00,W/m^2,2:26:36,28/6/17,Day of week:,Wednesday,21.12,Grade Celsius,
0,0.00,W/m^2,2:26:39,28/6/17,Day of week:,Wednesday,21.12,Grade Celsius,
0,0.00,W/m^2,2:26:42,28/6/17,Day of week:,Wednesday,21.12,Grade Celsius,
0,0.00,W/m^2,2:26:45,28/6/17,Day of week:,Wednesday,21.12,Grade Celsius,
0,0.00,W/m^2,2:26:48,28/6/17,Day of week:,Wednesday,21.12,Grade Celsius,
0,0.00,W/m^2,2:26:51,28/6/17,Day of week:,Wednesday,21.19,Grade Celsius,
0,0.00,W/m^2,2:26:54,28/6/17,Day of week:,Wednesday,21.19,Grade Celsius,
0,0.00,W/m^2,2:26:57,28/6/17,Day of week:,Wednesday,21.19,Grade Celsius,
0,0.00,W/m^2,2:27:01,28/6/17,Day of week:,Wednesday,21.19,Grade Celsius,
0,0.00,W/m^2,2:27:04,28/6/17,Day of week:,Wednesday,21.12,Grade Celsius,
0,0.00,W/m^2,2:27:07,28/6/17,Day of week:,Wednesday,21.12,Grade Celsius,
0,0.00,W/m^2,2:27:10,28/6/17,Day of week:,Wednesday,21.19,Grade Celsius,
0,0.00,W/m^2,2:27:13,28/6/17,Day of week:,Wednesday,21.12,Grade Celsius,
0,0.00,W/m^2,2:27:16,28/6/17,Day of week:,Wednesday,21.12,Grade Celsius,
0,0.00,W/m^2,2:27:19,28/6/17,Day of week:,Wednesday,21.12,Grade Celsius,
0,0.00,W/m^2,2:27:22,28/6/17,Day of week:,Wednesday,21.12,Grade Celsius,
0,0.00,W/m^2,2:27:25,28/6/17,Day of week:,Wednesday,21.12,Grade Celsius,
0,0.00,W/m^2,2:27:28,28/6/17,Day of week:,Wednesday,21.12,Grade Celsius,
0,0.00,W/m^2,2:27:31,28/6/17,Day of week:,Wednesday,21.12,Grade Celsius,
0,0.00,W/m^2,2:27:34,28/6/17,Day of week:,Wednesday,21.12,Grade Celsius,
0,0.00,W/m^2,2:27:37,28/6/17,Day of week:,Wednesday,21.12,Grade Celsius,
0,0.00,W/m^2,2:27:40,28/6/17,Day of week:,Wednesday,21.12,Grade Celsius,
0,0.00,W/m^2,2:27:43,28/6/17,Day of week:,Wednesday,21.12,Grade Celsius,
0,0.00,W/m^2,2:27:46,28/6/17,Day of week:,Wednesday,21.12,Grade Celsius,
0,0.00,W/m^2,2:27:49,28/6/17,Day of week:,Wednesday,21.12,Grade Celsius,
0,0.00,W/m^2,2:27:53,28/6/17,Day of week:,Wednesday,21.12,Grade Celsius,
0,0.00,W/m^2,2:27:56,28/6/17,Day of week:,Wednesday,21.12,Grade Celsius,
0,0.00,W/m^2,2:27:59,28/6/17,Day of week:,Wednesday,21.12,Grade Celsius,
0,0.00,W/m^2,2:28:02,28/6/17,Day of week:,Wednesday,21.12,Grade Celsius,
0,0.00,W/m^2,2:28:05,28/6/17,Day of week:,Wednesday,21.19,Grade Celsius,
0,0.00,W/m^2,2:28:08,28/6/17,Day of week:,Wednesday,21.12,Grade Celsius,
0,0.00,W/m^2,2:28:11,28/6/17,Day of week:,Wednesday,21.12,Grade Celsius,
0,0.00,W/m^2,2:28:14,28/6/17,Day of week:,Wednesday,21.12,Grade Celsius,
0,0.00,W/m^2,2:28:17,28/6/17,Day of week:,Wednesday,21.12,Grade Celsius,
0,0.00,W/m^2,2:28:20,28/6/17,Day of week:,Wednesday,21.19,Grade Celsius,
0,0.00,W/m^2,2:28:23,28/6/17,Day of week:,Wednesday,21.12,Grade Celsius,
0,0.00,W/m^2,2:28:26,28/6/17,Day of week:,Wednesday,21.19,Grade Celsius,
0,0.00,W/m^2,2:28:29,28/6/17,Day of week:,Wednesday,21.12,Grade Celsius,
0,0.00,W/m^2,2:28:32,28/6/17,Day of week:,Wednesday,21.19,Grade Celsius,
0,0.00,W/m^2,2:28:35,28/6/17,Day of week:,Wednesday,21.19,Grade Celsius,
0,0.00,W/m^2,2:28:38,28/6/17,Day of week:,Wednesday,21.12,Grade Celsius,
0,0.00,W/m^2,2:28:42,28/6/17,Day of week:,Wednesday,21.12,Grade Celsius,
0,0.00,W/m^2,2:28:45,28/6/17,Day of week:,Wednesday,21.12,Grade Celsius,
0,0.00,W/m^2,2:28:48,28/6/17,Day of week:,Wednesday,21.19,Grade Celsius,
0,0.00,W/m^2,2:28:51,28/6/17,Day of week:,Wednesday,21.12,Grade Celsius,
0,0.00,W/m^2,2:28:54,28/6/17,Day of week:,Wednesday,21.12,Grade Celsius,
0,0.00,W/m^2,2:28:57,28/6/17,Day of week:,Wednesday,21.19,Grade Celsius,
0,0.00,W/m^2,2:29:00,28/6/17,Day of week:,Wednesday,21.19,Grade Celsius,
0,0.00,W/m^2,2:29:03,28/6/17,Day of week:,Wednesday,21.19,Grade Celsius,
0,0.00,W/m^2,2:29:06,28/6/17,Day of week:,Wednesday,21.19,Grade Celsius,
0,0.00,W/m^2,2:29:09,28/6/17,Day of week:,Wednesday,21.19,Grade Celsius,
0,0.00,W/m^2,2:29:12,28/6/17,Day of week:,Wednesday,21.19,Grade Celsius,
0,0.00,W/m^2,2:29:15,28/6/17,Day of week:,Wednesday,21.12,Grade Celsius,
0,0.00,W/m^2,2:29:18,28/6/17,Day of week:,Wednesday,21.19,Grade Celsius,
0,0.00,W/m^2,2:29:21,28/6/17,Day of week:,Wednesday,21.12,Grade Celsius,
0,0.00,W/m^2,2:29:24,28/6/17,Day of week:,Wednesday,21.12,Grade Celsius,
0,0.00,W/m^2,2:29:27,28/6/17,Day of week:,Wednesday,21.19,Grade Celsius,
0,0.00,W/m^2,2:29:30,28/6/17,Day of week:,Wednesday,21.12,Grade Celsius,
0,0.00,W/m^2,2:29:34,28/6/17,Day of week:,Wednesday,21.12,Grade Celsius,
0,0.00,W/m^2,2:29:37,28/6/17,Day of week:,Wednesday,21.19,Grade Celsius,
0,0.00,W/m^2,2:29:40,28/6/17,Day of week:,Wednesday,21.12,Grade Celsius,
0,0.00,W/m^2,2:29:43,28/6/17,Day of week:,Wednesday,21.12,Grade Celsius,
0,0.00,W/m^2,2:29:46,28/6/17,Day of week:,Wednesday,21.12,Grade Celsius,
0,0.00,W/m^2,2:29:49,28/6/17,Day of week:,Wednesday,21.19,Grade Celsius,
0,0.00,W/m^2,2:29:52,28/6/17,Day of week:,Wednesday,21.12,Grade Celsius,
0,0.00,W/m^2,2:29:55,28/6/17,Day of week:,Wednesday,21.12,Grade Celsius,
0,0.00,W/m^2,2:29:58,28/6/17,Day of week:,Wednesday,21.12,Grade Celsius,
0,0.00,W/m^2,2:30:01,28/6/17,Day of week:,Wednesday,21.19,Grade Celsius,
0,0.00,W/m^2,2:30:04,28/6/17,Day of week:,Wednesday,21.12,Grade Celsius,
0,0.00,W/m^2,2:30:07,28/6/17,Day of week:,Wednesday,21.19,Grade Celsius,
0,0.00,W/m^2,2:30:10,28/6/17,Day of week:,Wednesday,21.12,Grade Celsius,
0,0.00,W/m^2,2:30:13,28/6/17,Day of week:,Wednesday,21.19,Grade Celsius,
0,0.00,W/m^2,2:30:16,28/6/17,Day of week:,Wednesday,21.12,Grade Celsius,
0,0.00,W/m^2,2:30:19,28/6/17,Day of week:,Wednesday,21.12,Grade Celsius,
0,0.00,W/m^2,2:30:22,28/6/17,Day of week:,Wednesday,21.12,Grade Celsius,
0,0.00,W/m^2,2:30:26,28/6/17,Day of week:,Wednesday,21.12,Grade Celsius,
0,0.00,W/m^2,2:30:29,28/6/17,Day of week:,Wednesday,21.12,Grade Celsius,
0,0.00,W/m^2,2:30:32,28/6/17,Day of week:,Wednesday,21.12,Grade Celsius,
0,0.00,W/m^2,2:30:35,28/6/17,Day of week:,Wednesday,21.12,Grade Celsius,
0,0.00,W/m^2,2:30:38,28/6/17,Day of week:,Wednesday,21.12,Grade Celsius,
0,0.00,W/m^2,2:30:41,28/6/17,Day of week:,Wednesday,21.12,Grade Celsius,
0,0.00,W/m^2,2:30:44,28/6/17,Day of week:,Wednesday,21.06,Grade Celsius,
0,0.00,W/m^2,2:30:47,28/6/17,Day of week:,Wednesday,21.06,Grade Celsius,
0,0.00,W/m^2,2:30:50,28/6/17,Day of week:,Wednesday,21.06,Grade Celsius,
0,0.00,W/m^2,2:30:53,28/6/17,Day of week:,Wednesday,21.06,Grade Celsius,
0,0.00,W/m^2,2:30:56,28/6/17,Day of week:,Wednesday,21.06,Grade Celsius,
0,0.00,W/m^2,2:30:59,28/6/17,Day of week:,Wednesday,21.06,Grade Celsius,
0,0.00,W/m^2,2:31:02,28/6/17,Day of week:,Wednesday,21.06,Grade Celsius,
0,0.00,W/m^2,2:31:05,28/6/17,Day of week:,Wednesday,21.06,Grade Celsius,
0,0.00,W/m^2,2:31:08,28/6/17,Day of week:,Wednesday,21.06,Grade Celsius,
0,0.00,W/m^2,2:31:11,28/6/17,Day of week:,Wednesday,21.06,Grade Celsius,
0,0.00,W/m^2,2:31:14,28/6/17,Day of week:,Wednesday,21.06,Grade Celsius,
0,0.00,W/m^2,2:31:18,28/6/17,Day of week:,Wednesday,21.12,Grade Celsius,
0,0.00,W/m^2,2:31:21,28/6/17,Day of week:,Wednesday,21.12,Grade Celsius,
0,0.00,W/m^2,2:31:24,28/6/17,Day of week:,Wednesday,21.12,Grade Celsius,
0,0.00,W/m^2,2:31:27,28/6/17,Day of week:,Wednesday,21.12,Grade Celsius,
0,0.00,W/m^2,2:31:30,28/6/17,Day of week:,Wednesday,21.19,Grade Celsius,
0,0.00,W/m^2,2:31:33,28/6/17,Day of week:,Wednesday,21.19,Grade Celsius,
0,0.00,W/m^2,2:31:36,28/6/17,Day of week:,Wednesday,21.19,Grade Celsius,
0,0.00,W/m^2,2:31:39,28/6/17,Day of week:,Wednesday,21.12,Grade Celsius,
0,0.00,W/m^2,2:31:42,28/6/17,Day of week:,Wednesday,21.12,Grade Celsius,
0,0.00,W/m^2,2:31:45,28/6/17,Day of week:,Wednesday,21.12,Grade Celsius,
0,0.00,W/m^2,2:31:48,28/6/17,Day of week:,Wednesday,21.12,Grade Celsius,
0,0.00,W/m^2,2:31:51,28/6/17,Day of week:,Wednesday,21.12,Grade Celsius,
0,0.00,W/m^2,2:31:54,28/6/17,Day of week:,Wednesday,21.12,Grade Celsius,
0,0.00,W/m^2,2:31:57,28/6/17,Day of week:,Wednesday,21.12,Grade Celsius,
0,0.00,W/m^2,2:32:00,28/6/17,Day of week:,Wednesday,21.19,Grade Celsius,
0,0.00,W/m^2,2:32:03,28/6/17,Day of week:,Wednesday,21.19,Grade Celsius,
0,0.00,W/m^2,2:32:06,28/6/17,Day of week:,Wednesday,21.19,Grade Celsius,
0,0.00,W/m^2,2:32:10,28/6/17,Day of week:,Wednesday,21.12,Grade Celsius,
0,0.00,W/m^2,2:32:13,28/6/17,Day of week:,Wednesday,21.12,Grade Celsius,
0,0.00,W/m^2,2:32:16,28/6/17,Day of week:,Wednesday,21.19,Grade Celsius,
0,0.00,W/m^2,2:32:19,28/6/17,Day of week:,Wednesday,21.12,Grade Celsius,
0,0.00,W/m^2,2:32:22,28/6/17,Day of week:,Wednesday,21.19,Grade Celsius,
0,0.00,W/m^2,2:32:25,28/6/17,Day of week:,Wednesday,21.12,Grade Celsius,
0,0.00,W/m^2,2:32:28,28/6/17,Day of week:,Wednesday,21.12,Grade Celsius,
0,0.00,W/m^2,2:32:31,28/6/17,Day of week:,Wednesday,21.12,Grade Celsius,
0,0.00,W/m^2,2:32:34,28/6/17,Day of week:,Wednesday,21.12,Grade Celsius,
0,0.00,W/m^2,2:32:37,28/6/17,Day of week:,Wednesday,21.12,Grade Celsius,
0,0.00,W/m^2,2:32:40,28/6/17,Day of week:,Wednesday,21.12,Grade Celsius,
0,0.00,W/m^2,2:32:43,28/6/17,Day of week:,Wednesday,21.12,Grade Celsius,
0,0.00,W/m^2,2:32:46,28/6/17,Day of week:,Wednesday,21.12,Grade Celsius,
0,0.00,W/m^2,2:32:50,28/6/17,Day of week:,Wednesday,21.12,Grade Celsius,
0,0.00,W/m^2,2:32:53,28/6/17,Day of week:,Wednesday,21.12,Grade Celsius,
0,0.00,W/m^2,2:32:56,28/6/17,Day of week:,Wednesday,21.12,Grade Celsius,
0,0.00,W/m^2,2:32:59,28/6/17,Day of week:,Wednesday,21.12,Grade Celsius,
0,0.00,W/m^2,2:33:02,28/6/17,Day of week:,Wednesday,21.12,Grade Celsius,
0,0.00,W/m^2,2:33:05,28/6/17,Day of week:,Wednesday,21.12,Grade Celsius,
0,0.00,W/m^2,2:33:08,28/6/17,Day of week:,Wednesday,21.12,Grade Celsius,
0,0.00,W/m^2,2:33:11,28/6/17,Day of week:,Wednesday,21.12,Grade Celsius,
0,0.00,W/m^2,2:33:14,28/6/17,Day of week:,Wednesday,21.12,Grade Celsius,
0,0.00,W/m^2,2:33:17,28/6/17,Day of week:,Wednesday,21.12,Grade Celsius,
0,0.00,W/m^2,2:33:20,28/6/17,Day of week:,Wednesday,21.12,Grade Celsius,
0,0.00,W/m^2,2:33:23,28/6/17,Day of week:,Wednesday,21.12,Grade Celsius,
0,0.00,W/m^2,2:33:26,28/6/17,Day of week:,Wednesday,21.12,Grade Celsius,
0,0.00,W/m^2,2:33:29,28/6/17,Day of week:,Wednesday,21.12,Grade Celsius,
0,0.00,W/m^2,2:33:32,28/6/17,Day of week:,Wednesday,21.12,Grade Celsius,
0,0.00,W/m^2,2:33:35,28/6/17,Day of week:,Wednesday,21.12,Grade Celsius,
0,0.00,W/m^2,2:33:38,28/6/17,Day of week:,Wednesday,21.12,Grade Celsius,
0,0.00,W/m^2,2:33:42,28/6/17,Day of week:,Wednesday,21.12,Grade Celsius,
0,0.00,W/m^2,2:33:45,28/6/17,Day of week:,Wednesday,21.12,Grade Celsius,
0,0.00,W/m^2,2:33:48,28/6/17,Day of week:,Wednesday,21.12,Grade Celsius,
0,0.00,W/m^2,2:33:51,28/6/17,Day of week:,Wednesday,21.12,Grade Celsius,
0,0.00,W/m^2,2:33:54,28/6/17,Day of week:,Wednesday,21.12,Grade Celsius,
0,0.00,W/m^2,2:33:57,28/6/17,Day of week:,Wednesday,21.12,Grade Celsius,
0,0.00,W/m^2,2:34:00,28/6/17,Day of week:,Wednesday,21.12,Grade Celsius,
0,0.00,W/m^2,2:34:03,28/6/17,Day of week:,Wednesday,21.12,Grade Celsius,
0,0.00,W/m^2,2:34:06,28/6/17,Day of week:,Wednesday,21.12,Grade Celsius,
0,0.00,W/m^2,2:34:09,28/6/17,Day of week:,Wednesday,21.12,Grade Celsius,
0,0.00,W/m^2,2:34:12,28/6/17,Day of week:,Wednesday,21.12,Grade Celsius,
0,0.00,W/m^2,2:34:15,28/6/17,Day of week:,Wednesday,21.06,Grade Celsius,
0,0.00,W/m^2,2:34:18,28/6/17,Day of week:,Wednesday,21.06,Grade Celsius,
0,0.00,W/m^2,2:34:21,28/6/17,Day of week:,Wednesday,21.06,Grade Celsius,
0,0.00,W/m^2,2:34:24,28/6/17,Day of week:,Wednesday,21.06,Grade Celsius,
0,0.00,W/m^2,2:34:27,28/6/17,Day of week:,Wednesday,21.06,Grade Celsius,
0,0.00,W/m^2,2:34:30,28/6/17,Day of week:,Wednesday,21.06,Grade Celsius,
0,0.00,W/m^2,2:34:34,28/6/17,Day of week:,Wednesday,21.06,Grade Celsius,
0,0.00,W/m^2,2:34:37,28/6/17,Day of week:,Wednesday,21.06,Grade Celsius,
0,0.00,W/m^2,2:34:40,28/6/17,Day of week:,Wednesday,21.06,Grade Celsius,
0,0.00,W/m^2,2:34:43,28/6/17,Day of week:,Wednesday,21.06,Grade Celsius,
0,0.00,W/m^2,2:34:46,28/6/17,Day of week:,Wednesday,21.06,Grade Celsius,
0,0.00,W/m^2,2:34:49,28/6/17,Day of week:,Wednesday,21.12,Grade Celsius,
0,0.00,W/m^2,2:34:52,28/6/17,Day of week:,Wednesday,21.12,Grade Celsius,
0,0.00,W/m^2,2:34:55,28/6/17,Day of week:,Wednesday,21.06,Grade Celsius,
0,0.00,W/m^2,2:34:58,28/6/17,Day of week:,Wednesday,21.06,Grade Celsius,
0,0.00,W/m^2,2:35:01,28/6/17,Day of week:,Wednesday,21.12,Grade Celsius,
0,0.00,W/m^2,2:35:04,28/6/17,Day of week:,Wednesday,21.12,Grade Celsius,
0,0.00,W/m^2,2:35:07,28/6/17,Day of week:,Wednesday,21.12,Grade Celsius,
0,0.00,W/m^2,2:35:10,28/6/17,Day of week:,Wednesday,21.12,Grade Celsius,
0,0.00,W/m^2,2:35:13,28/6/17,Day of week:,Wednesday,21.12,Grade Celsius,
0,0.00,W/m^2,2:35:16,28/6/17,Day of week:,Wednesday,21.12,Grade Celsius,
0,0.00,W/m^2,2:35:19,28/6/17,Day of week:,Wednesday,21.19,Grade Celsius,
0,0.00,W/m^2,2:35:23,28/6/17,Day of week:,Wednesday,21.19,Grade Celsius,
0,0.00,W/m^2,2:35:26,28/6/17,Day of week:,Wednesday,21.19,Grade Celsius,
0,0.00,W/m^2,2:35:29,28/6/17,Day of week:,Wednesday,21.19,Grade Celsius,
0,0.00,W/m^2,2:35:32,28/6/17,Day of week:,Wednesday,21.19,Grade Celsius,
0,0.00,W/m^2,2:35:35,28/6/17,Day of week:,Wednesday,21.19,Grade Celsius,
0,0.00,W/m^2,2:35:38,28/6/17,Day of week:,Wednesday,21.19,Grade Celsius,
0,0.00,W/m^2,2:35:41,28/6/17,Day of week:,Wednesday,21.19,Grade Celsius,
0,0.00,W/m^2,2:35:44,28/6/17,Day of week:,Wednesday,21.19,Grade Celsius,
0,0.00,W/m^2,2:35:47,28/6/17,Day of week:,Wednesday,21.19,Grade Celsius,
0,0.00,W/m^2,2:35:50,28/6/17,Day of week:,Wednesday,21.19,Grade Celsius,
0,0.00,W/m^2,2:35:53,28/6/17,Day of week:,Wednesday,21.19,Grade Celsius,
0,0.00,W/m^2,2:35:56,28/6/17,Day of week:,Wednesday,21.19,Grade Celsius,
0,0.00,W/m^2,2:35:59,28/6/17,Day of week:,Wednesday,21.25,Grade Celsius,
0,0.00,W/m^2,2:36:02,28/6/17,Day of week:,Wednesday,21.19,Grade Celsius,
0,0.00,W/m^2,2:36:05,28/6/17,Day of week:,Wednesday,21.19,Grade Celsius,
0,0.00,W/m^2,2:36:08,28/6/17,Day of week:,Wednesday,21.19,Grade Celsius,
0,0.00,W/m^2,2:36:11,28/6/17,Day of week:,Wednesday,21.19,Grade Celsius,
0,0.00,W/m^2,2:36:15,28/6/17,Day of week:,Wednesday,21.12,Grade Celsius,
0,0.00,W/m^2,2:36:18,28/6/17,Day of week:,Wednesday,21.12,Grade Celsius,
0,0.00,W/m^2,2:36:21,28/6/17,Day of week:,Wednesday,21.12,Grade Celsius,
0,0.00,W/m^2,2:36:24,28/6/17,Day of week:,Wednesday,21.12,Grade Celsius,
0,0.00,W/m^2,2:36:27,28/6/17,Day of week:,Wednesday,21.12,Grade Celsius,
0,0.00,W/m^2,2:36:30,28/6/17,Day of week:,Wednesday,21.12,Grade Celsius,
0,0.00,W/m^2,2:36:33,28/6/17,Day of week:,Wednesday,21.12,Grade Celsius,
0,0.00,W/m^2,2:36:36,28/6/17,Day of week:,Wednesday,21.12,Grade Celsius,
0,0.00,W/m^2,2:36:39,28/6/17,Day of week:,Wednesday,21.12,Grade Celsius,
0,0.00,W/m^2,2:36:42,28/6/17,Day of week:,Wednesday,21.12,Grade Celsius,
0,0.00,W/m^2,2:36:45,28/6/17,Day of week:,Wednesday,21.12,Grade Celsius,
0,0.00,W/m^2,2:36:48,28/6/17,Day of week:,Wednesday,21.12,Grade Celsius,
0,0.00,W/m^2,2:36:51,28/6/17,Day of week:,Wednesday,21.12,Grade Celsius,
0,0.00,W/m^2,2:36:54,28/6/17,Day of week:,Wednesday,21.12,Grade Celsius,
0,0.00,W/m^2,2:36:57,28/6/17,Day of week:,Wednesday,21.19,Grade Celsius,
0,0.00,W/m^2,2:37:00,28/6/17,Day of week:,Wednesday,21.12,Grade Celsius,
0,0.00,W/m^2,2:37:03,28/6/17,Day of week:,Wednesday,21.12,Grade Celsius,
0,0.00,W/m^2,2:37:07,28/6/17,Day of week:,Wednesday,21.12,Grade Celsius,
0,0.00,W/m^2,2:37:10,28/6/17,Day of week:,Wednesday,21.12,Grade Celsius,
0,0.00,W/m^2,2:37:13,28/6/17,Day of week:,Wednesday,21.12,Grade Celsius,
0,0.00,W/m^2,2:37:16,28/6/17,Day of week:,Wednesday,21.12,Grade Celsius,
0,0.00,W/m^2,2:37:19,28/6/17,Day of week:,Wednesday,21.19,Grade Celsius,
0,0.00,W/m^2,2:37:22,28/6/17,Day of week:,Wednesday,21.19,Grade Celsius,
0,0.00,W/m^2,2:37:25,28/6/17,Day of week:,Wednesday,21.19,Grade Celsius,
0,0.00,W/m^2,2:37:28,28/6/17,Day of week:,Wednesday,21.19,Grade Celsius,
0,0.00,W/m^2,2:37:31,28/6/17,Day of week:,Wednesday,21.25,Grade Celsius,
0,0.00,W/m^2,2:37:34,28/6/17,Day of week:,Wednesday,21.19,Grade Celsius,
0,0.00,W/m^2,2:37:37,28/6/17,Day of week:,Wednesday,21.19,Grade Celsius,
0,0.00,W/m^2,2:37:40,28/6/17,Day of week:,Wednesday,21.25,Grade Celsius,
0,0.00,W/m^2,2:37:43,28/6/17,Day of week:,Wednesday,21.25,Grade Celsius,
0,0.00,W/m^2,2:37:46,28/6/17,Day of week:,Wednesday,21.25,Grade Celsius,
0,0.00,W/m^2,2:37:49,28/6/17,Day of week:,Wednesday,21.25,Grade Celsius,
0,0.00,W/m^2,2:37:52,28/6/17,Day of week:,Wednesday,21.25,Grade Celsius,
0,0.00,W/m^2,2:37:55,28/6/17,Day of week:,Wednesday,21.25,Grade Celsius,
0,0.00,W/m^2,2:37:59,28/6/17,Day of week:,Wednesday,21.25,Grade Celsius,
0,0.00,W/m^2,2:38:02,28/6/17,Day of week:,Wednesday,21.25,Grade Celsius,
0,0.00,W/m^2,2:38:05,28/6/17,Day of week:,Wednesday,21.25,Grade Celsius,
0,0.00,W/m^2,2:38:08,28/6/17,Day of week:,Wednesday,21.25,Grade Celsius,
0,0.00,W/m^2,2:38:11,28/6/17,Day of week:,Wednesday,21.25,Grade Celsius,
0,0.00,W/m^2,2:38:14,28/6/17,Day of week:,Wednesday,21.25,Grade Celsius,
0,0.00,W/m^2,2:38:17,28/6/17,Day of week:,Wednesday,21.25,Grade Celsius,
0,0.00,W/m^2,2:38:20,28/6/17,Day of week:,Wednesday,21.25,Grade Celsius,
0,0.00,W/m^2,2:38:23,28/6/17,Day of week:,Wednesday,21.25,Grade Celsius,
0,0.00,W/m^2,2:38:26,28/6/17,Day of week:,Wednesday,21.25,Grade Celsius,
0,0.00,W/m^2,2:38:29,28/6/17,Day of week:,Wednesday,21.25,Grade Celsius,
0,0.00,W/m^2,2:38:32,28/6/17,Day of week:,Wednesday,21.25,Grade Celsius,
0,0.00,W/m^2,2:38:35,28/6/17,Day of week:,Wednesday,21.25,Grade Celsius,
0,0.00,W/m^2,2:38:38,28/6/17,Day of week:,Wednesday,21.25,Grade Celsius,
0,0.00,W/m^2,2:38:41,28/6/17,Day of week:,Wednesday,21.25,Grade Celsius,
0,0.00,W/m^2,2:38:45,28/6/17,Day of week:,Wednesday,21.31,Grade Celsius,
0,0.00,W/m^2,2:38:48,28/6/17,Day of week:,Wednesday,21.25,Grade Celsius,
0,0.00,W/m^2,2:38:51,28/6/17,Day of week:,Wednesday,21.25,Grade Celsius,
0,0.00,W/m^2,2:38:54,28/6/17,Day of week:,Wednesday,21.25,Grade Celsius,
0,0.00,W/m^2,2:38:57,28/6/17,Day of week:,Wednesday,21.25,Grade Celsius,
0,0.00,W/m^2,2:39:00,28/6/17,Day of week:,Wednesday,21.25,Grade Celsius,
0,0.00,W/m^2,2:39:03,28/6/17,Day of week:,Wednesday,21.25,Grade Celsius,
0,0.00,W/m^2,2:39:06,28/6/17,Day of week:,Wednesday,21.25,Grade Celsius,
0,0.00,W/m^2,2:39:09,28/6/17,Day of week:,Wednesday,21.25,Grade Celsius,
0,0.00,W/m^2,2:39:12,28/6/17,Day of week:,Wednesday,21.25,Grade Celsius,
0,0.00,W/m^2,2:39:15,28/6/17,Day of week:,Wednesday,21.25,Grade Celsius,
0,0.00,W/m^2,2:39:18,28/6/17,Day of week:,Wednesday,21.25,Grade Celsius,
0,0.00,W/m^2,2:39:21,28/6/17,Day of week:,Wednesday,21.25,Grade Celsius,
0,0.00,W/m^2,2:39:24,28/6/17,Day of week:,Wednesday,21.19,Grade Celsius,
0,0.00,W/m^2,2:39:27,28/6/17,Day of week:,Wednesday,21.19,Grade Celsius,
0,0.00,W/m^2,2:39:30,28/6/17,Day of week:,Wednesday,21.19,Grade Celsius,
0,0.00,W/m^2,2:39:33,28/6/17,Day of week:,Wednesday,21.19,Grade Celsius,
0,0.00,W/m^2,2:39:37,28/6/17,Day of week:,Wednesday,21.19,Grade Celsius,
0,0.00,W/m^2,2:39:40,28/6/17,Day of week:,Wednesday,21.19,Grade Celsius,
0,0.00,W/m^2,2:39:43,28/6/17,Day of week:,Wednesday,21.19,Grade Celsius,
0,0.00,W/m^2,2:39:46,28/6/17,Day of week:,Wednesday,21.19,Grade Celsius,
0,0.00,W/m^2,2:39:49,28/6/17,Day of week:,Wednesday,21.19,Grade Celsius,
0,0.00,W/m^2,2:39:52,28/6/17,Day of week:,Wednesday,21.19,Grade Celsius,
0,0.00,W/m^2,2:39:55,28/6/17,Day of week:,Wednesday,21.19,Grade Celsius,
0,0.00,W/m^2,2:39:58,28/6/17,Day of week:,Wednesday,21.19,Grade Celsius,
0,0.00,W/m^2,2:40:01,28/6/17,Day of week:,Wednesday,21.19,Grade Celsius,
0,0.00,W/m^2,2:40:04,28/6/17,Day of week:,Wednesday,21.19,Grade Celsius,
0,0.00,W/m^2,2:40:07,28/6/17,Day of week:,Wednesday,21.19,Grade Celsius,
0,0.00,W/m^2,2:40:10,28/6/17,Day of week:,Wednesday,21.19,Grade Celsius,
0,0.00,W/m^2,2:40:13,28/6/17,Day of week:,Wednesday,21.19,Grade Celsius,
0,0.00,W/m^2,2:40:16,28/6/17,Day of week:,Wednesday,21.19,Grade Celsius,
0,0.00,W/m^2,2:40:19,28/6/17,Day of week:,Wednesday,21.19,Grade Celsius,
0,0.00,W/m^2,2:40:22,28/6/17,Day of week:,Wednesday,21.19,Grade Celsius,
0,0.00,W/m^2,2:40:25,28/6/17,Day of week:,Wednesday,21.19,Grade Celsius,
0,0.00,W/m^2,2:40:29,28/6/17,Day of week:,Wednesday,21.19,Grade Celsius,
0,0.00,W/m^2,2:40:32,28/6/17,Day of week:,Wednesday,21.19,Grade Celsius,
0,0.00,W/m^2,2:40:35,28/6/17,Day of week:,Wednesday,21.19,Grade Celsius,
0,0.00,W/m^2,2:40:38,28/6/17,Day of week:,Wednesday,21.19,Grade Celsius,
0,0.00,W/m^2,2:40:41,28/6/17,Day of week:,Wednesday,21.19,Grade Celsius,
0,0.00,W/m^2,2:40:44,28/6/17,Day of week:,Wednesday,21.19,Grade Celsius,
0,0.00,W/m^2,2:40:47,28/6/17,Day of week:,Wednesday,21.19,Grade Celsius,
0,0.00,W/m^2,2:40:50,28/6/17,Day of week:,Wednesday,21.19,Grade Celsius,
0,0.00,W/m^2,2:40:53,28/6/17,Day of week:,Wednesday,21.19,Grade Celsius,
0,0.00,W/m^2,2:40:56,28/6/17,Day of week:,Wednesday,21.19,Grade Celsius,
0,0.00,W/m^2,2:40:59,28/6/17,Day of week:,Wednesday,21.19,Grade Celsius,
0,0.00,W/m^2,2:41:02,28/6/17,Day of week:,Wednesday,21.19,Grade Celsius,
0,0.00,W/m^2,2:41:05,28/6/17,Day of week:,Wednesday,21.19,Grade Celsius,
0,0.00,W/m^2,2:41:08,28/6/17,Day of week:,Wednesday,21.19,Grade Celsius,
0,0.00,W/m^2,2:41:11,28/6/17,Day of week:,Wednesday,21.25,Grade Celsius,
0,0.00,W/m^2,2:41:14,28/6/17,Day of week:,Wednesday,21.25,Grade Celsius,
0,0.00,W/m^2,2:41:17,28/6/17,Day of week:,Wednesday,21.25,Grade Celsius,
0,0.00,W/m^2,2:41:21,28/6/17,Day of week:,Wednesday,21.25,Grade Celsius,
0,0.00,W/m^2,2:41:24,28/6/17,Day of week:,Wednesday,21.25,Grade Celsius,
0,0.00,W/m^2,2:41:27,28/6/17,Day of week:,Wednesday,21.25,Grade Celsius,
0,0.00,W/m^2,2:41:30,28/6/17,Day of week:,Wednesday,21.25,Grade Celsius,
0,0.00,W/m^2,2:41:33,28/6/17,Day of week:,Wednesday,21.25,Grade Celsius,
0,0.00,W/m^2,2:41:36,28/6/17,Day of week:,Wednesday,21.25,Grade Celsius,
0,0.00,W/m^2,2:41:39,28/6/17,Day of week:,Wednesday,21.19,Grade Celsius,
0,0.00,W/m^2,2:41:42,28/6/17,Day of week:,Wednesday,21.19,Grade Celsius,
0,0.00,W/m^2,2:41:45,28/6/17,Day of week:,Wednesday,21.19,Grade Celsius,
0,0.00,W/m^2,2:41:48,28/6/17,Day of week:,Wednesday,21.19,Grade Celsius,
0,0.00,W/m^2,2:41:51,28/6/17,Day of week:,Wednesday,21.19,Grade Celsius,
0,0.00,W/m^2,2:41:54,28/6/17,Day of week:,Wednesday,21.19,Grade Celsius,
0,0.00,W/m^2,2:41:57,28/6/17,Day of week:,Wednesday,21.19,Grade Celsius,
0,0.00,W/m^2,2:42:00,28/6/17,Day of week:,Wednesday,21.19,Grade Celsius,
0,0.00,W/m^2,2:42:03,28/6/17,Day of week:,Wednesday,21.19,Grade Celsius,
0,0.00,W/m^2,2:42:06,28/6/17,Day of week:,Wednesday,21.19,Grade Celsius,
0,0.00,W/m^2,2:42:09,28/6/17,Day of week:,Wednesday,21.19,Grade Celsius,
0,0.00,W/m^2,2:42:13,28/6/17,Day of week:,Wednesday,21.19,Grade Celsius,
0,0.00,W/m^2,2:42:16,28/6/17,Day of week:,Wednesday,21.19,Grade Celsius,
0,0.00,W/m^2,2:42:19,28/6/17,Day of week:,Wednesday,21.19,Grade Celsius,
0,0.00,W/m^2,2:42:22,28/6/17,Day of week:,Wednesday,21.19,Grade Celsius,
0,0.00,W/m^2,2:42:25,28/6/17,Day of week:,Wednesday,21.19,Grade Celsius,
0,0.00,W/m^2,2:42:28,28/6/17,Day of week:,Wednesday,21.19,Grade Celsius,
0,0.00,W/m^2,2:42:31,28/6/17,Day of week:,Wednesday,21.19,Grade Celsius,
0,0.00,W/m^2,2:42:34,28/6/17,Day of week:,Wednesday,21.19,Grade Celsius,
0,0.00,W/m^2,2:42:37,28/6/17,Day of week:,Wednesday,21.25,Grade Celsius,
0,0.00,W/m^2,2:42:40,28/6/17,Day of week:,Wednesday,21.25,Grade Celsius,
0,0.00,W/m^2,2:42:43,28/6/17,Day of week:,Wednesday,21.25,Grade Celsius,
0,0.00,W/m^2,2:42:46,28/6/17,Day of week:,Wednesday,21.25,Grade Celsius,
0,0.00,W/m^2,2:42:49,28/6/17,Day of week:,Wednesday,21.25,Grade Celsius,
0,0.00,W/m^2,2:42:52,28/6/17,Day of week:,Wednesday,21.25,Grade Celsius,
0,0.00,W/m^2,2:42:55,28/6/17,Day of week:,Wednesday,21.19,Grade Celsius,
0,0.00,W/m^2,2:42:58,28/6/17,Day of week:,Wednesday,21.25,Grade Celsius,
0,0.00,W/m^2,2:43:02,28/6/17,Day of week:,Wednesday,21.25,Grade Celsius,
0,0.00,W/m^2,2:43:05,28/6/17,Day of week:,Wednesday,21.19,Grade Celsius,
0,0.00,W/m^2,2:43:08,28/6/17,Day of week:,Wednesday,21.19,Grade Celsius,
0,0.00,W/m^2,2:43:11,28/6/17,Day of week:,Wednesday,21.19,Grade Celsius,
0,0.00,W/m^2,2:43:14,28/6/17,Day of week:,Wednesday,21.19,Grade Celsius,
0,0.00,W/m^2,2:43:17,28/6/17,Day of week:,Wednesday,21.19,Grade Celsius,
0,0.00,W/m^2,2:43:20,28/6/17,Day of week:,Wednesday,21.19,Grade Celsius,
0,0.00,W/m^2,2:43:23,28/6/17,Day of week:,Wednesday,21.19,Grade Celsius,
0,0.00,W/m^2,2:43:26,28/6/17,Day of week:,Wednesday,21.19,Grade Celsius,
0,0.00,W/m^2,2:43:29,28/6/17,Day of week:,Wednesday,21.19,Grade Celsius,
0,0.00,W/m^2,2:43:32,28/6/17,Day of week:,Wednesday,21.19,Grade Celsius,
0,0.00,W/m^2,2:43:35,28/6/17,Day of week:,Wednesday,21.19,Grade Celsius,
0,0.00,W/m^2,2:43:38,28/6/17,Day of week:,Wednesday,21.25,Grade Celsius,
0,0.00,W/m^2,2:43:41,28/6/17,Day of week:,Wednesday,21.25,Grade Celsius,
0,0.00,W/m^2,2:43:44,28/6/17,Day of week:,Wednesday,21.19,Grade Celsius,
0,0.00,W/m^2,2:43:48,28/6/17,Day of week:,Wednesday,21.25,Grade Celsius,
0,0.00,W/m^2,2:43:51,28/6/17,Day of week:,Wednesday,21.25,Grade Celsius,
0,0.00,W/m^2,2:43:54,28/6/17,Day of week:,Wednesday,21.19,Grade Celsius,
0,0.00,W/m^2,2:43:57,28/6/17,Day of week:,Wednesday,21.25,Grade Celsius,
0,0.00,W/m^2,2:44:00,28/6/17,Day of week:,Wednesday,21.25,Grade Celsius,
0,0.00,W/m^2,2:44:03,28/6/17,Day of week:,Wednesday,21.25,Grade Celsius,
0,0.00,W/m^2,2:44:06,28/6/17,Day of week:,Wednesday,21.19,Grade Celsius,
0,0.00,W/m^2,2:44:09,28/6/17,Day of week:,Wednesday,21.25,Grade Celsius,
0,0.00,W/m^2,2:44:12,28/6/17,Day of week:,Wednesday,21.19,Grade Celsius,
0,0.00,W/m^2,2:44:15,28/6/17,Day of week:,Wednesday,21.25,Grade Celsius,
0,0.00,W/m^2,2:44:18,28/6/17,Day of week:,Wednesday,21.25,Grade Celsius,
0,0.00,W/m^2,2:44:21,28/6/17,Day of week:,Wednesday,21.25,Grade Celsius,
0,0.00,W/m^2,2:44:24,28/6/17,Day of week:,Wednesday,21.25,Grade Celsius,
0,0.00,W/m^2,2:44:27,28/6/17,Day of week:,Wednesday,21.25,Grade Celsius,
0,0.00,W/m^2,2:44:30,28/6/17,Day of week:,Wednesday,21.25,Grade Celsius,
0,0.00,W/m^2,2:44:34,28/6/17,Day of week:,Wednesday,21.25,Grade Celsius,
0,0.00,W/m^2,2:44:37,28/6/17,Day of week:,Wednesday,21.25,Grade Celsius,
0,0.00,W/m^2,2:44:40,28/6/17,Day of week:,Wednesday,21.25,Grade Celsius,
0,0.00,W/m^2,2:44:43,28/6/17,Day of week:,Wednesday,21.25,Grade Celsius,
0,0.00,W/m^2,2:44:46,28/6/17,Day of week:,Wednesday,21.25,Grade Celsius,
0,0.00,W/m^2,2:44:49,28/6/17,Day of week:,Wednesday,21.19,Grade Celsius,
0,0.00,W/m^2,2:44:52,28/6/17,Day of week:,Wednesday,21.19,Grade Celsius,
0,0.00,W/m^2,2:44:55,28/6/17,Day of week:,Wednesday,21.19,Grade Celsius,
0,0.00,W/m^2,2:44:58,28/6/17,Day of week:,Wednesday,21.19,Grade Celsius,
0,0.00,W/m^2,2:45:01,28/6/17,Day of week:,Wednesday,21.19,Grade Celsius,
0,0.00,W/m^2,2:45:04,28/6/17,Day of week:,Wednesday,21.19,Grade Celsius,
0,0.00,W/m^2,2:45:07,28/6/17,Day of week:,Wednesday,21.19,Grade Celsius,
0,0.00,W/m^2,2:45:10,28/6/17,Day of week:,Wednesday,21.19,Grade Celsius,
0,0.00,W/m^2,2:45:13,28/6/17,Day of week:,Wednesday,21.19,Grade Celsius,
0,0.00,W/m^2,2:45:16,28/6/17,Day of week:,Wednesday,21.19,Grade Celsius,
0,0.00,W/m^2,2:45:19,28/6/17,Day of week:,Wednesday,21.19,Grade Celsius,
0,0.00,W/m^2,2:45:22,28/6/17,Day of week:,Wednesday,21.19,Grade Celsius,
0,0.00,W/m^2,2:45:26,28/6/17,Day of week:,Wednesday,21.19,Grade Celsius,
0,0.00,W/m^2,2:45:29,28/6/17,Day of week:,Wednesday,21.12,Grade Celsius,
0,0.00,W/m^2,2:45:32,28/6/17,Day of week:,Wednesday,21.12,Grade Celsius,
0,0.00,W/m^2,2:45:35,28/6/17,Day of week:,Wednesday,21.12,Grade Celsius,
0,0.00,W/m^2,2:45:38,28/6/17,Day of week:,Wednesday,21.12,Grade Celsius,
0,0.00,W/m^2,2:45:41,28/6/17,Day of week:,Wednesday,21.12,Grade Celsius,
0,0.00,W/m^2,2:45:44,28/6/17,Day of week:,Wednesday,21.12,Grade Celsius,
0,0.00,W/m^2,2:45:47,28/6/17,Day of week:,Wednesday,21.12,Grade Celsius,
0,0.00,W/m^2,2:45:50,28/6/17,Day of week:,Wednesday,21.12,Grade Celsius,
0,0.00,W/m^2,2:45:53,28/6/17,Day of week:,Wednesday,21.12,Grade Celsius,
0,0.00,W/m^2,2:45:56,28/6/17,Day of week:,Wednesday,21.12,Grade Celsius,
0,0.00,W/m^2,2:45:59,28/6/17,Day of week:,Wednesday,21.12,Grade Celsius,
0,0.00,W/m^2,2:46:02,28/6/17,Day of week:,Wednesday,21.12,Grade Celsius,
0,0.00,W/m^2,2:46:05,28/6/17,Day of week:,Wednesday,21.12,Grade Celsius,
0,0.00,W/m^2,2:46:08,28/6/17,Day of week:,Wednesday,21.19,Grade Celsius,
0,0.00,W/m^2,2:46:11,28/6/17,Day of week:,Wednesday,21.19,Grade Celsius,
0,0.00,W/m^2,2:46:14,28/6/17,Day of week:,Wednesday,21.19,Grade Celsius,
0,0.00,W/m^2,2:46:18,28/6/17,Day of week:,Wednesday,21.19,Grade Celsius,
0,0.00,W/m^2,2:46:21,28/6/17,Day of week:,Wednesday,21.19,Grade Celsius,
0,0.00,W/m^2,2:46:24,28/6/17,Day of week:,Wednesday,21.12,Grade Celsius,
0,0.00,W/m^2,2:46:27,28/6/17,Day of week:,Wednesday,21.12,Grade Celsius,
0,0.00,W/m^2,2:46:30,28/6/17,Day of week:,Wednesday,21.12,Grade Celsius,
0,0.00,W/m^2,2:46:33,28/6/17,Day of week:,Wednesday,21.12,Grade Celsius,
0,0.00,W/m^2,2:46:36,28/6/17,Day of week:,Wednesday,21.12,Grade Celsius,
0,0.00,W/m^2,2:46:39,28/6/17,Day of week:,Wednesday,21.19,Grade Celsius,
0,0.00,W/m^2,2:46:42,28/6/17,Day of week:,Wednesday,21.12,Grade Celsius,
0,0.00,W/m^2,2:46:45,28/6/17,Day of week:,Wednesday,21.19,Grade Celsius,
0,0.00,W/m^2,2:46:48,28/6/17,Day of week:,Wednesday,21.12,Grade Celsius,
0,0.00,W/m^2,2:46:51,28/6/17,Day of week:,Wednesday,21.12,Grade Celsius,
0,0.00,W/m^2,2:46:54,28/6/17,Day of week:,Wednesday,21.12,Grade Celsius,
0,0.00,W/m^2,2:46:57,28/6/17,Day of week:,Wednesday,21.12,Grade Celsius,
0,0.00,W/m^2,2:47:00,28/6/17,Day of week:,Wednesday,21.12,Grade Celsius,
0,0.00,W/m^2,2:47:03,28/6/17,Day of week:,Wednesday,21.12,Grade Celsius,
0,0.00,W/m^2,2:47:06,28/6/17,Day of week:,Wednesday,21.12,Grade Celsius,
0,0.00,W/m^2,2:47:10,28/6/17,Day of week:,Wednesday,21.12,Grade Celsius,
0,0.00,W/m^2,2:47:13,28/6/17,Day of week:,Wednesday,21.12,Grade Celsius,
0,0.00,W/m^2,2:47:16,28/6/17,Day of week:,Wednesday,21.12,Grade Celsius,
0,0.00,W/m^2,2:47:19,28/6/17,Day of week:,Wednesday,21.12,Grade Celsius,
0,0.00,W/m^2,2:47:22,28/6/17,Day of week:,Wednesday,21.12,Grade Celsius,
0,0.00,W/m^2,2:47:25,28/6/17,Day of week:,Wednesday,21.12,Grade Celsius,
0,0.00,W/m^2,2:47:28,28/6/17,Day of week:,Wednesday,21.12,Grade Celsius,
0,0.00,W/m^2,2:47:31,28/6/17,Day of week:,Wednesday,21.12,Grade Celsius,
0,0.00,W/m^2,2:47:34,28/6/17,Day of week:,Wednesday,21.12,Grade Celsius,
0,0.00,W/m^2,2:47:37,28/6/17,Day of week:,Wednesday,21.19,Grade Celsius,
0,0.00,W/m^2,2:47:40,28/6/17,Day of week:,Wednesday,21.12,Grade Celsius,
0,0.00,W/m^2,2:47:43,28/6/17,Day of week:,Wednesday,21.19,Grade Celsius,
0,0.00,W/m^2,2:47:46,28/6/17,Day of week:,Wednesday,21.12,Grade Celsius,
0,0.00,W/m^2,2:47:49,28/6/17,Day of week:,Wednesday,21.12,Grade Celsius,
0,0.00,W/m^2,2:47:52,28/6/17,Day of week:,Wednesday,21.12,Grade Celsius,
0,0.00,W/m^2,2:47:55,28/6/17,Day of week:,Wednesday,21.19,Grade Celsius,
0,0.00,W/m^2,2:47:59,28/6/17,Day of week:,Wednesday,21.19,Grade Celsius,
0,0.00,W/m^2,2:48:02,28/6/17,Day of week:,Wednesday,21.19,Grade Celsius,
0,0.00,W/m^2,2:48:05,28/6/17,Day of week:,Wednesday,21.19,Grade Celsius,
0,0.00,W/m^2,2:48:08,28/6/17,Day of week:,Wednesday,21.19,Grade Celsius,
0,0.00,W/m^2,2:48:11,28/6/17,Day of week:,Wednesday,21.25,Grade Celsius,
0,0.00,W/m^2,2:48:14,28/6/17,Day of week:,Wednesday,21.25,Grade Celsius,
0,0.00,W/m^2,2:48:17,28/6/17,Day of week:,Wednesday,21.25,Grade Celsius,
0,0.00,W/m^2,2:48:20,28/6/17,Day of week:,Wednesday,21.25,Grade Celsius,
0,0.00,W/m^2,2:48:23,28/6/17,Day of week:,Wednesday,21.25,Grade Celsius,
0,0.00,W/m^2,2:48:26,28/6/17,Day of week:,Wednesday,21.25,Grade Celsius,
0,0.00,W/m^2,2:48:29,28/6/17,Day of week:,Wednesday,21.25,Grade Celsius,
0,0.00,W/m^2,2:48:32,28/6/17,Day of week:,Wednesday,21.25,Grade Celsius,
0,0.00,W/m^2,2:48:35,28/6/17,Day of week:,Wednesday,21.25,Grade Celsius,
0,0.00,W/m^2,2:48:38,28/6/17,Day of week:,Wednesday,21.25,Grade Celsius,
0,0.00,W/m^2,2:48:41,28/6/17,Day of week:,Wednesday,21.25,Grade Celsius,
0,0.00,W/m^2,2:48:44,28/6/17,Day of week:,Wednesday,21.25,Grade Celsius,
0,0.00,W/m^2,2:48:47,28/6/17,Day of week:,Wednesday,21.25,Grade Celsius,
0,0.00,W/m^2,2:48:51,28/6/17,Day of week:,Wednesday,21.25,Grade Celsius,
0,0.00,W/m^2,2:48:54,28/6/17,Day of week:,Wednesday,21.25,Grade Celsius,
0,0.00,W/m^2,2:48:57,28/6/17,Day of week:,Wednesday,21.25,Grade Celsius,
0,0.00,W/m^2,2:49:00,28/6/17,Day of week:,Wednesday,21.25,Grade Celsius,
0,0.00,W/m^2,2:49:03,28/6/17,Day of week:,Wednesday,21.19,Grade Celsius,
0,0.00,W/m^2,2:49:06,28/6/17,Day of week:,Wednesday,21.19,Grade Celsius,
0,0.00,W/m^2,2:49:09,28/6/17,Day of week:,Wednesday,21.19,Grade Celsius,
0,0.00,W/m^2,2:49:12,28/6/17,Day of week:,Wednesday,21.19,Grade Celsius,
0,0.00,W/m^2,2:49:15,28/6/17,Day of week:,Wednesday,21.19,Grade Celsius,
0,0.00,W/m^2,2:49:18,28/6/17,Day of week:,Wednesday,21.19,Grade Celsius,
0,0.00,W/m^2,2:49:21,28/6/17,Day of week:,Wednesday,21.19,Grade Celsius,
0,0.00,W/m^2,2:49:24,28/6/17,Day of week:,Wednesday,21.19,Grade Celsius,
0,0.00,W/m^2,2:49:27,28/6/17,Day of week:,Wednesday,21.19,Grade Celsius,
0,0.00,W/m^2,2:49:30,28/6/17,Day of week:,Wednesday,21.19,Grade Celsius,
0,0.00,W/m^2,2:49:33,28/6/17,Day of week:,Wednesday,21.19,Grade Celsius,
0,0.00,W/m^2,2:49:37,28/6/17,Day of week:,Wednesday,21.12,Grade Celsius,
0,0.00,W/m^2,2:49:40,28/6/17,Day of week:,Wednesday,21.12,Grade Celsius,
0,0.00,W/m^2,2:49:43,28/6/17,Day of week:,Wednesday,21.12,Grade Celsius,
0,0.00,W/m^2,2:49:46,28/6/17,Day of week:,Wednesday,21.19,Grade Celsius,
0,0.00,W/m^2,2:49:49,28/6/17,Day of week:,Wednesday,21.19,Grade Celsius,
0,0.00,W/m^2,2:49:52,28/6/17,Day of week:,Wednesday,21.19,Grade Celsius,
0,0.00,W/m^2,2:49:55,28/6/17,Day of week:,Wednesday,21.12,Grade Celsius,
0,0.00,W/m^2,2:49:58,28/6/17,Day of week:,Wednesday,21.19,Grade Celsius,
0,0.00,W/m^2,2:50:01,28/6/17,Day of week:,Wednesday,21.12,Grade Celsius,
0,0.00,W/m^2,2:50:04,28/6/17,Day of week:,Wednesday,21.12,Grade Celsius,
0,0.00,W/m^2,2:50:07,28/6/17,Day of week:,Wednesday,21.12,Grade Celsius,
0,0.00,W/m^2,2:50:10,28/6/17,Day of week:,Wednesday,21.12,Grade Celsius,
0,0.00,W/m^2,2:50:13,28/6/17,Day of week:,Wednesday,21.12,Grade Celsius,
0,0.00,W/m^2,2:50:16,28/6/17,Day of week:,Wednesday,21.12,Grade Celsius,
0,0.00,W/m^2,2:50:19,28/6/17,Day of week:,Wednesday,21.12,Grade Celsius,
0,0.00,W/m^2,2:50:22,28/6/17,Day of week:,Wednesday,21.12,Grade Celsius,
0,0.00,W/m^2,2:50:25,28/6/17,Day of week:,Wednesday,21.12,Grade Celsius,
0,0.00,W/m^2,2:50:29,28/6/17,Day of week:,Wednesday,21.19,Grade Celsius,
0,0.00,W/m^2,2:50:32,28/6/17,Day of week:,Wednesday,21.12,Grade Celsius,
0,0.00,W/m^2,2:50:35,28/6/17,Day of week:,Wednesday,21.12,Grade Celsius,
0,0.00,W/m^2,2:50:38,28/6/17,Day of week:,Wednesday,21.12,Grade Celsius,
0,0.00,W/m^2,2:50:41,28/6/17,Day of week:,Wednesday,21.12,Grade Celsius,
0,0.00,W/m^2,2:50:44,28/6/17,Day of week:,Wednesday,21.12,Grade Celsius,
0,0.00,W/m^2,2:50:47,28/6/17,Day of week:,Wednesday,21.12,Grade Celsius,
0,0.00,W/m^2,2:50:50,28/6/17,Day of week:,Wednesday,21.12,Grade Celsius,
0,0.00,W/m^2,2:50:53,28/6/17,Day of week:,Wednesday,21.12,Grade Celsius,
0,0.00,W/m^2,2:50:56,28/6/17,Day of week:,Wednesday,21.12,Grade Celsius,
0,0.00,W/m^2,2:50:59,28/6/17,Day of week:,Wednesday,21.12,Grade Celsius,
0,0.00,W/m^2,2:51:02,28/6/17,Day of week:,Wednesday,21.06,Grade Celsius,
0,0.00,W/m^2,2:51:05,28/6/17,Day of week:,Wednesday,21.12,Grade Celsius,
0,0.00,W/m^2,2:51:08,28/6/17,Day of week:,Wednesday,21.12,Grade Celsius,
0,0.00,W/m^2,2:51:11,28/6/17,Day of week:,Wednesday,21.12,Grade Celsius,
0,0.00,W/m^2,2:51:14,28/6/17,Day of week:,Wednesday,21.12,Grade Celsius,
0,0.00,W/m^2,2:51:17,28/6/17,Day of week:,Wednesday,21.12,Grade Celsius,
0,0.00,W/m^2,2:51:21,28/6/17,Day of week:,Wednesday,21.12,Grade Celsius,
0,0.00,W/m^2,2:51:24,28/6/17,Day of week:,Wednesday,21.12,Grade Celsius,
0,0.00,W/m^2,2:51:27,28/6/17,Day of week:,Wednesday,21.12,Grade Celsius,
0,0.00,W/m^2,2:51:30,28/6/17,Day of week:,Wednesday,21.12,Grade Celsius,
0,0.00,W/m^2,2:51:33,28/6/17,Day of week:,Wednesday,21.12,Grade Celsius,
0,0.00,W/m^2,2:51:36,28/6/17,Day of week:,Wednesday,21.12,Grade Celsius,
0,0.00,W/m^2,2:51:39,28/6/17,Day of week:,Wednesday,21.12,Grade Celsius,
0,0.00,W/m^2,2:51:42,28/6/17,Day of week:,Wednesday,21.12,Grade Celsius,
0,0.00,W/m^2,2:51:45,28/6/17,Day of week:,Wednesday,21.12,Grade Celsius,
0,0.00,W/m^2,2:51:48,28/6/17,Day of week:,Wednesday,21.12,Grade Celsius,
0,0.00,W/m^2,2:51:51,28/6/17,Day of week:,Wednesday,21.12,Grade Celsius,
0,0.00,W/m^2,2:51:54,28/6/17,Day of week:,Wednesday,21.12,Grade Celsius,
0,0.00,W/m^2,2:51:57,28/6/17,Day of week:,Wednesday,21.12,Grade Celsius,
0,0.00,W/m^2,2:52:00,28/6/17,Day of week:,Wednesday,21.12,Grade Celsius,
0,0.00,W/m^2,2:52:03,28/6/17,Day of week:,Wednesday,21.12,Grade Celsius,
0,0.00,W/m^2,2:52:06,28/6/17,Day of week:,Wednesday,21.12,Grade Celsius,
0,0.00,W/m^2,2:52:09,28/6/17,Day of week:,Wednesday,21.12,Grade Celsius,
0,0.00,W/m^2,2:52:12,28/6/17,Day of week:,Wednesday,21.12,Grade Celsius,
0,0.00,W/m^2,2:52:16,28/6/17,Day of week:,Wednesday,21.12,Grade Celsius,
0,0.00,W/m^2,2:52:19,28/6/17,Day of week:,Wednesday,21.12,Grade Celsius,
0,0.00,W/m^2,2:52:22,28/6/17,Day of week:,Wednesday,21.12,Grade Celsius,
0,0.00,W/m^2,2:52:25,28/6/17,Day of week:,Wednesday,21.12,Grade Celsius,
0,0.00,W/m^2,2:52:28,28/6/17,Day of week:,Wednesday,21.12,Grade Celsius,
0,0.00,W/m^2,2:52:31,28/6/17,Day of week:,Wednesday,21.12,Grade Celsius,
0,0.00,W/m^2,2:52:34,28/6/17,Day of week:,Wednesday,21.12,Grade Celsius,
0,0.00,W/m^2,2:52:37,28/6/17,Day of week:,Wednesday,21.12,Grade Celsius,
0,0.00,W/m^2,2:52:40,28/6/17,Day of week:,Wednesday,21.12,Grade Celsius,
0,0.00,W/m^2,2:52:43,28/6/17,Day of week:,Wednesday,21.06,Grade Celsius,
0,0.00,W/m^2,2:52:46,28/6/17,Day of week:,Wednesday,21.12,Grade Celsius,
0,0.00,W/m^2,2:52:49,28/6/17,Day of week:,Wednesday,21.12,Grade Celsius,
0,0.00,W/m^2,2:52:52,28/6/17,Day of week:,Wednesday,21.06,Grade Celsius,
0,0.00,W/m^2,2:52:55,28/6/17,Day of week:,Wednesday,21.06,Grade Celsius,
0,0.00,W/m^2,2:52:58,28/6/17,Day of week:,Wednesday,21.06,Grade Celsius,
0,0.00,W/m^2,2:53:01,28/6/17,Day of week:,Wednesday,21.12,Grade Celsius,
0,0.00,W/m^2,2:53:05,28/6/17,Day of week:,Wednesday,21.06,Grade Celsius,
0,0.00,W/m^2,2:53:08,28/6/17,Day of week:,Wednesday,21.06,Grade Celsius,
0,0.00,W/m^2,2:53:11,28/6/17,Day of week:,Wednesday,21.06,Grade Celsius,
0,0.00,W/m^2,2:53:14,28/6/17,Day of week:,Wednesday,21.06,Grade Celsius,
0,0.00,W/m^2,2:53:17,28/6/17,Day of week:,Wednesday,21.06,Grade Celsius,
0,0.00,W/m^2,2:53:20,28/6/17,Day of week:,Wednesday,21.06,Grade Celsius,
0,0.00,W/m^2,2:53:23,28/6/17,Day of week:,Wednesday,21.06,Grade Celsius,
0,0.00,W/m^2,2:53:26,28/6/17,Day of week:,Wednesday,21.00,Grade Celsius,
0,0.00,W/m^2,2:53:29,28/6/17,Day of week:,Wednesday,21.00,Grade Celsius,
0,0.00,W/m^2,2:53:32,28/6/17,Day of week:,Wednesday,21.00,Grade Celsius,
0,0.00,W/m^2,2:53:35,28/6/17,Day of week:,Wednesday,21.00,Grade Celsius,
0,0.00,W/m^2,2:53:38,28/6/17,Day of week:,Wednesday,21.00,Grade Celsius,
0,0.00,W/m^2,2:53:41,28/6/17,Day of week:,Wednesday,21.00,Grade Celsius,
0,0.00,W/m^2,2:53:44,28/6/17,Day of week:,Wednesday,21.00,Grade Celsius,
0,0.00,W/m^2,2:53:47,28/6/17,Day of week:,Wednesday,21.00,Grade Celsius,
0,0.00,W/m^2,2:53:50,28/6/17,Day of week:,Wednesday,21.00,Grade Celsius,
0,0.00,W/m^2,2:53:53,28/6/17,Day of week:,Wednesday,21.00,Grade Celsius,
0,0.00,W/m^2,2:53:57,28/6/17,Day of week:,Wednesday,21.00,Grade Celsius,
0,0.00,W/m^2,2:54:00,28/6/17,Day of week:,Wednesday,21.00,Grade Celsius,
0,0.00,W/m^2,2:54:03,28/6/17,Day of week:,Wednesday,21.06,Grade Celsius,
0,0.00,W/m^2,2:54:06,28/6/17,Day of week:,Wednesday,21.00,Grade Celsius,
0,0.00,W/m^2,2:54:09,28/6/17,Day of week:,Wednesday,21.00,Grade Celsius,
0,0.00,W/m^2,2:54:12,28/6/17,Day of week:,Wednesday,21.00,Grade Celsius,
0,0.00,W/m^2,2:54:15,28/6/17,Day of week:,Wednesday,21.00,Grade Celsius,
0,0.00,W/m^2,2:54:18,28/6/17,Day of week:,Wednesday,21.00,Grade Celsius,
0,0.00,W/m^2,2:54:21,28/6/17,Day of week:,Wednesday,21.00,Grade Celsius,
0,0.00,W/m^2,2:54:24,28/6/17,Day of week:,Wednesday,21.00,Grade Celsius,
0,0.00,W/m^2,2:54:27,28/6/17,Day of week:,Wednesday,21.00,Grade Celsius,
0,0.00,W/m^2,2:54:30,28/6/17,Day of week:,Wednesday,20.94,Grade Celsius,
0,0.00,W/m^2,2:54:33,28/6/17,Day of week:,Wednesday,20.94,Grade Celsius,
0,0.00,W/m^2,2:54:36,28/6/17,Day of week:,Wednesday,20.94,Grade Celsius,
0,0.00,W/m^2,2:54:39,28/6/17,Day of week:,Wednesday,20.94,Grade Celsius,
0,0.00,W/m^2,2:54:42,28/6/17,Day of week:,Wednesday,20.94,Grade Celsius,
0,0.00,W/m^2,2:54:45,28/6/17,Day of week:,Wednesday,20.94,Grade Celsius,
0,0.00,W/m^2,2:54:49,28/6/17,Day of week:,Wednesday,20.94,Grade Celsius,
0,0.00,W/m^2,2:54:52,28/6/17,Day of week:,Wednesday,20.94,Grade Celsius,
0,0.00,W/m^2,2:54:55,28/6/17,Day of week:,Wednesday,20.94,Grade Celsius,
0,0.00,W/m^2,2:54:58,28/6/17,Day of week:,Wednesday,20.94,Grade Celsius,
0,0.00,W/m^2,2:55:01,28/6/17,Day of week:,Wednesday,20.94,Grade Celsius,
0,0.00,W/m^2,2:55:04,28/6/17,Day of week:,Wednesday,20.94,Grade Celsius,
0,0.00,W/m^2,2:55:07,28/6/17,Day of week:,Wednesday,20.94,Grade Celsius,
0,0.00,W/m^2,2:55:10,28/6/17,Day of week:,Wednesday,21.00,Grade Celsius,
0,0.00,W/m^2,2:55:13,28/6/17,Day of week:,Wednesday,21.00,Grade Celsius,
0,0.00,W/m^2,2:55:16,28/6/17,Day of week:,Wednesday,21.00,Grade Celsius,
0,0.00,W/m^2,2:55:19,28/6/17,Day of week:,Wednesday,21.00,Grade Celsius,
0,0.00,W/m^2,2:55:22,28/6/17,Day of week:,Wednesday,21.00,Grade Celsius,
0,0.00,W/m^2,2:55:25,28/6/17,Day of week:,Wednesday,21.00,Grade Celsius,
0,0.00,W/m^2,2:55:29,28/6/17,Day of week:,Wednesday,21.00,Grade Celsius,
0,0.00,W/m^2,2:55:32,28/6/17,Day of week:,Wednesday,21.00,Grade Celsius,
0,0.00,W/m^2,2:55:35,28/6/17,Day of week:,Wednesday,20.94,Grade Celsius,
0,0.00,W/m^2,2:55:38,28/6/17,Day of week:,Wednesday,21.00,Grade Celsius,
0,0.00,W/m^2,2:55:41,28/6/17,Day of week:,Wednesday,20.94,Grade Celsius,
0,0.00,W/m^2,2:55:44,28/6/17,Day of week:,Wednesday,20.94,Grade Celsius,
0,0.00,W/m^2,2:55:47,28/6/17,Day of week:,Wednesday,20.94,Grade Celsius,
0,0.00,W/m^2,2:55:50,28/6/17,Day of week:,Wednesday,21.00,Grade Celsius,
0,0.00,W/m^2,2:55:53,28/6/17,Day of week:,Wednesday,20.94,Grade Celsius,
0,0.00,W/m^2,2:55:56,28/6/17,Day of week:,Wednesday,21.00,Grade Celsius,
0,0.00,W/m^2,2:55:59,28/6/17,Day of week:,Wednesday,21.00,Grade Celsius,
0,0.00,W/m^2,2:56:02,28/6/17,Day of week:,Wednesday,20.94,Grade Celsius,
0,0.00,W/m^2,2:56:05,28/6/17,Day of week:,Wednesday,21.00,Grade Celsius,
0,0.00,W/m^2,2:56:08,28/6/17,Day of week:,Wednesday,20.94,Grade Celsius,
0,0.00,W/m^2,2:56:11,28/6/17,Day of week:,Wednesday,20.94,Grade Celsius,
0,0.00,W/m^2,2:56:14,28/6/17,Day of week:,Wednesday,20.94,Grade Celsius,
0,0.00,W/m^2,2:56:17,28/6/17,Day of week:,Wednesday,20.94,Grade Celsius,
0,0.00,W/m^2,2:56:21,28/6/17,Day of week:,Wednesday,20.94,Grade Celsius,
0,0.00,W/m^2,2:56:24,28/6/17,Day of week:,Wednesday,20.94,Grade Celsius,
0,0.00,W/m^2,2:56:27,28/6/17,Day of week:,Wednesday,20.94,Grade Celsius,
0,0.00,W/m^2,2:56:30,28/6/17,Day of week:,Wednesday,20.94,Grade Celsius,
0,0.00,W/m^2,2:56:33,28/6/17,Day of week:,Wednesday,20.94,Grade Celsius,
0,0.00,W/m^2,2:56:36,28/6/17,Day of week:,Wednesday,20.94,Grade Celsius,
0,0.00,W/m^2,2:56:39,28/6/17,Day of week:,Wednesday,20.87,Grade Celsius,
0,0.00,W/m^2,2:56:42,28/6/17,Day of week:,Wednesday,20.87,Grade Celsius,
0,0.00,W/m^2,2:56:45,28/6/17,Day of week:,Wednesday,20.87,Grade Celsius,
0,0.00,W/m^2,2:56:48,28/6/17,Day of week:,Wednesday,20.87,Grade Celsius,
0,0.00,W/m^2,2:56:51,28/6/17,Day of week:,Wednesday,20.87,Grade Celsius,
0,0.00,W/m^2,2:56:54,28/6/17,Day of week:,Wednesday,20.87,Grade Celsius,
0,0.00,W/m^2,2:56:57,28/6/17,Day of week:,Wednesday,20.87,Grade Celsius,
0,0.00,W/m^2,2:57:00,28/6/17,Day of week:,Wednesday,20.87,Grade Celsius,
0,0.00,W/m^2,2:57:03,28/6/17,Day of week:,Wednesday,20.94,Grade Celsius,
0,0.00,W/m^2,2:57:06,28/6/17,Day of week:,Wednesday,20.87,Grade Celsius,
0,0.00,W/m^2,2:57:09,28/6/17,Day of week:,Wednesday,20.87,Grade Celsius,
0,0.00,W/m^2,2:57:13,28/6/17,Day of week:,Wednesday,20.87,Grade Celsius,
0,0.00,W/m^2,2:57:16,28/6/17,Day of week:,Wednesday,20.87,Grade Celsius,
0,0.00,W/m^2,2:57:19,28/6/17,Day of week:,Wednesday,20.87,Grade Celsius,
0,0.00,W/m^2,2:57:22,28/6/17,Day of week:,Wednesday,20.87,Grade Celsius,
0,0.00,W/m^2,2:57:25,28/6/17,Day of week:,Wednesday,20.87,Grade Celsius,
0,0.00,W/m^2,2:57:28,28/6/17,Day of week:,Wednesday,20.87,Grade Celsius,
0,0.00,W/m^2,2:57:31,28/6/17,Day of week:,Wednesday,20.81,Grade Celsius,
0,0.00,W/m^2,2:57:34,28/6/17,Day of week:,Wednesday,20.87,Grade Celsius,
0,0.00,W/m^2,2:57:37,28/6/17,Day of week:,Wednesday,20.81,Grade Celsius,
0,0.00,W/m^2,2:57:40,28/6/17,Day of week:,Wednesday,20.81,Grade Celsius,
0,0.00,W/m^2,2:57:43,28/6/17,Day of week:,Wednesday,20.81,Grade Celsius,
0,0.00,W/m^2,2:57:46,28/6/17,Day of week:,Wednesday,20.81,Grade Celsius,
0,0.00,W/m^2,2:57:49,28/6/17,Day of week:,Wednesday,20.81,Grade Celsius,
0,0.00,W/m^2,2:57:52,28/6/17,Day of week:,Wednesday,20.87,Grade Celsius,
0,0.00,W/m^2,2:57:55,28/6/17,Day of week:,Wednesday,20.81,Grade Celsius,
0,0.00,W/m^2,2:57:58,28/6/17,Day of week:,Wednesday,20.81,Grade Celsius,
0,0.00,W/m^2,2:58:02,28/6/17,Day of week:,Wednesday,20.81,Grade Celsius,
0,0.00,W/m^2,2:58:05,28/6/17,Day of week:,Wednesday,20.81,Grade Celsius,
0,0.00,W/m^2,2:58:08,28/6/17,Day of week:,Wednesday,20.81,Grade Celsius,
0,0.00,W/m^2,2:58:11,28/6/17,Day of week:,Wednesday,20.81,Grade Celsius,
0,0.00,W/m^2,2:58:14,28/6/17,Day of week:,Wednesday,20.81,Grade Celsius,
0,0.00,W/m^2,2:58:17,28/6/17,Day of week:,Wednesday,20.81,Grade Celsius,
0,0.00,W/m^2,2:58:20,28/6/17,Day of week:,Wednesday,20.81,Grade Celsius,
0,0.00,W/m^2,2:58:23,28/6/17,Day of week:,Wednesday,20.81,Grade Celsius,
0,0.00,W/m^2,2:58:26,28/6/17,Day of week:,Wednesday,20.81,Grade Celsius,
0,0.00,W/m^2,2:58:29,28/6/17,Day of week:,Wednesday,20.75,Grade Celsius,
0,0.00,W/m^2,2:58:32,28/6/17,Day of week:,Wednesday,20.75,Grade Celsius,
0,0.00,W/m^2,2:58:35,28/6/17,Day of week:,Wednesday,20.75,Grade Celsius,
0,0.00,W/m^2,2:58:38,28/6/17,Day of week:,Wednesday,20.75,Grade Celsius,
0,0.00,W/m^2,2:58:41,28/6/17,Day of week:,Wednesday,20.75,Grade Celsius,
0,0.00,W/m^2,2:58:44,28/6/17,Day of week:,Wednesday,20.75,Grade Celsius,
0,0.00,W/m^2,2:58:47,28/6/17,Day of week:,Wednesday,20.75,Grade Celsius,
0,0.00,W/m^2,2:58:50,28/6/17,Day of week:,Wednesday,20.75,Grade Celsius,
0,0.00,W/m^2,2:58:54,28/6/17,Day of week:,Wednesday,20.75,Grade Celsius,
0,0.00,W/m^2,2:58:57,28/6/17,Day of week:,Wednesday,20.75,Grade Celsius,
0,0.00,W/m^2,2:59:00,28/6/17,Day of week:,Wednesday,20.75,Grade Celsius,
0,0.00,W/m^2,2:59:03,28/6/17,Day of week:,Wednesday,20.75,Grade Celsius,
0,0.00,W/m^2,2:59:06,28/6/17,Day of week:,Wednesday,20.75,Grade Celsius,
0,0.00,W/m^2,2:59:09,28/6/17,Day of week:,Wednesday,20.75,Grade Celsius,
0,0.00,W/m^2,2:59:12,28/6/17,Day of week:,Wednesday,20.69,Grade Celsius,
0,0.00,W/m^2,2:59:15,28/6/17,Day of week:,Wednesday,20.75,Grade Celsius,
0,0.00,W/m^2,2:59:18,28/6/17,Day of week:,Wednesday,20.75,Grade Celsius,
0,0.00,W/m^2,2:59:21,28/6/17,Day of week:,Wednesday,20.69,Grade Celsius,
0,0.00,W/m^2,2:59:24,28/6/17,Day of week:,Wednesday,20.75,Grade Celsius,
0,0.00,W/m^2,2:59:27,28/6/17,Day of week:,Wednesday,20.69,Grade Celsius,
0,0.00,W/m^2,2:59:30,28/6/17,Day of week:,Wednesday,20.69,Grade Celsius,
0,0.00,W/m^2,2:59:33,28/6/17,Day of week:,Wednesday,20.69,Grade Celsius,
0,0.00,W/m^2,2:59:36,28/6/17,Day of week:,Wednesday,20.75,Grade Celsius,
0,0.00,W/m^2,2:59:39,28/6/17,Day of week:,Wednesday,20.75,Grade Celsius,
0,0.00,W/m^2,2:59:42,28/6/17,Day of week:,Wednesday,20.75,Grade Celsius,
0,0.00,W/m^2,2:59:46,28/6/17,Day of week:,Wednesday,20.75,Grade Celsius,
0,0.00,W/m^2,2:59:49,28/6/17,Day of week:,Wednesday,20.69,Grade Celsius,
0,0.00,W/m^2,2:59:52,28/6/17,Day of week:,Wednesday,20.75,Grade Celsius,
0,0.00,W/m^2,2:59:55,28/6/17,Day of week:,Wednesday,20.75,Grade Celsius,
0,0.00,W/m^2,2:59:58,28/6/17,Day of week:,Wednesday,20.69,Grade Celsius,
0,0.00,W/m^2,3:00:01,28/6/17,Day of week:,Wednesday,20.75,Grade Celsius,
0,0.00,W/m^2,3:00:04,28/6/17,Day of week:,Wednesday,20.75,Grade Celsius,
0,0.00,W/m^2,3:00:07,28/6/17,Day of week:,Wednesday,20.75,Grade Celsius,
0,0.00,W/m^2,3:00:10,28/6/17,Day of week:,Wednesday,20.69,Grade Celsius,
0,0.00,W/m^2,3:00:13,28/6/17,Day of week:,Wednesday,20.75,Grade Celsius,
0,0.00,W/m^2,3:00:16,28/6/17,Day of week:,Wednesday,20.75,Grade Celsius,
0,0.00,W/m^2,3:00:19,28/6/17,Day of week:,Wednesday,20.75,Grade Celsius,
0,0.00,W/m^2,3:00:22,28/6/17,Day of week:,Wednesday,20.69,Grade Celsius,
0,0.00,W/m^2,3:00:25,28/6/17,Day of week:,Wednesday,20.75,Grade Celsius,
0,0.00,W/m^2,3:00:28,28/6/17,Day of week:,Wednesday,20.75,Grade Celsius,
0,0.00,W/m^2,3:00:31,28/6/17,Day of week:,Wednesday,20.75,Grade Celsius,
0,0.00,W/m^2,3:00:34,28/6/17,Day of week:,Wednesday,20.75,Grade Celsius,
0,0.00,W/m^2,3:00:38,28/6/17,Day of week:,Wednesday,20.75,Grade Celsius,
0,0.00,W/m^2,3:00:41,28/6/17,Day of week:,Wednesday,20.69,Grade Celsius,
0,0.00,W/m^2,3:00:44,28/6/17,Day of week:,Wednesday,20.69,Grade Celsius,
0,0.00,W/m^2,3:00:47,28/6/17,Day of week:,Wednesday,20.75,Grade Celsius,
0,0.00,W/m^2,3:00:50,28/6/17,Day of week:,Wednesday,20.69,Grade Celsius,
0,0.00,W/m^2,3:00:53,28/6/17,Day of week:,Wednesday,20.69,Grade Celsius,
0,0.00,W/m^2,3:00:56,28/6/17,Day of week:,Wednesday,20.69,Grade Celsius,
0,0.00,W/m^2,3:00:59,28/6/17,Day of week:,Wednesday,20.69,Grade Celsius,
0,0.00,W/m^2,3:01:02,28/6/17,Day of week:,Wednesday,20.69,Grade Celsius,
0,0.00,W/m^2,3:01:05,28/6/17,Day of week:,Wednesday,20.69,Grade Celsius,
0,0.00,W/m^2,3:01:08,28/6/17,Day of week:,Wednesday,20.69,Grade Celsius,
0,0.00,W/m^2,3:01:11,28/6/17,Day of week:,Wednesday,20.69,Grade Celsius,
0,0.00,W/m^2,3:01:14,28/6/17,Day of week:,Wednesday,20.69,Grade Celsius,
0,0.00,W/m^2,3:01:17,28/6/17,Day of week:,Wednesday,20.69,Grade Celsius,
0,0.00,W/m^2,3:01:20,28/6/17,Day of week:,Wednesday,20.69,Grade Celsius,
0,0.00,W/m^2,3:01:24,28/6/17,Day of week:,Wednesday,20.69,Grade Celsius,
0,0.00,W/m^2,3:01:27,28/6/17,Day of week:,Wednesday,20.69,Grade Celsius,
0,0.00,W/m^2,3:01:30,28/6/17,Day of week:,Wednesday,20.69,Grade Celsius,
0,0.00,W/m^2,3:01:33,28/6/17,Day of week:,Wednesday,20.69,Grade Celsius,
0,0.00,W/m^2,3:01:36,28/6/17,Day of week:,Wednesday,20.69,Grade Celsius,
0,0.00,W/m^2,3:01:39,28/6/17,Day of week:,Wednesday,20.69,Grade Celsius,
0,0.00,W/m^2,3:01:42,28/6/17,Day of week:,Wednesday,20.69,Grade Celsius,
0,0.00,W/m^2,3:01:45,28/6/17,Day of week:,Wednesday,20.69,Grade Celsius,
0,0.00,W/m^2,3:01:48,28/6/17,Day of week:,Wednesday,20.69,Grade Celsius,
0,0.00,W/m^2,3:01:51,28/6/17,Day of week:,Wednesday,20.69,Grade Celsius,
0,0.00,W/m^2,3:01:54,28/6/17,Day of week:,Wednesday,20.69,Grade Celsius,
0,0.00,W/m^2,3:01:57,28/6/17,Day of week:,Wednesday,20.69,Grade Celsius,
0,0.00,W/m^2,3:02:00,28/6/17,Day of week:,Wednesday,20.69,Grade Celsius,
0,0.00,W/m^2,3:02:03,28/6/17,Day of week:,Wednesday,20.69,Grade Celsius,
0,0.00,W/m^2,3:02:06,28/6/17,Day of week:,Wednesday,20.69,Grade Celsius,
0,0.00,W/m^2,3:02:09,28/6/17,Day of week:,Wednesday,20.69,Grade Celsius,
0,0.00,W/m^2,3:02:13,28/6/17,Day of week:,Wednesday,20.69,Grade Celsius,
0,0.00,W/m^2,3:02:16,28/6/17,Day of week:,Wednesday,20.69,Grade Celsius,
0,0.00,W/m^2,3:02:19,28/6/17,Day of week:,Wednesday,20.69,Grade Celsius,
0,0.00,W/m^2,3:02:22,28/6/17,Day of week:,Wednesday,20.69,Grade Celsius,
0,0.00,W/m^2,3:02:25,28/6/17,Day of week:,Wednesday,20.69,Grade Celsius,
0,0.00,W/m^2,3:02:28,28/6/17,Day of week:,Wednesday,20.69,Grade Celsius,
0,0.00,W/m^2,3:02:31,28/6/17,Day of week:,Wednesday,20.69,Grade Celsius,
0,0.00,W/m^2,3:02:34,28/6/17,Day of week:,Wednesday,20.69,Grade Celsius,
0,0.00,W/m^2,3:02:37,28/6/17,Day of week:,Wednesday,20.75,Grade Celsius,
0,0.00,W/m^2,3:02:40,28/6/17,Day of week:,Wednesday,20.75,Grade Celsius,
0,0.00,W/m^2,3:02:43,28/6/17,Day of week:,Wednesday,20.75,Grade Celsius,
0,0.00,W/m^2,3:02:46,28/6/17,Day of week:,Wednesday,20.75,Grade Celsius,
0,0.00,W/m^2,3:02:49,28/6/17,Day of week:,Wednesday,20.75,Grade Celsius,
0,0.00,W/m^2,3:02:52,28/6/17,Day of week:,Wednesday,20.75,Grade Celsius,
0,0.00,W/m^2,3:02:55,28/6/17,Day of week:,Wednesday,20.69,Grade Celsius,
0,0.00,W/m^2,3:02:58,28/6/17,Day of week:,Wednesday,20.69,Grade Celsius,
0,0.00,W/m^2,3:03:01,28/6/17,Day of week:,Wednesday,20.69,Grade Celsius,
0,0.00,W/m^2,3:03:04,28/6/17,Day of week:,Wednesday,20.69,Grade Celsius,
0,0.00,W/m^2,3:03:08,28/6/17,Day of week:,Wednesday,20.69,Grade Celsius,
0,0.00,W/m^2,3:03:11,28/6/17,Day of week:,Wednesday,20.69,Grade Celsius,
0,0.00,W/m^2,3:03:14,28/6/17,Day of week:,Wednesday,20.69,Grade Celsius,
0,0.00,W/m^2,3:03:17,28/6/17,Day of week:,Wednesday,20.69,Grade Celsius,
0,0.00,W/m^2,3:03:20,28/6/17,Day of week:,Wednesday,20.69,Grade Celsius,
0,0.00,W/m^2,3:03:23,28/6/17,Day of week:,Wednesday,20.69,Grade Celsius,
0,0.00,W/m^2,3:03:26,28/6/17,Day of week:,Wednesday,20.62,Grade Celsius,
0,0.00,W/m^2,3:03:29,28/6/17,Day of week:,Wednesday,20.69,Grade Celsius,
0,0.00,W/m^2,3:03:32,28/6/17,Day of week:,Wednesday,20.62,Grade Celsius,
0,0.00,W/m^2,3:03:35,28/6/17,Day of week:,Wednesday,20.62,Grade Celsius,
0,0.00,W/m^2,3:03:38,28/6/17,Day of week:,Wednesday,20.69,Grade Celsius,
0,0.00,W/m^2,3:03:41,28/6/17,Day of week:,Wednesday,20.62,Grade Celsius,
0,0.00,W/m^2,3:03:44,28/6/17,Day of week:,Wednesday,20.69,Grade Celsius,
0,0.00,W/m^2,3:03:47,28/6/17,Day of week:,Wednesday,20.62,Grade Celsius,
0,0.00,W/m^2,3:03:50,28/6/17,Day of week:,Wednesday,20.62,Grade Celsius,
0,0.00,W/m^2,3:03:53,28/6/17,Day of week:,Wednesday,20.69,Grade Celsius,
0,0.00,W/m^2,3:03:56,28/6/17,Day of week:,Wednesday,20.69,Grade Celsius,
0,0.00,W/m^2,3:04:00,28/6/17,Day of week:,Wednesday,20.69,Grade Celsius,
0,0.00,W/m^2,3:04:03,28/6/17,Day of week:,Wednesday,20.69,Grade Celsius,
0,0.00,W/m^2,3:04:06,28/6/17,Day of week:,Wednesday,20.69,Grade Celsius,
0,0.00,W/m^2,3:04:09,28/6/17,Day of week:,Wednesday,20.62,Grade Celsius,
0,0.00,W/m^2,3:04:12,28/6/17,Day of week:,Wednesday,20.69,Grade Celsius,
0,0.00,W/m^2,3:04:15,28/6/17,Day of week:,Wednesday,20.69,Grade Celsius,
0,0.00,W/m^2,3:04:18,28/6/17,Day of week:,Wednesday,20.69,Grade Celsius,
0,0.00,W/m^2,3:04:21,28/6/17,Day of week:,Wednesday,20.62,Grade Celsius,
0,0.00,W/m^2,3:04:24,28/6/17,Day of week:,Wednesday,20.69,Grade Celsius,
0,0.00,W/m^2,3:04:27,28/6/17,Day of week:,Wednesday,20.69,Grade Celsius,
0,0.00,W/m^2,3:04:30,28/6/17,Day of week:,Wednesday,20.69,Grade Celsius,
0,0.00,W/m^2,3:04:33,28/6/17,Day of week:,Wednesday,20.69,Grade Celsius,
0,0.00,W/m^2,3:04:36,28/6/17,Day of week:,Wednesday,20.69,Grade Celsius,
0,0.00,W/m^2,3:04:39,28/6/17,Day of week:,Wednesday,20.69,Grade Celsius,
0,0.00,W/m^2,3:04:42,28/6/17,Day of week:,Wednesday,20.69,Grade Celsius,
0,0.00,W/m^2,3:04:45,28/6/17,Day of week:,Wednesday,20.69,Grade Celsius,
0,0.00,W/m^2,3:04:48,28/6/17,Day of week:,Wednesday,20.69,Grade Celsius,
0,0.00,W/m^2,3:04:52,28/6/17,Day of week:,Wednesday,20.69,Grade Celsius,
0,0.00,W/m^2,3:04:55,28/6/17,Day of week:,Wednesday,20.69,Grade Celsius,
0,0.00,W/m^2,3:04:58,28/6/17,Day of week:,Wednesday,20.69,Grade Celsius,
0,0.00,W/m^2,3:05:01,28/6/17,Day of week:,Wednesday,20.69,Grade Celsius,
0,0.00,W/m^2,3:05:04,28/6/17,Day of week:,Wednesday,20.69,Grade Celsius,
0,0.00,W/m^2,3:05:07,28/6/17,Day of week:,Wednesday,20.69,Grade Celsius,
0,0.00,W/m^2,3:05:10,28/6/17,Day of week:,Wednesday,20.69,Grade Celsius,
0,0.00,W/m^2,3:05:13,28/6/17,Day of week:,Wednesday,20.69,Grade Celsius,
0,0.00,W/m^2,3:05:16,28/6/17,Day of week:,Wednesday,20.69,Grade Celsius,
0,0.00,W/m^2,3:05:19,28/6/17,Day of week:,Wednesday,20.69,Grade Celsius,
0,0.00,W/m^2,3:05:22,28/6/17,Day of week:,Wednesday,20.69,Grade Celsius,
0,0.00,W/m^2,3:05:25,28/6/17,Day of week:,Wednesday,20.69,Grade Celsius,
0,0.00,W/m^2,3:05:28,28/6/17,Day of week:,Wednesday,20.69,Grade Celsius,
0,0.00,W/m^2,3:05:31,28/6/17,Day of week:,Wednesday,20.69,Grade Celsius,
0,0.00,W/m^2,3:05:34,28/6/17,Day of week:,Wednesday,20.62,Grade Celsius,
0,0.00,W/m^2,3:05:37,28/6/17,Day of week:,Wednesday,20.69,Grade Celsius,
0,0.00,W/m^2,3:05:41,28/6/17,Day of week:,Wednesday,20.69,Grade Celsius,
0,0.00,W/m^2,3:05:44,28/6/17,Day of week:,Wednesday,20.62,Grade Celsius,
0,0.00,W/m^2,3:05:47,28/6/17,Day of week:,Wednesday,20.69,Grade Celsius,
0,0.00,W/m^2,3:05:50,28/6/17,Day of week:,Wednesday,20.69,Grade Celsius,
0,0.00,W/m^2,3:05:53,28/6/17,Day of week:,Wednesday,20.62,Grade Celsius,
0,0.00,W/m^2,3:05:56,28/6/17,Day of week:,Wednesday,20.69,Grade Celsius,
0,0.00,W/m^2,3:05:59,28/6/17,Day of week:,Wednesday,20.69,Grade Celsius,
0,0.00,W/m^2,3:06:02,28/6/17,Day of week:,Wednesday,20.69,Grade Celsius,
0,0.00,W/m^2,3:06:05,28/6/17,Day of week:,Wednesday,20.69,Grade Celsius,
0,0.00,W/m^2,3:06:08,28/6/17,Day of week:,Wednesday,20.69,Grade Celsius,
0,0.00,W/m^2,3:06:11,28/6/17,Day of week:,Wednesday,20.69,Grade Celsius,
0,0.00,W/m^2,3:06:14,28/6/17,Day of week:,Wednesday,20.69,Grade Celsius,
0,0.00,W/m^2,3:06:17,28/6/17,Day of week:,Wednesday,20.69,Grade Celsius,
0,0.00,W/m^2,3:06:20,28/6/17,Day of week:,Wednesday,20.62,Grade Celsius,
0,0.00,W/m^2,3:06:24,28/6/17,Day of week:,Wednesday,20.62,Grade Celsius,
0,0.00,W/m^2,3:06:27,28/6/17,Day of week:,Wednesday,20.62,Grade Celsius,
0,0.00,W/m^2,3:06:30,28/6/17,Day of week:,Wednesday,20.62,Grade Celsius,
0,0.00,W/m^2,3:06:33,28/6/17,Day of week:,Wednesday,20.62,Grade Celsius,
0,0.00,W/m^2,3:06:36,28/6/17,Day of week:,Wednesday,20.62,Grade Celsius,
0,0.00,W/m^2,3:06:39,28/6/17,Day of week:,Wednesday,20.62,Grade Celsius,
0,0.00,W/m^2,3:06:42,28/6/17,Day of week:,Wednesday,20.62,Grade Celsius,
0,0.00,W/m^2,3:06:45,28/6/17,Day of week:,Wednesday,20.62,Grade Celsius,
0,0.00,W/m^2,3:06:48,28/6/17,Day of week:,Wednesday,20.62,Grade Celsius,
0,0.00,W/m^2,3:06:51,28/6/17,Day of week:,Wednesday,20.62,Grade Celsius,
0,0.00,W/m^2,3:06:54,28/6/17,Day of week:,Wednesday,20.62,Grade Celsius,
0,0.00,W/m^2,3:06:57,28/6/17,Day of week:,Wednesday,20.62,Grade Celsius,
0,0.00,W/m^2,3:07:00,28/6/17,Day of week:,Wednesday,20.62,Grade Celsius,
0,0.00,W/m^2,3:07:03,28/6/17,Day of week:,Wednesday,20.62,Grade Celsius,
0,0.00,W/m^2,3:07:06,28/6/17,Day of week:,Wednesday,20.56,Grade Celsius,
0,0.00,W/m^2,3:07:09,28/6/17,Day of week:,Wednesday,20.56,Grade Celsius,
0,0.00,W/m^2,3:07:13,28/6/17,Day of week:,Wednesday,20.62,Grade Celsius,
0,0.00,W/m^2,3:07:16,28/6/17,Day of week:,Wednesday,20.56,Grade Celsius,
0,0.00,W/m^2,3:07:19,28/6/17,Day of week:,Wednesday,20.62,Grade Celsius,
0,0.00,W/m^2,3:07:22,28/6/17,Day of week:,Wednesday,20.56,Grade Celsius,
0,0.00,W/m^2,3:07:25,28/6/17,Day of week:,Wednesday,20.56,Grade Celsius,
0,0.00,W/m^2,3:07:28,28/6/17,Day of week:,Wednesday,20.62,Grade Celsius,
0,0.00,W/m^2,3:07:31,28/6/17,Day of week:,Wednesday,20.62,Grade Celsius,
0,0.00,W/m^2,3:07:34,28/6/17,Day of week:,Wednesday,20.56,Grade Celsius,
0,0.00,W/m^2,3:07:37,28/6/17,Day of week:,Wednesday,20.56,Grade Celsius,
0,0.00,W/m^2,3:07:40,28/6/17,Day of week:,Wednesday,20.62,Grade Celsius,
0,0.00,W/m^2,3:07:43,28/6/17,Day of week:,Wednesday,20.56,Grade Celsius,
0,0.00,W/m^2,3:07:46,28/6/17,Day of week:,Wednesday,20.56,Grade Celsius,
0,0.00,W/m^2,3:07:49,28/6/17,Day of week:,Wednesday,20.56,Grade Celsius,
0,0.00,W/m^2,3:07:52,28/6/17,Day of week:,Wednesday,20.56,Grade Celsius,
0,0.00,W/m^2,3:07:55,28/6/17,Day of week:,Wednesday,20.50,Grade Celsius,
0,0.00,W/m^2,3:07:58,28/6/17,Day of week:,Wednesday,20.50,Grade Celsius,
0,0.00,W/m^2,3:08:01,28/6/17,Day of week:,Wednesday,20.50,Grade Celsius,
0,0.00,W/m^2,3:08:05,28/6/17,Day of week:,Wednesday,20.56,Grade Celsius,
0,0.00,W/m^2,3:08:08,28/6/17,Day of week:,Wednesday,20.50,Grade Celsius,
0,0.00,W/m^2,3:08:11,28/6/17,Day of week:,Wednesday,20.50,Grade Celsius,
0,0.00,W/m^2,3:08:14,28/6/17,Day of week:,Wednesday,20.50,Grade Celsius,
0,0.00,W/m^2,3:08:17,28/6/17,Day of week:,Wednesday,20.50,Grade Celsius,
0,0.00,W/m^2,3:08:20,28/6/17,Day of week:,Wednesday,20.50,Grade Celsius,
0,0.00,W/m^2,3:08:23,28/6/17,Day of week:,Wednesday,20.50,Grade Celsius,
0,0.00,W/m^2,3:08:26,28/6/17,Day of week:,Wednesday,20.50,Grade Celsius,
0,0.00,W/m^2,3:08:29,28/6/17,Day of week:,Wednesday,20.50,Grade Celsius,
0,0.00,W/m^2,3:08:32,28/6/17,Day of week:,Wednesday,20.50,Grade Celsius,
0,0.00,W/m^2,3:08:35,28/6/17,Day of week:,Wednesday,20.50,Grade Celsius,
0,0.00,W/m^2,3:08:38,28/6/17,Day of week:,Wednesday,20.50,Grade Celsius,
0,0.00,W/m^2,3:08:41,28/6/17,Day of week:,Wednesday,20.50,Grade Celsius,
0,0.00,W/m^2,3:08:44,28/6/17,Day of week:,Wednesday,20.50,Grade Celsius,
0,0.00,W/m^2,3:08:47,28/6/17,Day of week:,Wednesday,20.50,Grade Celsius,
0,0.00,W/m^2,3:08:50,28/6/17,Day of week:,Wednesday,20.50,Grade Celsius,
0,0.00,W/m^2,3:08:53,28/6/17,Day of week:,Wednesday,20.50,Grade Celsius,
0,0.00,W/m^2,3:08:57,28/6/17,Day of week:,Wednesday,20.50,Grade Celsius,
0,0.00,W/m^2,3:09:00,28/6/17,Day of week:,Wednesday,20.50,Grade Celsius,
0,0.00,W/m^2,3:09:03,28/6/17,Day of week:,Wednesday,20.50,Grade Celsius,
0,0.00,W/m^2,3:09:06,28/6/17,Day of week:,Wednesday,20.50,Grade Celsius,
0,0.00,W/m^2,3:09:09,28/6/17,Day of week:,Wednesday,20.50,Grade Celsius,
0,0.00,W/m^2,3:09:12,28/6/17,Day of week:,Wednesday,20.50,Grade Celsius,
0,0.00,W/m^2,3:09:15,28/6/17,Day of week:,Wednesday,20.50,Grade Celsius,
0,0.00,W/m^2,3:09:18,28/6/17,Day of week:,Wednesday,20.50,Grade Celsius,
0,0.00,W/m^2,3:09:21,28/6/17,Day of week:,Wednesday,20.50,Grade Celsius,
0,0.00,W/m^2,3:09:24,28/6/17,Day of week:,Wednesday,20.50,Grade Celsius,
0,0.00,W/m^2,3:09:27,28/6/17,Day of week:,Wednesday,20.50,Grade Celsius,
0,0.00,W/m^2,3:09:30,28/6/17,Day of week:,Wednesday,20.50,Grade Celsius,
0,0.00,W/m^2,3:09:33,28/6/17,Day of week:,Wednesday,20.50,Grade Celsius,
0,0.00,W/m^2,3:09:36,28/6/17,Day of week:,Wednesday,20.50,Grade Celsius,
0,0.00,W/m^2,3:09:39,28/6/17,Day of week:,Wednesday,20.50,Grade Celsius,
0,0.00,W/m^2,3:09:42,28/6/17,Day of week:,Wednesday,20.50,Grade Celsius,
0,0.00,W/m^2,3:09:45,28/6/17,Day of week:,Wednesday,20.50,Grade Celsius,
0,0.00,W/m^2,3:09:49,28/6/17,Day of week:,Wednesday,20.44,Grade Celsius,
0,0.00,W/m^2,3:09:52,28/6/17,Day of week:,Wednesday,20.44,Grade Celsius,
0,0.00,W/m^2,3:09:55,28/6/17,Day of week:,Wednesday,20.44,Grade Celsius,
0,0.00,W/m^2,3:09:58,28/6/17,Day of week:,Wednesday,20.44,Grade Celsius,
0,0.00,W/m^2,3:10:01,28/6/17,Day of week:,Wednesday,20.44,Grade Celsius,
0,0.00,W/m^2,3:10:04,28/6/17,Day of week:,Wednesday,20.44,Grade Celsius,
0,0.00,W/m^2,3:10:07,28/6/17,Day of week:,Wednesday,20.44,Grade Celsius,
0,0.00,W/m^2,3:10:10,28/6/17,Day of week:,Wednesday,20.44,Grade Celsius,
0,0.00,W/m^2,3:10:13,28/6/17,Day of week:,Wednesday,20.44,Grade Celsius,
0,0.00,W/m^2,3:10:16,28/6/17,Day of week:,Wednesday,20.44,Grade Celsius,
0,0.00,W/m^2,3:10:19,28/6/17,Day of week:,Wednesday,20.44,Grade Celsius,
0,0.00,W/m^2,3:10:22,28/6/17,Day of week:,Wednesday,20.44,Grade Celsius,
0,0.00,W/m^2,3:10:25,28/6/17,Day of week:,Wednesday,20.44,Grade Celsius,
0,0.00,W/m^2,3:10:28,28/6/17,Day of week:,Wednesday,20.44,Grade Celsius,
0,0.00,W/m^2,3:10:31,28/6/17,Day of week:,Wednesday,20.44,Grade Celsius,
0,0.00,W/m^2,3:10:34,28/6/17,Day of week:,Wednesday,20.44,Grade Celsius,
0,0.00,W/m^2,3:10:37,28/6/17,Day of week:,Wednesday,20.44,Grade Celsius,
0,0.00,W/m^2,3:10:41,28/6/17,Day of week:,Wednesday,20.44,Grade Celsius,
0,0.00,W/m^2,3:10:44,28/6/17,Day of week:,Wednesday,20.44,Grade Celsius,
0,0.00,W/m^2,3:10:47,28/6/17,Day of week:,Wednesday,20.44,Grade Celsius,
0,0.00,W/m^2,3:10:50,28/6/17,Day of week:,Wednesday,20.44,Grade Celsius,
0,0.00,W/m^2,3:10:53,28/6/17,Day of week:,Wednesday,20.44,Grade Celsius,
0,0.00,W/m^2,3:10:56,28/6/17,Day of week:,Wednesday,20.44,Grade Celsius,
0,0.00,W/m^2,3:10:59,28/6/17,Day of week:,Wednesday,20.44,Grade Celsius,
0,0.00,W/m^2,3:11:02,28/6/17,Day of week:,Wednesday,20.44,Grade Celsius,
0,0.00,W/m^2,3:11:05,28/6/17,Day of week:,Wednesday,20.44,Grade Celsius,
0,0.00,W/m^2,3:11:08,28/6/17,Day of week:,Wednesday,20.50,Grade Celsius,
0,0.00,W/m^2,3:11:11,28/6/17,Day of week:,Wednesday,20.50,Grade Celsius,
0,0.00,W/m^2,3:11:14,28/6/17,Day of week:,Wednesday,20.50,Grade Celsius,
0,0.00,W/m^2,3:11:17,28/6/17,Day of week:,Wednesday,20.50,Grade Celsius,
0,0.00,W/m^2,3:11:20,28/6/17,Day of week:,Wednesday,20.50,Grade Celsius,
0,0.00,W/m^2,3:11:23,28/6/17,Day of week:,Wednesday,20.50,Grade Celsius,
0,0.00,W/m^2,3:11:26,28/6/17,Day of week:,Wednesday,20.50,Grade Celsius,
0,0.00,W/m^2,3:11:30,28/6/17,Day of week:,Wednesday,20.50,Grade Celsius,
0,0.00,W/m^2,3:11:33,28/6/17,Day of week:,Wednesday,20.50,Grade Celsius,
0,0.00,W/m^2,3:11:36,28/6/17,Day of week:,Wednesday,20.50,Grade Celsius,
0,0.00,W/m^2,3:11:39,28/6/17,Day of week:,Wednesday,20.50,Grade Celsius,
0,0.00,W/m^2,3:11:42,28/6/17,Day of week:,Wednesday,20.50,Grade Celsius,
0,0.00,W/m^2,3:11:45,28/6/17,Day of week:,Wednesday,20.50,Grade Celsius,
0,0.00,W/m^2,3:11:48,28/6/17,Day of week:,Wednesday,20.50,Grade Celsius,
0,0.00,W/m^2,3:11:51,28/6/17,Day of week:,Wednesday,20.50,Grade Celsius,
0,0.00,W/m^2,3:11:54,28/6/17,Day of week:,Wednesday,20.50,Grade Celsius,
0,0.00,W/m^2,3:11:57,28/6/17,Day of week:,Wednesday,20.50,Grade Celsius,
0,0.00,W/m^2,3:12:00,28/6/17,Day of week:,Wednesday,20.50,Grade Celsius,
0,0.00,W/m^2,3:12:03,28/6/17,Day of week:,Wednesday,20.50,Grade Celsius,
0,0.00,W/m^2,3:12:06,28/6/17,Day of week:,Wednesday,20.50,Grade Celsius,
0,0.00,W/m^2,3:12:09,28/6/17,Day of week:,Wednesday,20.50,Grade Celsius,
0,0.00,W/m^2,3:12:12,28/6/17,Day of week:,Wednesday,20.50,Grade Celsius,
0,0.00,W/m^2,3:12:16,28/6/17,Day of week:,Wednesday,20.50,Grade Celsius,
0,0.00,W/m^2,3:12:19,28/6/17,Day of week:,Wednesday,20.50,Grade Celsius,
0,0.00,W/m^2,3:12:22,28/6/17,Day of week:,Wednesday,20.50,Grade Celsius,
0,0.00,W/m^2,3:12:25,28/6/17,Day of week:,Wednesday,20.50,Grade Celsius,
0,0.00,W/m^2,3:12:28,28/6/17,Day of week:,Wednesday,20.50,Grade Celsius,
0,0.00,W/m^2,3:12:31,28/6/17,Day of week:,Wednesday,20.50,Grade Celsius,
0,0.00,W/m^2,3:12:34,28/6/17,Day of week:,Wednesday,20.50,Grade Celsius,
0,0.00,W/m^2,3:12:37,28/6/17,Day of week:,Wednesday,20.50,Grade Celsius,
0,0.00,W/m^2,3:12:40,28/6/17,Day of week:,Wednesday,20.50,Grade Celsius,
0,0.00,W/m^2,3:12:43,28/6/17,Day of week:,Wednesday,20.50,Grade Celsius,
0,0.00,W/m^2,3:12:46,28/6/17,Day of week:,Wednesday,20.50,Grade Celsius,
0,0.00,W/m^2,3:12:49,28/6/17,Day of week:,Wednesday,20.50,Grade Celsius,
0,0.00,W/m^2,3:12:52,28/6/17,Day of week:,Wednesday,20.50,Grade Celsius,
0,0.00,W/m^2,3:12:55,28/6/17,Day of week:,Wednesday,20.50,Grade Celsius,
0,0.00,W/m^2,3:12:58,28/6/17,Day of week:,Wednesday,20.50,Grade Celsius,
0,0.00,W/m^2,3:13:01,28/6/17,Day of week:,Wednesday,20.50,Grade Celsius,
0,0.00,W/m^2,3:13:04,28/6/17,Day of week:,Wednesday,20.50,Grade Celsius,
0,0.00,W/m^2,3:13:08,28/6/17,Day of week:,Wednesday,20.50,Grade Celsius,
0,0.00,W/m^2,3:13:11,28/6/17,Day of week:,Wednesday,20.50,Grade Celsius,
0,0.00,W/m^2,3:13:14,28/6/17,Day of week:,Wednesday,20.50,Grade Celsius,
0,0.00,W/m^2,3:13:17,28/6/17,Day of week:,Wednesday,20.50,Grade Celsius,
0,0.00,W/m^2,3:13:20,28/6/17,Day of week:,Wednesday,20.50,Grade Celsius,
0,0.00,W/m^2,3:13:23,28/6/17,Day of week:,Wednesday,20.44,Grade Celsius,
0,0.00,W/m^2,3:13:26,28/6/17,Day of week:,Wednesday,20.44,Grade Celsius,
0,0.00,W/m^2,3:13:29,28/6/17,Day of week:,Wednesday,20.44,Grade Celsius,
0,0.00,W/m^2,3:13:32,28/6/17,Day of week:,Wednesday,20.50,Grade Celsius,
0,0.00,W/m^2,3:13:35,28/6/17,Day of week:,Wednesday,20.50,Grade Celsius,
0,0.00,W/m^2,3:13:38,28/6/17,Day of week:,Wednesday,20.44,Grade Celsius,
0,0.00,W/m^2,3:13:41,28/6/17,Day of week:,Wednesday,20.44,Grade Celsius,
0,0.00,W/m^2,3:13:44,28/6/17,Day of week:,Wednesday,20.44,Grade Celsius,
0,0.00,W/m^2,3:13:47,28/6/17,Day of week:,Wednesday,20.44,Grade Celsius,
0,0.00,W/m^2,3:13:50,28/6/17,Day of week:,Wednesday,20.44,Grade Celsius,
0,0.00,W/m^2,3:13:53,28/6/17,Day of week:,Wednesday,20.44,Grade Celsius,
0,0.00,W/m^2,3:13:56,28/6/17,Day of week:,Wednesday,20.44,Grade Celsius,
0,0.00,W/m^2,3:14:00,28/6/17,Day of week:,Wednesday,20.44,Grade Celsius,
0,0.00,W/m^2,3:14:03,28/6/17,Day of week:,Wednesday,20.44,Grade Celsius,
0,0.00,W/m^2,3:14:06,28/6/17,Day of week:,Wednesday,20.44,Grade Celsius,
0,0.00,W/m^2,3:14:09,28/6/17,Day of week:,Wednesday,20.44,Grade Celsius,
0,0.00,W/m^2,3:14:12,28/6/17,Day of week:,Wednesday,20.44,Grade Celsius,
0,0.00,W/m^2,3:14:15,28/6/17,Day of week:,Wednesday,20.44,Grade Celsius,
0,0.00,W/m^2,3:14:18,28/6/17,Day of week:,Wednesday,20.44,Grade Celsius,
0,0.00,W/m^2,3:14:21,28/6/17,Day of week:,Wednesday,20.44,Grade Celsius,
0,0.00,W/m^2,3:14:24,28/6/17,Day of week:,Wednesday,20.44,Grade Celsius,
0,0.00,W/m^2,3:14:27,28/6/17,Day of week:,Wednesday,20.44,Grade Celsius,
0,0.00,W/m^2,3:14:30,28/6/17,Day of week:,Wednesday,20.44,Grade Celsius,
0,0.00,W/m^2,3:14:33,28/6/17,Day of week:,Wednesday,20.44,Grade Celsius,
0,0.00,W/m^2,3:14:36,28/6/17,Day of week:,Wednesday,20.44,Grade Celsius,
0,0.00,W/m^2,3:14:39,28/6/17,Day of week:,Wednesday,20.44,Grade Celsius,
0,0.00,W/m^2,3:14:42,28/6/17,Day of week:,Wednesday,20.44,Grade Celsius,
0,0.00,W/m^2,3:14:45,28/6/17,Day of week:,Wednesday,20.44,Grade Celsius,
0,0.00,W/m^2,3:14:48,28/6/17,Day of week:,Wednesday,20.44,Grade Celsius,
0,0.00,W/m^2,3:14:52,28/6/17,Day of week:,Wednesday,20.37,Grade Celsius,
0,0.00,W/m^2,3:14:55,28/6/17,Day of week:,Wednesday,20.44,Grade Celsius,
0,0.00,W/m^2,3:14:58,28/6/17,Day of week:,Wednesday,20.44,Grade Celsius,
0,0.00,W/m^2,3:15:01,28/6/17,Day of week:,Wednesday,20.44,Grade Celsius,
0,0.00,W/m^2,3:15:04,28/6/17,Day of week:,Wednesday,20.37,Grade Celsius,
0,0.00,W/m^2,3:15:07,28/6/17,Day of week:,Wednesday,20.44,Grade Celsius,
0,0.00,W/m^2,3:15:10,28/6/17,Day of week:,Wednesday,20.44,Grade Celsius,
0,0.00,W/m^2,3:15:13,28/6/17,Day of week:,Wednesday,20.44,Grade Celsius,
0,0.00,W/m^2,3:15:16,28/6/17,Day of week:,Wednesday,20.44,Grade Celsius,
0,0.00,W/m^2,3:15:19,28/6/17,Day of week:,Wednesday,20.44,Grade Celsius,
0,0.00,W/m^2,3:15:22,28/6/17,Day of week:,Wednesday,20.44,Grade Celsius,
0,0.00,W/m^2,3:15:25,28/6/17,Day of week:,Wednesday,20.44,Grade Celsius,
0,0.00,W/m^2,3:15:28,28/6/17,Day of week:,Wednesday,20.44,Grade Celsius,
0,0.00,W/m^2,3:15:31,28/6/17,Day of week:,Wednesday,20.44,Grade Celsius,
0,0.00,W/m^2,3:15:34,28/6/17,Day of week:,Wednesday,20.44,Grade Celsius,
0,0.00,W/m^2,3:15:37,28/6/17,Day of week:,Wednesday,20.44,Grade Celsius,
0,0.00,W/m^2,3:15:40,28/6/17,Day of week:,Wednesday,20.44,Grade Celsius,
0,0.00,W/m^2,3:15:44,28/6/17,Day of week:,Wednesday,20.44,Grade Celsius,
0,0.00,W/m^2,3:15:47,28/6/17,Day of week:,Wednesday,20.37,Grade Celsius,
0,0.00,W/m^2,3:15:50,28/6/17,Day of week:,Wednesday,20.37,Grade Celsius,
0,0.00,W/m^2,3:15:53,28/6/17,Day of week:,Wednesday,20.37,Grade Celsius,
0,0.00,W/m^2,3:15:56,28/6/17,Day of week:,Wednesday,20.37,Grade Celsius,
0,0.00,W/m^2,3:15:59,28/6/17,Day of week:,Wednesday,20.37,Grade Celsius,
0,0.00,W/m^2,3:16:02,28/6/17,Day of week:,Wednesday,20.37,Grade Celsius,
0,0.00,W/m^2,3:16:05,28/6/17,Day of week:,Wednesday,20.37,Grade Celsius,
0,0.00,W/m^2,3:16:08,28/6/17,Day of week:,Wednesday,20.37,Grade Celsius,
0,0.00,W/m^2,3:16:11,28/6/17,Day of week:,Wednesday,20.44,Grade Celsius,
0,0.00,W/m^2,3:16:14,28/6/17,Day of week:,Wednesday,20.44,Grade Celsius,
0,0.00,W/m^2,3:16:17,28/6/17,Day of week:,Wednesday,20.44,Grade Celsius,
0,0.00,W/m^2,3:16:20,28/6/17,Day of week:,Wednesday,20.44,Grade Celsius,
0,0.00,W/m^2,3:16:23,28/6/17,Day of week:,Wednesday,20.37,Grade Celsius,
0,0.00,W/m^2,3:16:26,28/6/17,Day of week:,Wednesday,20.37,Grade Celsius,
0,0.00,W/m^2,3:16:29,28/6/17,Day of week:,Wednesday,20.37,Grade Celsius,
0,0.00,W/m^2,3:16:32,28/6/17,Day of week:,Wednesday,20.37,Grade Celsius,
0,0.00,W/m^2,3:16:36,28/6/17,Day of week:,Wednesday,20.37,Grade Celsius,
0,0.00,W/m^2,3:16:39,28/6/17,Day of week:,Wednesday,20.37,Grade Celsius,
0,0.00,W/m^2,3:16:42,28/6/17,Day of week:,Wednesday,20.37,Grade Celsius,
0,0.00,W/m^2,3:16:45,28/6/17,Day of week:,Wednesday,20.37,Grade Celsius,
0,0.00,W/m^2,3:16:48,28/6/17,Day of week:,Wednesday,20.37,Grade Celsius,
0,0.00,W/m^2,3:16:51,28/6/17,Day of week:,Wednesday,20.37,Grade Celsius,
0,0.00,W/m^2,3:16:54,28/6/17,Day of week:,Wednesday,20.37,Grade Celsius,
0,0.00,W/m^2,3:16:57,28/6/17,Day of week:,Wednesday,20.37,Grade Celsius,
0,0.00,W/m^2,3:17:00,28/6/17,Day of week:,Wednesday,20.31,Grade Celsius,
0,0.00,W/m^2,3:17:03,28/6/17,Day of week:,Wednesday,20.31,Grade Celsius,
0,0.00,W/m^2,3:17:06,28/6/17,Day of week:,Wednesday,20.31,Grade Celsius,
0,0.00,W/m^2,3:17:09,28/6/17,Day of week:,Wednesday,20.31,Grade Celsius,
0,0.00,W/m^2,3:17:12,28/6/17,Day of week:,Wednesday,20.31,Grade Celsius,
0,0.00,W/m^2,3:17:15,28/6/17,Day of week:,Wednesday,20.31,Grade Celsius,
0,0.00,W/m^2,3:17:18,28/6/17,Day of week:,Wednesday,20.31,Grade Celsius,
0,0.00,W/m^2,3:17:21,28/6/17,Day of week:,Wednesday,20.31,Grade Celsius,
0,0.00,W/m^2,3:17:25,28/6/17,Day of week:,Wednesday,20.31,Grade Celsius,
0,0.00,W/m^2,3:17:28,28/6/17,Day of week:,Wednesday,20.31,Grade Celsius,
0,0.00,W/m^2,3:17:31,28/6/17,Day of week:,Wednesday,20.31,Grade Celsius,
0,0.00,W/m^2,3:17:34,28/6/17,Day of week:,Wednesday,20.31,Grade Celsius,
0,0.00,W/m^2,3:17:37,28/6/17,Day of week:,Wednesday,20.31,Grade Celsius,
0,0.00,W/m^2,3:17:40,28/6/17,Day of week:,Wednesday,20.25,Grade Celsius,
0,0.00,W/m^2,3:17:43,28/6/17,Day of week:,Wednesday,20.25,Grade Celsius,
0,0.00,W/m^2,3:17:46,28/6/17,Day of week:,Wednesday,20.31,Grade Celsius,
0,0.00,W/m^2,3:17:49,28/6/17,Day of week:,Wednesday,20.25,Grade Celsius,
0,0.00,W/m^2,3:17:52,28/6/17,Day of week:,Wednesday,20.25,Grade Celsius,
0,0.00,W/m^2,3:17:55,28/6/17,Day of week:,Wednesday,20.25,Grade Celsius,
0,0.00,W/m^2,3:17:58,28/6/17,Day of week:,Wednesday,20.25,Grade Celsius,
0,0.00,W/m^2,3:18:01,28/6/17,Day of week:,Wednesday,20.25,Grade Celsius,
0,0.00,W/m^2,3:18:05,28/6/17,Day of week:,Wednesday,20.19,Grade Celsius,
0,0.00,W/m^2,3:18:08,28/6/17,Day of week:,Wednesday,20.19,Grade Celsius,
0,0.00,W/m^2,3:18:11,28/6/17,Day of week:,Wednesday,20.19,Grade Celsius,
0,0.00,W/m^2,3:18:14,28/6/17,Day of week:,Wednesday,20.19,Grade Celsius,
0,0.00,W/m^2,3:18:17,28/6/17,Day of week:,Wednesday,20.19,Grade Celsius,
0,0.00,W/m^2,3:18:20,28/6/17,Day of week:,Wednesday,20.19,Grade Celsius,
0,0.00,W/m^2,3:18:23,28/6/17,Day of week:,Wednesday,20.25,Grade Celsius,
0,0.00,W/m^2,3:18:26,28/6/17,Day of week:,Wednesday,20.19,Grade Celsius,
0,0.00,W/m^2,3:18:29,28/6/17,Day of week:,Wednesday,20.25,Grade Celsius,
0,0.00,W/m^2,3:18:32,28/6/17,Day of week:,Wednesday,20.25,Grade Celsius,
0,0.00,W/m^2,3:18:35,28/6/17,Day of week:,Wednesday,20.25,Grade Celsius,
0,0.00,W/m^2,3:18:38,28/6/17,Day of week:,Wednesday,20.25,Grade Celsius,
0,0.00,W/m^2,3:18:41,28/6/17,Day of week:,Wednesday,20.19,Grade Celsius,
0,0.00,W/m^2,3:18:44,28/6/17,Day of week:,Wednesday,20.19,Grade Celsius,
0,0.00,W/m^2,3:18:47,28/6/17,Day of week:,Wednesday,20.19,Grade Celsius,
0,0.00,W/m^2,3:18:50,28/6/17,Day of week:,Wednesday,20.19,Grade Celsius,
0,0.00,W/m^2,3:18:53,28/6/17,Day of week:,Wednesday,20.25,Grade Celsius,
0,0.00,W/m^2,3:18:57,28/6/17,Day of week:,Wednesday,20.19,Grade Celsius,
0,0.00,W/m^2,3:19:00,28/6/17,Day of week:,Wednesday,20.25,Grade Celsius,
0,0.00,W/m^2,3:19:03,28/6/17,Day of week:,Wednesday,20.19,Grade Celsius,
0,0.00,W/m^2,3:19:06,28/6/17,Day of week:,Wednesday,20.19,Grade Celsius,
0,0.00,W/m^2,3:19:09,28/6/17,Day of week:,Wednesday,20.19,Grade Celsius,
0,0.00,W/m^2,3:19:12,28/6/17,Day of week:,Wednesday,20.19,Grade Celsius,
0,0.00,W/m^2,3:19:15,28/6/17,Day of week:,Wednesday,20.19,Grade Celsius,
0,0.00,W/m^2,3:19:18,28/6/17,Day of week:,Wednesday,20.25,Grade Celsius,
0,0.00,W/m^2,3:19:21,28/6/17,Day of week:,Wednesday,20.25,Grade Celsius,
0,0.00,W/m^2,3:19:24,28/6/17,Day of week:,Wednesday,20.25,Grade Celsius,
0,0.00,W/m^2,3:19:27,28/6/17,Day of week:,Wednesday,20.25,Grade Celsius,
0,0.00,W/m^2,3:19:30,28/6/17,Day of week:,Wednesday,20.25,Grade Celsius,
0,0.00,W/m^2,3:19:33,28/6/17,Day of week:,Wednesday,20.25,Grade Celsius,
0,0.00,W/m^2,3:19:36,28/6/17,Day of week:,Wednesday,20.25,Grade Celsius,
0,0.00,W/m^2,3:19:39,28/6/17,Day of week:,Wednesday,20.25,Grade Celsius,
0,0.00,W/m^2,3:19:42,28/6/17,Day of week:,Wednesday,20.25,Grade Celsius,
0,0.00,W/m^2,3:19:45,28/6/17,Day of week:,Wednesday,20.25,Grade Celsius,
0,0.00,W/m^2,3:19:49,28/6/17,Day of week:,Wednesday,20.25,Grade Celsius,
0,0.00,W/m^2,3:19:52,28/6/17,Day of week:,Wednesday,20.25,Grade Celsius,
0,0.00,W/m^2,3:19:55,28/6/17,Day of week:,Wednesday,20.25,Grade Celsius,
0,0.00,W/m^2,3:19:58,28/6/17,Day of week:,Wednesday,20.25,Grade Celsius,
0,0.00,W/m^2,3:20:01,28/6/17,Day of week:,Wednesday,20.25,Grade Celsius,
0,0.00,W/m^2,3:20:04,28/6/17,Day of week:,Wednesday,20.25,Grade Celsius,
0,0.00,W/m^2,3:20:07,28/6/17,Day of week:,Wednesday,20.25,Grade Celsius,
0,0.00,W/m^2,3:20:10,28/6/17,Day of week:,Wednesday,20.31,Grade Celsius,
0,0.00,W/m^2,3:20:13,28/6/17,Day of week:,Wednesday,20.25,Grade Celsius,
0,0.00,W/m^2,3:20:16,28/6/17,Day of week:,Wednesday,20.25,Grade Celsius,
0,0.00,W/m^2,3:20:19,28/6/17,Day of week:,Wednesday,20.25,Grade Celsius,
0,0.00,W/m^2,3:20:22,28/6/17,Day of week:,Wednesday,20.25,Grade Celsius,
0,0.00,W/m^2,3:20:25,28/6/17,Day of week:,Wednesday,20.25,Grade Celsius,
0,0.00,W/m^2,3:20:28,28/6/17,Day of week:,Wednesday,20.25,Grade Celsius,
0,0.00,W/m^2,3:20:31,28/6/17,Day of week:,Wednesday,20.25,Grade Celsius,
0,0.00,W/m^2,3:20:34,28/6/17,Day of week:,Wednesday,20.25,Grade Celsius,
0,0.00,W/m^2,3:20:37,28/6/17,Day of week:,Wednesday,20.25,Grade Celsius,
0,0.00,W/m^2,3:20:41,28/6/17,Day of week:,Wednesday,20.25,Grade Celsius,
0,0.00,W/m^2,3:20:44,28/6/17,Day of week:,Wednesday,20.25,Grade Celsius,
0,0.00,W/m^2,3:20:47,28/6/17,Day of week:,Wednesday,20.25,Grade Celsius,
0,0.00,W/m^2,3:20:50,28/6/17,Day of week:,Wednesday,20.25,Grade Celsius,
0,0.00,W/m^2,3:20:53,28/6/17,Day of week:,Wednesday,20.25,Grade Celsius,
0,0.00,W/m^2,3:20:56,28/6/17,Day of week:,Wednesday,20.25,Grade Celsius,
0,0.00,W/m^2,3:20:59,28/6/17,Day of week:,Wednesday,20.25,Grade Celsius,
0,0.00,W/m^2,3:21:02,28/6/17,Day of week:,Wednesday,20.25,Grade Celsius,
0,0.00,W/m^2,3:21:05,28/6/17,Day of week:,Wednesday,20.25,Grade Celsius,
0,0.00,W/m^2,3:21:08,28/6/17,Day of week:,Wednesday,20.25,Grade Celsius,
0,0.00,W/m^2,3:21:11,28/6/17,Day of week:,Wednesday,20.25,Grade Celsius,
0,0.00,W/m^2,3:21:14,28/6/17,Day of week:,Wednesday,20.25,Grade Celsius,
0,0.00,W/m^2,3:21:17,28/6/17,Day of week:,Wednesday,20.25,Grade Celsius,
0,0.00,W/m^2,3:21:20,28/6/17,Day of week:,Wednesday,20.25,Grade Celsius,
0,0.00,W/m^2,3:21:23,28/6/17,Day of week:,Wednesday,20.25,Grade Celsius,
0,0.00,W/m^2,3:21:26,28/6/17,Day of week:,Wednesday,20.25,Grade Celsius,
0,0.00,W/m^2,3:21:29,28/6/17,Day of week:,Wednesday,20.25,Grade Celsius,
0,0.00,W/m^2,3:21:33,28/6/17,Day of week:,Wednesday,20.25,Grade Celsius,
0,0.00,W/m^2,3:21:36,28/6/17,Day of week:,Wednesday,20.25,Grade Celsius,
0,0.00,W/m^2,3:21:39,28/6/17,Day of week:,Wednesday,20.25,Grade Celsius,
0,0.00,W/m^2,3:21:42,28/6/17,Day of week:,Wednesday,20.25,Grade Celsius,
0,0.00,W/m^2,3:21:45,28/6/17,Day of week:,Wednesday,20.25,Grade Celsius,
0,0.00,W/m^2,3:21:48,28/6/17,Day of week:,Wednesday,20.25,Grade Celsius,
0,0.00,W/m^2,3:21:51,28/6/17,Day of week:,Wednesday,20.25,Grade Celsius,
0,0.00,W/m^2,3:21:54,28/6/17,Day of week:,Wednesday,20.25,Grade Celsius,
0,0.00,W/m^2,3:21:57,28/6/17,Day of week:,Wednesday,20.25,Grade Celsius,
0,0.00,W/m^2,3:22:00,28/6/17,Day of week:,Wednesday,20.25,Grade Celsius,
0,0.00,W/m^2,3:22:03,28/6/17,Day of week:,Wednesday,20.25,Grade Celsius,
0,0.00,W/m^2,3:22:06,28/6/17,Day of week:,Wednesday,20.25,Grade Celsius,
0,0.00,W/m^2,3:22:09,28/6/17,Day of week:,Wednesday,20.25,Grade Celsius,
0,0.00,W/m^2,3:22:12,28/6/17,Day of week:,Wednesday,20.25,Grade Celsius,
0,0.00,W/m^2,3:22:15,28/6/17,Day of week:,Wednesday,20.25,Grade Celsius,
0,0.00,W/m^2,3:22:18,28/6/17,Day of week:,Wednesday,20.19,Grade Celsius,
0,0.00,W/m^2,3:22:22,28/6/17,Day of week:,Wednesday,20.25,Grade Celsius,
0,0.00,W/m^2,3:22:25,28/6/17,Day of week:,Wednesday,20.19,Grade Celsius,
0,0.00,W/m^2,3:22:28,28/6/17,Day of week:,Wednesday,20.19,Grade Celsius,
0,0.00,W/m^2,3:22:31,28/6/17,Day of week:,Wednesday,20.19,Grade Celsius,
0,0.00,W/m^2,3:22:34,28/6/17,Day of week:,Wednesday,20.19,Grade Celsius,
0,0.00,W/m^2,3:22:37,28/6/17,Day of week:,Wednesday,20.19,Grade Celsius,
0,0.00,W/m^2,3:22:40,28/6/17,Day of week:,Wednesday,20.19,Grade Celsius,
0,0.00,W/m^2,3:22:43,28/6/17,Day of week:,Wednesday,20.19,Grade Celsius,
0,0.00,W/m^2,3:22:46,28/6/17,Day of week:,Wednesday,20.19,Grade Celsius,
0,0.00,W/m^2,3:22:49,28/6/17,Day of week:,Wednesday,20.19,Grade Celsius,
0,0.00,W/m^2,3:22:52,28/6/17,Day of week:,Wednesday,20.19,Grade Celsius,
0,0.00,W/m^2,3:22:55,28/6/17,Day of week:,Wednesday,20.25,Grade Celsius,
0,0.00,W/m^2,3:22:58,28/6/17,Day of week:,Wednesday,20.19,Grade Celsius,
0,0.00,W/m^2,3:23:01,28/6/17,Day of week:,Wednesday,20.19,Grade Celsius,
0,0.00,W/m^2,3:23:04,28/6/17,Day of week:,Wednesday,20.19,Grade Celsius,
0,0.00,W/m^2,3:23:07,28/6/17,Day of week:,Wednesday,20.19,Grade Celsius,
0,0.00,W/m^2,3:23:10,28/6/17,Day of week:,Wednesday,20.19,Grade Celsius,
0,0.00,W/m^2,3:23:14,28/6/17,Day of week:,Wednesday,20.19,Grade Celsius,
0,0.00,W/m^2,3:23:17,28/6/17,Day of week:,Wednesday,20.19,Grade Celsius,
0,0.00,W/m^2,3:23:20,28/6/17,Day of week:,Wednesday,20.19,Grade Celsius,
0,0.00,W/m^2,3:23:23,28/6/17,Day of week:,Wednesday,20.19,Grade Celsius,
0,0.00,W/m^2,3:23:26,28/6/17,Day of week:,Wednesday,20.19,Grade Celsius,
0,0.00,W/m^2,3:23:29,28/6/17,Day of week:,Wednesday,20.19,Grade Celsius,
0,0.00,W/m^2,3:23:32,28/6/17,Day of week:,Wednesday,20.19,Grade Celsius,
0,0.00,W/m^2,3:23:35,28/6/17,Day of week:,Wednesday,20.19,Grade Celsius,
0,0.00,W/m^2,3:23:38,28/6/17,Day of week:,Wednesday,20.19,Grade Celsius,
0,0.00,W/m^2,3:23:41,28/6/17,Day of week:,Wednesday,20.19,Grade Celsius,
0,0.00,W/m^2,3:23:44,28/6/17,Day of week:,Wednesday,20.19,Grade Celsius,
0,0.00,W/m^2,3:23:47,28/6/17,Day of week:,Wednesday,20.19,Grade Celsius,
0,0.00,W/m^2,3:23:50,28/6/17,Day of week:,Wednesday,20.19,Grade Celsius,
0,0.00,W/m^2,3:23:53,28/6/17,Day of week:,Wednesday,20.19,Grade Celsius,
0,0.00,W/m^2,3:23:56,28/6/17,Day of week:,Wednesday,20.19,Grade Celsius,
0,0.00,W/m^2,3:24:00,28/6/17,Day of week:,Wednesday,20.19,Grade Celsius,
0,0.00,W/m^2,3:24:03,28/6/17,Day of week:,Wednesday,20.19,Grade Celsius,
0,0.00,W/m^2,3:24:06,28/6/17,Day of week:,Wednesday,20.19,Grade Celsius,
0,0.00,W/m^2,3:24:09,28/6/17,Day of week:,Wednesday,20.19,Grade Celsius,
0,0.00,W/m^2,3:24:12,28/6/17,Day of week:,Wednesday,20.19,Grade Celsius,
0,0.00,W/m^2,3:24:15,28/6/17,Day of week:,Wednesday,20.19,Grade Celsius,
0,0.00,W/m^2,3:24:18,28/6/17,Day of week:,Wednesday,20.12,Grade Celsius,
0,0.00,W/m^2,3:24:21,28/6/17,Day of week:,Wednesday,20.19,Grade Celsius,
0,0.00,W/m^2,3:24:24,28/6/17,Day of week:,Wednesday,20.19,Grade Celsius,
0,0.00,W/m^2,3:24:27,28/6/17,Day of week:,Wednesday,20.19,Grade Celsius,
0,0.00,W/m^2,3:24:30,28/6/17,Day of week:,Wednesday,20.12,Grade Celsius,
0,0.00,W/m^2,3:24:33,28/6/17,Day of week:,Wednesday,20.19,Grade Celsius,
0,0.00,W/m^2,3:24:36,28/6/17,Day of week:,Wednesday,20.19,Grade Celsius,
0,0.00,W/m^2,3:24:39,28/6/17,Day of week:,Wednesday,20.19,Grade Celsius,
0,0.00,W/m^2,3:24:42,28/6/17,Day of week:,Wednesday,20.19,Grade Celsius,
0,0.00,W/m^2,3:24:45,28/6/17,Day of week:,Wednesday,20.19,Grade Celsius,
0,0.00,W/m^2,3:24:48,28/6/17,Day of week:,Wednesday,20.19,Grade Celsius,
0,0.00,W/m^2,3:24:52,28/6/17,Day of week:,Wednesday,20.19,Grade Celsius,
0,0.00,W/m^2,3:24:55,28/6/17,Day of week:,Wednesday,20.19,Grade Celsius,
0,0.00,W/m^2,3:24:58,28/6/17,Day of week:,Wednesday,20.19,Grade Celsius,
0,0.00,W/m^2,3:25:01,28/6/17,Day of week:,Wednesday,20.12,Grade Celsius,
0,0.00,W/m^2,3:25:04,28/6/17,Day of week:,Wednesday,20.12,Grade Celsius,
0,0.00,W/m^2,3:25:07,28/6/17,Day of week:,Wednesday,20.06,Grade Celsius,
0,0.00,W/m^2,3:25:10,28/6/17,Day of week:,Wednesday,20.06,Grade Celsius,
0,0.00,W/m^2,3:25:13,28/6/17,Day of week:,Wednesday,20.00,Grade Celsius,
0,0.00,W/m^2,3:25:16,28/6/17,Day of week:,Wednesday,20.00,Grade Celsius,
0,0.00,W/m^2,3:25:19,28/6/17,Day of week:,Wednesday,20.00,Grade Celsius,
0,0.00,W/m^2,3:25:22,28/6/17,Day of week:,Wednesday,20.06,Grade Celsius,
0,0.00,W/m^2,3:25:25,28/6/17,Day of week:,Wednesday,20.00,Grade Celsius,
0,0.00,W/m^2,3:25:28,28/6/17,Day of week:,Wednesday,20.00,Grade Celsius,
0,0.00,W/m^2,3:25:31,28/6/17,Day of week:,Wednesday,20.00,Grade Celsius,
0,0.00,W/m^2,3:25:34,28/6/17,Day of week:,Wednesday,20.00,Grade Celsius,
0,0.00,W/m^2,3:25:37,28/6/17,Day of week:,Wednesday,20.06,Grade Celsius,
0,0.00,W/m^2,3:25:40,28/6/17,Day of week:,Wednesday,20.06,Grade Celsius,
0,0.00,W/m^2,3:25:44,28/6/17,Day of week:,Wednesday,20.06,Grade Celsius,
0,0.00,W/m^2,3:25:47,28/6/17,Day of week:,Wednesday,20.06,Grade Celsius,
0,0.00,W/m^2,3:25:50,28/6/17,Day of week:,Wednesday,20.06,Grade Celsius,
0,0.00,W/m^2,3:25:53,28/6/17,Day of week:,Wednesday,20.06,Grade Celsius,
0,0.00,W/m^2,3:25:56,28/6/17,Day of week:,Wednesday,20.06,Grade Celsius,
0,0.00,W/m^2,3:25:59,28/6/17,Day of week:,Wednesday,20.06,Grade Celsius,
0,0.00,W/m^2,3:26:02,28/6/17,Day of week:,Wednesday,20.06,Grade Celsius,
0,0.00,W/m^2,3:26:05,28/6/17,Day of week:,Wednesday,20.06,Grade Celsius,
0,0.00,W/m^2,3:26:08,28/6/17,Day of week:,Wednesday,20.06,Grade Celsius,
0,0.00,W/m^2,3:26:11,28/6/17,Day of week:,Wednesday,20.06,Grade Celsius,
0,0.00,W/m^2,3:26:14,28/6/17,Day of week:,Wednesday,20.06,Grade Celsius,
0,0.00,W/m^2,3:26:17,28/6/17,Day of week:,Wednesday,20.06,Grade Celsius,
0,0.00,W/m^2,3:26:20,28/6/17,Day of week:,Wednesday,20.06,Grade Celsius,
0,0.00,W/m^2,3:26:23,28/6/17,Day of week:,Wednesday,20.06,Grade Celsius,
0,0.00,W/m^2,3:26:26,28/6/17,Day of week:,Wednesday,20.06,Grade Celsius,
0,0.00,W/m^2,3:26:29,28/6/17,Day of week:,Wednesday,20.06,Grade Celsius,
0,0.00,W/m^2,3:26:32,28/6/17,Day of week:,Wednesday,20.06,Grade Celsius,
0,0.00,W/m^2,3:26:36,28/6/17,Day of week:,Wednesday,20.06,Grade Celsius,
0,0.00,W/m^2,3:26:39,28/6/17,Day of week:,Wednesday,20.06,Grade Celsius,
0,0.00,W/m^2,3:26:42,28/6/17,Day of week:,Wednesday,20.00,Grade Celsius,
0,0.00,W/m^2,3:26:45,28/6/17,Day of week:,Wednesday,20.00,Grade Celsius,
0,0.00,W/m^2,3:26:48,28/6/17,Day of week:,Wednesday,20.00,Grade Celsius,
0,0.00,W/m^2,3:26:51,28/6/17,Day of week:,Wednesday,20.00,Grade Celsius,
0,0.00,W/m^2,3:26:54,28/6/17,Day of week:,Wednesday,20.00,Grade Celsius,
0,0.00,W/m^2,3:26:57,28/6/17,Day of week:,Wednesday,20.00,Grade Celsius,
0,0.00,W/m^2,3:27:00,28/6/17,Day of week:,Wednesday,20.06,Grade Celsius,
0,0.00,W/m^2,3:27:03,28/6/17,Day of week:,Wednesday,20.00,Grade Celsius,
0,0.00,W/m^2,3:27:06,28/6/17,Day of week:,Wednesday,20.00,Grade Celsius,
0,0.00,W/m^2,3:27:09,28/6/17,Day of week:,Wednesday,20.06,Grade Celsius,
0,0.00,W/m^2,3:27:12,28/6/17,Day of week:,Wednesday,20.00,Grade Celsius,
0,0.00,W/m^2,3:27:15,28/6/17,Day of week:,Wednesday,20.00,Grade Celsius,
0,0.00,W/m^2,3:27:18,28/6/17,Day of week:,Wednesday,20.06,Grade Celsius,
0,0.00,W/m^2,3:27:21,28/6/17,Day of week:,Wednesday,20.06,Grade Celsius,
0,0.00,W/m^2,3:27:25,28/6/17,Day of week:,Wednesday,20.06,Grade Celsius,
0,0.00,W/m^2,3:27:28,28/6/17,Day of week:,Wednesday,20.06,Grade Celsius,
0,0.00,W/m^2,3:27:31,28/6/17,Day of week:,Wednesday,20.12,Grade Celsius,
0,0.00,W/m^2,3:27:34,28/6/17,Day of week:,Wednesday,20.12,Grade Celsius,
0,0.00,W/m^2,3:27:37,28/6/17,Day of week:,Wednesday,20.12,Grade Celsius,
0,0.00,W/m^2,3:27:40,28/6/17,Day of week:,Wednesday,20.06,Grade Celsius,
0,0.00,W/m^2,3:27:43,28/6/17,Day of week:,Wednesday,20.06,Grade Celsius,
0,0.00,W/m^2,3:27:46,28/6/17,Day of week:,Wednesday,20.12,Grade Celsius,
0,0.00,W/m^2,3:27:49,28/6/17,Day of week:,Wednesday,20.12,Grade Celsius,
0,0.00,W/m^2,3:27:52,28/6/17,Day of week:,Wednesday,20.12,Grade Celsius,
0,0.00,W/m^2,3:27:55,28/6/17,Day of week:,Wednesday,20.06,Grade Celsius,
0,0.00,W/m^2,3:27:58,28/6/17,Day of week:,Wednesday,20.06,Grade Celsius,
0,0.00,W/m^2,3:28:01,28/6/17,Day of week:,Wednesday,20.06,Grade Celsius,
0,0.00,W/m^2,3:28:04,28/6/17,Day of week:,Wednesday,20.00,Grade Celsius,
0,0.00,W/m^2,3:28:07,28/6/17,Day of week:,Wednesday,20.06,Grade Celsius,
0,0.00,W/m^2,3:28:10,28/6/17,Day of week:,Wednesday,20.06,Grade Celsius,
0,0.00,W/m^2,3:28:13,28/6/17,Day of week:,Wednesday,20.06,Grade Celsius,
0,0.00,W/m^2,3:28:17,28/6/17,Day of week:,Wednesday,20.06,Grade Celsius,
0,0.00,W/m^2,3:28:20,28/6/17,Day of week:,Wednesday,20.06,Grade Celsius,
0,0.00,W/m^2,3:28:23,28/6/17,Day of week:,Wednesday,20.06,Grade Celsius,
0,0.00,W/m^2,3:28:26,28/6/17,Day of week:,Wednesday,20.06,Grade Celsius,
0,0.00,W/m^2,3:28:29,28/6/17,Day of week:,Wednesday,20.06,Grade Celsius,
0,0.00,W/m^2,3:28:32,28/6/17,Day of week:,Wednesday,20.06,Grade Celsius,
0,0.00,W/m^2,3:28:35,28/6/17,Day of week:,Wednesday,20.06,Grade Celsius,
0,0.00,W/m^2,3:28:38,28/6/17,Day of week:,Wednesday,20.06,Grade Celsius,
0,0.00,W/m^2,3:28:41,28/6/17,Day of week:,Wednesday,20.06,Grade Celsius,
0,0.00,W/m^2,3:28:44,28/6/17,Day of week:,Wednesday,20.06,Grade Celsius,
0,0.00,W/m^2,3:28:47,28/6/17,Day of week:,Wednesday,20.06,Grade Celsius,
0,0.00,W/m^2,3:28:50,28/6/17,Day of week:,Wednesday,20.12,Grade Celsius,
0,0.00,W/m^2,3:28:53,28/6/17,Day of week:,Wednesday,20.12,Grade Celsius,
0,0.00,W/m^2,3:28:56,28/6/17,Day of week:,Wednesday,20.12,Grade Celsius,
0,0.00,W/m^2,3:29:00,28/6/17,Day of week:,Wednesday,20.06,Grade Celsius,
0,0.00,W/m^2,3:29:03,28/6/17,Day of week:,Wednesday,20.12,Grade Celsius,
0,0.00,W/m^2,3:29:06,28/6/17,Day of week:,Wednesday,20.12,Grade Celsius,
0,0.00,W/m^2,3:29:09,28/6/17,Day of week:,Wednesday,20.12,Grade Celsius,
0,0.00,W/m^2,3:29:12,28/6/17,Day of week:,Wednesday,20.12,Grade Celsius,
0,0.00,W/m^2,3:29:15,28/6/17,Day of week:,Wednesday,20.12,Grade Celsius,
0,0.00,W/m^2,3:29:18,28/6/17,Day of week:,Wednesday,20.12,Grade Celsius,
0,0.00,W/m^2,3:29:21,28/6/17,Day of week:,Wednesday,20.12,Grade Celsius,
0,0.00,W/m^2,3:29:24,28/6/17,Day of week:,Wednesday,20.12,Grade Celsius,
0,0.00,W/m^2,3:29:27,28/6/17,Day of week:,Wednesday,20.12,Grade Celsius,
0,0.00,W/m^2,3:29:30,28/6/17,Day of week:,Wednesday,20.12,Grade Celsius,
0,0.00,W/m^2,3:29:33,28/6/17,Day of week:,Wednesday,20.06,Grade Celsius,
0,0.00,W/m^2,3:29:36,28/6/17,Day of week:,Wednesday,20.12,Grade Celsius,
0,0.00,W/m^2,3:29:39,28/6/17,Day of week:,Wednesday,20.06,Grade Celsius,
0,0.00,W/m^2,3:29:42,28/6/17,Day of week:,Wednesday,20.12,Grade Celsius,
0,0.00,W/m^2,3:29:45,28/6/17,Day of week:,Wednesday,20.12,Grade Celsius,
0,0.00,W/m^2,3:29:48,28/6/17,Day of week:,Wednesday,20.12,Grade Celsius,
0,0.00,W/m^2,3:29:52,28/6/17,Day of week:,Wednesday,20.12,Grade Celsius,
0,0.00,W/m^2,3:29:55,28/6/17,Day of week:,Wednesday,20.12,Grade Celsius,
0,0.00,W/m^2,3:29:58,28/6/17,Day of week:,Wednesday,20.12,Grade Celsius,
0,0.00,W/m^2,3:30:01,28/6/17,Day of week:,Wednesday,20.06,Grade Celsius,
0,0.00,W/m^2,3:30:04,28/6/17,Day of week:,Wednesday,20.12,Grade Celsius,
0,0.00,W/m^2,3:30:07,28/6/17,Day of week:,Wednesday,20.12,Grade Celsius,
0,0.00,W/m^2,3:30:10,28/6/17,Day of week:,Wednesday,20.12,Grade Celsius,
0,0.00,W/m^2,3:30:13,28/6/17,Day of week:,Wednesday,20.06,Grade Celsius,
0,0.00,W/m^2,3:30:16,28/6/17,Day of week:,Wednesday,20.06,Grade Celsius,
0,0.00,W/m^2,3:30:19,28/6/17,Day of week:,Wednesday,20.06,Grade Celsius,
0,0.00,W/m^2,3:30:22,28/6/17,Day of week:,Wednesday,20.06,Grade Celsius,
0,0.00,W/m^2,3:30:25,28/6/17,Day of week:,Wednesday,20.06,Grade Celsius,
0,0.00,W/m^2,3:30:28,28/6/17,Day of week:,Wednesday,20.06,Grade Celsius,
0,0.00,W/m^2,3:30:31,28/6/17,Day of week:,Wednesday,20.06,Grade Celsius,
0,0.00,W/m^2,3:30:34,28/6/17,Day of week:,Wednesday,20.06,Grade Celsius,
0,0.00,W/m^2,3:30:37,28/6/17,Day of week:,Wednesday,20.06,Grade Celsius,
0,0.00,W/m^2,3:30:40,28/6/17,Day of week:,Wednesday,20.06,Grade Celsius,
0,0.00,W/m^2,3:30:44,28/6/17,Day of week:,Wednesday,20.12,Grade Celsius,
0,0.00,W/m^2,3:30:47,28/6/17,Day of week:,Wednesday,20.12,Grade Celsius,
0,0.00,W/m^2,3:30:50,28/6/17,Day of week:,Wednesday,20.12,Grade Celsius,
0,0.00,W/m^2,3:30:53,28/6/17,Day of week:,Wednesday,20.12,Grade Celsius,
0,0.00,W/m^2,3:30:56,28/6/17,Day of week:,Wednesday,20.06,Grade Celsius,
0,0.00,W/m^2,3:30:59,28/6/17,Day of week:,Wednesday,20.12,Grade Celsius,
0,0.00,W/m^2,3:31:02,28/6/17,Day of week:,Wednesday,20.12,Grade Celsius,
0,0.00,W/m^2,3:31:05,28/6/17,Day of week:,Wednesday,20.06,Grade Celsius,
0,0.00,W/m^2,3:31:08,28/6/17,Day of week:,Wednesday,20.06,Grade Celsius,
0,0.00,W/m^2,3:31:11,28/6/17,Day of week:,Wednesday,20.06,Grade Celsius,
0,0.00,W/m^2,3:31:14,28/6/17,Day of week:,Wednesday,20.06,Grade Celsius,
0,0.00,W/m^2,3:31:17,28/6/17,Day of week:,Wednesday,20.06,Grade Celsius,
0,0.00,W/m^2,3:31:20,28/6/17,Day of week:,Wednesday,20.06,Grade Celsius,
0,0.00,W/m^2,3:31:23,28/6/17,Day of week:,Wednesday,20.00,Grade Celsius,
0,0.00,W/m^2,3:31:26,28/6/17,Day of week:,Wednesday,20.06,Grade Celsius,
0,0.00,W/m^2,3:31:29,28/6/17,Day of week:,Wednesday,20.06,Grade Celsius,
0,0.00,W/m^2,3:31:32,28/6/17,Day of week:,Wednesday,20.06,Grade Celsius,
0,0.00,W/m^2,3:31:36,28/6/17,Day of week:,Wednesday,20.06,Grade Celsius,
0,0.00,W/m^2,3:31:39,28/6/17,Day of week:,Wednesday,20.06,Grade Celsius,
0,0.00,W/m^2,3:31:42,28/6/17,Day of week:,Wednesday,20.06,Grade Celsius,
0,0.00,W/m^2,3:31:45,28/6/17,Day of week:,Wednesday,20.06,Grade Celsius,
0,0.00,W/m^2,3:31:48,28/6/17,Day of week:,Wednesday,20.06,Grade Celsius,
0,0.00,W/m^2,3:31:51,28/6/17,Day of week:,Wednesday,20.12,Grade Celsius,
0,0.00,W/m^2,3:31:54,28/6/17,Day of week:,Wednesday,20.12,Grade Celsius,
0,0.00,W/m^2,3:31:57,28/6/17,Day of week:,Wednesday,20.06,Grade Celsius,
0,0.00,W/m^2,3:32:00,28/6/17,Day of week:,Wednesday,20.06,Grade Celsius,
0,0.00,W/m^2,3:32:03,28/6/17,Day of week:,Wednesday,20.06,Grade Celsius,
0,0.00,W/m^2,3:32:06,28/6/17,Day of week:,Wednesday,20.06,Grade Celsius,
0,0.00,W/m^2,3:32:09,28/6/17,Day of week:,Wednesday,20.12,Grade Celsius,
0,0.00,W/m^2,3:32:12,28/6/17,Day of week:,Wednesday,20.06,Grade Celsius,
0,0.00,W/m^2,3:32:15,28/6/17,Day of week:,Wednesday,20.12,Grade Celsius,
0,0.00,W/m^2,3:32:18,28/6/17,Day of week:,Wednesday,20.06,Grade Celsius,
0,0.00,W/m^2,3:32:21,28/6/17,Day of week:,Wednesday,20.06,Grade Celsius,
0,0.00,W/m^2,3:32:25,28/6/17,Day of week:,Wednesday,20.00,Grade Celsius,
0,0.00,W/m^2,3:32:28,28/6/17,Day of week:,Wednesday,20.00,Grade Celsius,
0,0.00,W/m^2,3:32:31,28/6/17,Day of week:,Wednesday,20.00,Grade Celsius,
0,0.00,W/m^2,3:32:34,28/6/17,Day of week:,Wednesday,20.00,Grade Celsius,
0,0.00,W/m^2,3:32:37,28/6/17,Day of week:,Wednesday,20.00,Grade Celsius,
0,0.00,W/m^2,3:32:40,28/6/17,Day of week:,Wednesday,20.00,Grade Celsius,
0,0.00,W/m^2,3:32:43,28/6/17,Day of week:,Wednesday,20.00,Grade Celsius,
0,0.00,W/m^2,3:32:46,28/6/17,Day of week:,Wednesday,20.00,Grade Celsius,
0,0.00,W/m^2,3:32:49,28/6/17,Day of week:,Wednesday,20.00,Grade Celsius,
0,0.00,W/m^2,3:32:52,28/6/17,Day of week:,Wednesday,20.00,Grade Celsius,
0,0.00,W/m^2,3:32:55,28/6/17,Day of week:,Wednesday,20.00,Grade Celsius,
0,0.00,W/m^2,3:32:58,28/6/17,Day of week:,Wednesday,20.00,Grade Celsius,
0,0.00,W/m^2,3:33:01,28/6/17,Day of week:,Wednesday,20.00,Grade Celsius,
0,0.00,W/m^2,3:33:04,28/6/17,Day of week:,Wednesday,20.00,Grade Celsius,
0,0.00,W/m^2,3:33:07,28/6/17,Day of week:,Wednesday,20.00,Grade Celsius,
0,0.00,W/m^2,3:33:10,28/6/17,Day of week:,Wednesday,20.00,Grade Celsius,
0,0.00,W/m^2,3:33:13,28/6/17,Day of week:,Wednesday,20.00,Grade Celsius,
0,0.00,W/m^2,3:33:17,28/6/17,Day of week:,Wednesday,20.00,Grade Celsius,
0,0.00,W/m^2,3:33:20,28/6/17,Day of week:,Wednesday,20.00,Grade Celsius,
0,0.00,W/m^2,3:33:23,28/6/17,Day of week:,Wednesday,20.00,Grade Celsius,
0,0.00,W/m^2,3:33:26,28/6/17,Day of week:,Wednesday,20.00,Grade Celsius,
0,0.00,W/m^2,3:33:29,28/6/17,Day of week:,Wednesday,20.00,Grade Celsius,
0,0.00,W/m^2,3:33:32,28/6/17,Day of week:,Wednesday,20.00,Grade Celsius,
0,0.00,W/m^2,3:33:35,28/6/17,Day of week:,Wednesday,20.00,Grade Celsius,
0,0.00,W/m^2,3:33:38,28/6/17,Day of week:,Wednesday,20.00,Grade Celsius,
0,0.00,W/m^2,3:33:41,28/6/17,Day of week:,Wednesday,20.06,Grade Celsius,
0,0.00,W/m^2,3:33:44,28/6/17,Day of week:,Wednesday,20.00,Grade Celsius,
0,0.00,W/m^2,3:33:47,28/6/17,Day of week:,Wednesday,20.00,Grade Celsius,
0,0.00,W/m^2,3:33:50,28/6/17,Day of week:,Wednesday,20.00,Grade Celsius,
0,0.00,W/m^2,3:33:53,28/6/17,Day of week:,Wednesday,20.00,Grade Celsius,
0,0.00,W/m^2,3:33:56,28/6/17,Day of week:,Wednesday,20.00,Grade Celsius,
0,0.00,W/m^2,3:33:59,28/6/17,Day of week:,Wednesday,20.00,Grade Celsius,
0,0.00,W/m^2,3:34:02,28/6/17,Day of week:,Wednesday,20.00,Grade Celsius,
0,0.00,W/m^2,3:34:05,28/6/17,Day of week:,Wednesday,20.00,Grade Celsius,
0,0.00,W/m^2,3:34:09,28/6/17,Day of week:,Wednesday,20.00,Grade Celsius,
0,0.00,W/m^2,3:34:12,28/6/17,Day of week:,Wednesday,20.00,Grade Celsius,
0,0.00,W/m^2,3:34:15,28/6/17,Day of week:,Wednesday,20.00,Grade Celsius,
0,0.00,W/m^2,3:34:18,28/6/17,Day of week:,Wednesday,20.00,Grade Celsius,
0,0.00,W/m^2,3:34:21,28/6/17,Day of week:,Wednesday,20.00,Grade Celsius,
0,0.00,W/m^2,3:34:24,28/6/17,Day of week:,Wednesday,20.00,Grade Celsius,
0,0.00,W/m^2,3:34:27,28/6/17,Day of week:,Wednesday,20.00,Grade Celsius,
0,0.00,W/m^2,3:34:30,28/6/17,Day of week:,Wednesday,20.00,Grade Celsius,
0,0.00,W/m^2,3:34:33,28/6/17,Day of week:,Wednesday,20.00,Grade Celsius,
0,0.00,W/m^2,3:34:36,28/6/17,Day of week:,Wednesday,20.00,Grade Celsius,
0,0.00,W/m^2,3:34:39,28/6/17,Day of week:,Wednesday,20.06,Grade Celsius,
0,0.00,W/m^2,3:34:42,28/6/17,Day of week:,Wednesday,20.06,Grade Celsius,
0,0.00,W/m^2,3:34:45,28/6/17,Day of week:,Wednesday,20.00,Grade Celsius,
0,0.00,W/m^2,3:34:48,28/6/17,Day of week:,Wednesday,20.06,Grade Celsius,
0,0.00,W/m^2,3:34:51,28/6/17,Day of week:,Wednesday,20.06,Grade Celsius,
0,0.00,W/m^2,3:34:54,28/6/17,Day of week:,Wednesday,20.06,Grade Celsius,
0,0.00,W/m^2,3:34:58,28/6/17,Day of week:,Wednesday,20.06,Grade Celsius,
0,0.00,W/m^2,3:35:01,28/6/17,Day of week:,Wednesday,20.06,Grade Celsius,
0,0.00,W/m^2,3:35:04,28/6/17,Day of week:,Wednesday,20.06,Grade Celsius,
0,0.00,W/m^2,3:35:07,28/6/17,Day of week:,Wednesday,20.06,Grade Celsius,
0,0.00,W/m^2,3:35:10,28/6/17,Day of week:,Wednesday,20.06,Grade Celsius,
0,0.00,W/m^2,3:35:13,28/6/17,Day of week:,Wednesday,20.06,Grade Celsius,
0,0.00,W/m^2,3:35:16,28/6/17,Day of week:,Wednesday,20.06,Grade Celsius,
0,0.00,W/m^2,3:35:19,28/6/17,Day of week:,Wednesday,20.06,Grade Celsius,
0,0.00,W/m^2,3:35:22,28/6/17,Day of week:,Wednesday,20.06,Grade Celsius,
0,0.00,W/m^2,3:35:25,28/6/17,Day of week:,Wednesday,20.06,Grade Celsius,
0,0.00,W/m^2,3:35:28,28/6/17,Day of week:,Wednesday,20.12,Grade Celsius,
0,0.00,W/m^2,3:35:31,28/6/17,Day of week:,Wednesday,20.12,Grade Celsius,
0,0.00,W/m^2,3:35:34,28/6/17,Day of week:,Wednesday,20.12,Grade Celsius,
0,0.00,W/m^2,3:35:37,28/6/17,Day of week:,Wednesday,20.12,Grade Celsius,
0,0.00,W/m^2,3:35:40,28/6/17,Day of week:,Wednesday,20.12,Grade Celsius,
0,0.00,W/m^2,3:35:43,28/6/17,Day of week:,Wednesday,20.12,Grade Celsius,
0,0.00,W/m^2,3:35:47,28/6/17,Day of week:,Wednesday,20.12,Grade Celsius,
0,0.00,W/m^2,3:35:50,28/6/17,Day of week:,Wednesday,20.12,Grade Celsius,
0,0.00,W/m^2,3:35:53,28/6/17,Day of week:,Wednesday,20.12,Grade Celsius,
0,0.00,W/m^2,3:35:56,28/6/17,Day of week:,Wednesday,20.12,Grade Celsius,
0,0.00,W/m^2,3:35:59,28/6/17,Day of week:,Wednesday,20.12,Grade Celsius,
0,0.00,W/m^2,3:36:02,28/6/17,Day of week:,Wednesday,20.12,Grade Celsius,
0,0.00,W/m^2,3:36:05,28/6/17,Day of week:,Wednesday,20.12,Grade Celsius,
0,0.00,W/m^2,3:36:08,28/6/17,Day of week:,Wednesday,20.12,Grade Celsius,
0,0.00,W/m^2,3:36:11,28/6/17,Day of week:,Wednesday,20.06,Grade Celsius,
0,0.00,W/m^2,3:36:14,28/6/17,Day of week:,Wednesday,20.12,Grade Celsius,
0,0.00,W/m^2,3:36:17,28/6/17,Day of week:,Wednesday,20.12,Grade Celsius,
0,0.00,W/m^2,3:36:20,28/6/17,Day of week:,Wednesday,20.12,Grade Celsius,
0,0.00,W/m^2,3:36:23,28/6/17,Day of week:,Wednesday,20.12,Grade Celsius,
0,0.00,W/m^2,3:36:26,28/6/17,Day of week:,Wednesday,20.12,Grade Celsius,
0,0.00,W/m^2,3:36:29,28/6/17,Day of week:,Wednesday,20.12,Grade Celsius,
0,0.00,W/m^2,3:36:32,28/6/17,Day of week:,Wednesday,20.12,Grade Celsius,
0,0.00,W/m^2,3:36:36,28/6/17,Day of week:,Wednesday,20.12,Grade Celsius,
0,0.00,W/m^2,3:36:39,28/6/17,Day of week:,Wednesday,20.12,Grade Celsius,
0,0.00,W/m^2,3:36:42,28/6/17,Day of week:,Wednesday,20.12,Grade Celsius,
0,0.00,W/m^2,3:36:45,28/6/17,Day of week:,Wednesday,20.06,Grade Celsius,
0,0.00,W/m^2,3:36:48,28/6/17,Day of week:,Wednesday,20.06,Grade Celsius,
0,0.00,W/m^2,3:36:51,28/6/17,Day of week:,Wednesday,20.06,Grade Celsius,
0,0.00,W/m^2,3:36:54,28/6/17,Day of week:,Wednesday,20.06,Grade Celsius,
0,0.00,W/m^2,3:36:57,28/6/17,Day of week:,Wednesday,20.06,Grade Celsius,
0,0.00,W/m^2,3:37:00,28/6/17,Day of week:,Wednesday,20.06,Grade Celsius,
0,0.00,W/m^2,3:37:03,28/6/17,Day of week:,Wednesday,20.06,Grade Celsius,
0,0.00,W/m^2,3:37:06,28/6/17,Day of week:,Wednesday,20.06,Grade Celsius,
0,0.00,W/m^2,3:37:09,28/6/17,Day of week:,Wednesday,20.06,Grade Celsius,
0,0.00,W/m^2,3:37:12,28/6/17,Day of week:,Wednesday,20.06,Grade Celsius,
0,0.00,W/m^2,3:37:15,28/6/17,Day of week:,Wednesday,20.06,Grade Celsius,
0,0.00,W/m^2,3:37:18,28/6/17,Day of week:,Wednesday,20.06,Grade Celsius,
0,0.00,W/m^2,3:37:21,28/6/17,Day of week:,Wednesday,20.06,Grade Celsius,
0,0.00,W/m^2,3:37:24,28/6/17,Day of week:,Wednesday,20.06,Grade Celsius,
0,0.00,W/m^2,3:37:28,28/6/17,Day of week:,Wednesday,20.06,Grade Celsius,
0,0.00,W/m^2,3:37:31,28/6/17,Day of week:,Wednesday,20.06,Grade Celsius,
0,0.00,W/m^2,3:37:34,28/6/17,Day of week:,Wednesday,20.06,Grade Celsius,
0,0.00,W/m^2,3:37:37,28/6/17,Day of week:,Wednesday,20.06,Grade Celsius,
0,0.00,W/m^2,3:37:40,28/6/17,Day of week:,Wednesday,20.06,Grade Celsius,
0,0.00,W/m^2,3:37:43,28/6/17,Day of week:,Wednesday,20.06,Grade Celsius,
0,0.00,W/m^2,3:37:46,28/6/17,Day of week:,Wednesday,20.06,Grade Celsius,
0,0.00,W/m^2,3:37:49,28/6/17,Day of week:,Wednesday,20.06,Grade Celsius,
0,0.00,W/m^2,3:37:52,28/6/17,Day of week:,Wednesday,20.06,Grade Celsius,
0,0.00,W/m^2,3:37:55,28/6/17,Day of week:,Wednesday,20.06,Grade Celsius,
0,0.00,W/m^2,3:37:58,28/6/17,Day of week:,Wednesday,20.06,Grade Celsius,
0,0.00,W/m^2,3:38:01,28/6/17,Day of week:,Wednesday,20.00,Grade Celsius,
0,0.00,W/m^2,3:38:04,28/6/17,Day of week:,Wednesday,20.00,Grade Celsius,
0,0.00,W/m^2,3:38:07,28/6/17,Day of week:,Wednesday,20.06,Grade Celsius,
0,0.00,W/m^2,3:38:10,28/6/17,Day of week:,Wednesday,20.00,Grade Celsius,
0,0.00,W/m^2,3:38:13,28/6/17,Day of week:,Wednesday,20.00,Grade Celsius,
0,0.00,W/m^2,3:38:16,28/6/17,Day of week:,Wednesday,20.00,Grade Celsius,
0,0.00,W/m^2,3:38:20,28/6/17,Day of week:,Wednesday,20.00,Grade Celsius,
0,0.00,W/m^2,3:38:23,28/6/17,Day of week:,Wednesday,20.00,Grade Celsius,
0,0.00,W/m^2,3:38:26,28/6/17,Day of week:,Wednesday,20.00,Grade Celsius,
0,0.00,W/m^2,3:38:29,28/6/17,Day of week:,Wednesday,20.00,Grade Celsius,
0,0.00,W/m^2,3:38:32,28/6/17,Day of week:,Wednesday,20.00,Grade Celsius,
0,0.00,W/m^2,3:38:35,28/6/17,Day of week:,Wednesday,20.00,Grade Celsius,
0,0.00,W/m^2,3:38:38,28/6/17,Day of week:,Wednesday,20.00,Grade Celsius,
0,0.00,W/m^2,3:38:41,28/6/17,Day of week:,Wednesday,20.00,Grade Celsius,
0,0.00,W/m^2,3:38:44,28/6/17,Day of week:,Wednesday,20.00,Grade Celsius,
0,0.00,W/m^2,3:38:47,28/6/17,Day of week:,Wednesday,20.00,Grade Celsius,
0,0.00,W/m^2,3:38:50,28/6/17,Day of week:,Wednesday,20.00,Grade Celsius,
0,0.00,W/m^2,3:38:53,28/6/17,Day of week:,Wednesday,20.00,Grade Celsius,
0,0.00,W/m^2,3:38:56,28/6/17,Day of week:,Wednesday,20.00,Grade Celsius,
0,0.00,W/m^2,3:38:59,28/6/17,Day of week:,Wednesday,20.00,Grade Celsius,
0,0.00,W/m^2,3:39:02,28/6/17,Day of week:,Wednesday,20.00,Grade Celsius,
0,0.00,W/m^2,3:39:05,28/6/17,Day of week:,Wednesday,20.00,Grade Celsius,
0,0.00,W/m^2,3:39:08,28/6/17,Day of week:,Wednesday,20.00,Grade Celsius,
0,0.00,W/m^2,3:39:12,28/6/17,Day of week:,Wednesday,20.00,Grade Celsius,
0,0.00,W/m^2,3:39:15,28/6/17,Day of week:,Wednesday,20.00,Grade Celsius,
0,0.00,W/m^2,3:39:18,28/6/17,Day of week:,Wednesday,20.00,Grade Celsius,
0,0.00,W/m^2,3:39:21,28/6/17,Day of week:,Wednesday,20.00,Grade Celsius,
0,0.00,W/m^2,3:39:24,28/6/17,Day of week:,Wednesday,20.00,Grade Celsius,
0,0.00,W/m^2,3:39:27,28/6/17,Day of week:,Wednesday,20.00,Grade Celsius,
0,0.00,W/m^2,3:39:30,28/6/17,Day of week:,Wednesday,20.00,Grade Celsius,
0,0.00,W/m^2,3:39:33,28/6/17,Day of week:,Wednesday,20.00,Grade Celsius,
0,0.00,W/m^2,3:39:36,28/6/17,Day of week:,Wednesday,20.00,Grade Celsius,
0,0.00,W/m^2,3:39:39,28/6/17,Day of week:,Wednesday,20.00,Grade Celsius,
0,0.00,W/m^2,3:39:42,28/6/17,Day of week:,Wednesday,20.00,Grade Celsius,
0,0.00,W/m^2,3:39:45,28/6/17,Day of week:,Wednesday,20.00,Grade Celsius,
0,0.00,W/m^2,3:39:48,28/6/17,Day of week:,Wednesday,20.00,Grade Celsius,
0,0.00,W/m^2,3:39:51,28/6/17,Day of week:,Wednesday,20.00,Grade Celsius,
0,0.00,W/m^2,3:39:54,28/6/17,Day of week:,Wednesday,19.94,Grade Celsius,
0,0.00,W/m^2,3:39:57,28/6/17,Day of week:,Wednesday,20.00,Grade Celsius,
0,0.00,W/m^2,3:40:00,28/6/17,Day of week:,Wednesday,20.00,Grade Celsius,
0,0.00,W/m^2,3:40:04,28/6/17,Day of week:,Wednesday,20.00,Grade Celsius,
0,0.00,W/m^2,3:40:07,28/6/17,Day of week:,Wednesday,20.00,Grade Celsius,
0,0.00,W/m^2,3:40:10,28/6/17,Day of week:,Wednesday,19.94,Grade Celsius,
0,0.00,W/m^2,3:40:13,28/6/17,Day of week:,Wednesday,19.94,Grade Celsius,
0,0.00,W/m^2,3:40:16,28/6/17,Day of week:,Wednesday,19.94,Grade Celsius,
0,0.00,W/m^2,3:40:19,28/6/17,Day of week:,Wednesday,20.00,Grade Celsius,
0,0.00,W/m^2,3:40:22,28/6/17,Day of week:,Wednesday,20.00,Grade Celsius,
0,0.00,W/m^2,3:40:25,28/6/17,Day of week:,Wednesday,20.00,Grade Celsius,
0,0.00,W/m^2,3:40:28,28/6/17,Day of week:,Wednesday,19.94,Grade Celsius,
0,0.00,W/m^2,3:40:31,28/6/17,Day of week:,Wednesday,20.00,Grade Celsius,
0,0.00,W/m^2,3:40:34,28/6/17,Day of week:,Wednesday,19.94,Grade Celsius,
0,0.00,W/m^2,3:40:37,28/6/17,Day of week:,Wednesday,19.94,Grade Celsius,
0,0.00,W/m^2,3:40:40,28/6/17,Day of week:,Wednesday,19.94,Grade Celsius,
0,0.00,W/m^2,3:40:44,28/6/17,Day of week:,Wednesday,20.00,Grade Celsius,
0,0.00,W/m^2,3:40:47,28/6/17,Day of week:,Wednesday,20.00,Grade Celsius,
0,0.00,W/m^2,3:40:50,28/6/17,Day of week:,Wednesday,20.00,Grade Celsius,
0,0.00,W/m^2,3:40:53,28/6/17,Day of week:,Wednesday,20.00,Grade Celsius,
0,0.00,W/m^2,3:40:56,28/6/17,Day of week:,Wednesday,19.94,Grade Celsius,
0,0.00,W/m^2,3:40:59,28/6/17,Day of week:,Wednesday,20.00,Grade Celsius,
0,0.00,W/m^2,3:41:02,28/6/17,Day of week:,Wednesday,19.94,Grade Celsius,
0,0.00,W/m^2,3:41:05,28/6/17,Day of week:,Wednesday,20.00,Grade Celsius,
0,0.00,W/m^2,3:41:08,28/6/17,Day of week:,Wednesday,20.00,Grade Celsius,
0,0.00,W/m^2,3:41:11,28/6/17,Day of week:,Wednesday,20.00,Grade Celsius,
0,0.00,W/m^2,3:41:14,28/6/17,Day of week:,Wednesday,20.00,Grade Celsius,
0,0.00,W/m^2,3:41:17,28/6/17,Day of week:,Wednesday,20.00,Grade Celsius,
0,0.00,W/m^2,3:41:20,28/6/17,Day of week:,Wednesday,20.00,Grade Celsius,
0,0.00,W/m^2,3:41:23,28/6/17,Day of week:,Wednesday,20.00,Grade Celsius,
0,0.00,W/m^2,3:41:26,28/6/17,Day of week:,Wednesday,20.00,Grade Celsius,
0,0.00,W/m^2,3:41:29,28/6/17,Day of week:,Wednesday,19.94,Grade Celsius,
0,0.00,W/m^2,3:41:33,28/6/17,Day of week:,Wednesday,20.00,Grade Celsius,
0,0.00,W/m^2,3:41:36,28/6/17,Day of week:,Wednesday,19.94,Grade Celsius,
0,0.00,W/m^2,3:41:39,28/6/17,Day of week:,Wednesday,19.94,Grade Celsius,
0,0.00,W/m^2,3:41:42,28/6/17,Day of week:,Wednesday,19.94,Grade Celsius,
0,0.00,W/m^2,3:41:45,28/6/17,Day of week:,Wednesday,19.94,Grade Celsius,
0,0.00,W/m^2,3:41:48,28/6/17,Day of week:,Wednesday,19.94,Grade Celsius,
0,0.00,W/m^2,3:41:51,28/6/17,Day of week:,Wednesday,19.94,Grade Celsius,
0,0.00,W/m^2,3:41:54,28/6/17,Day of week:,Wednesday,19.94,Grade Celsius,
0,0.00,W/m^2,3:41:57,28/6/17,Day of week:,Wednesday,19.94,Grade Celsius,
0,0.00,W/m^2,3:42:00,28/6/17,Day of week:,Wednesday,19.94,Grade Celsius,
0,0.00,W/m^2,3:42:03,28/6/17,Day of week:,Wednesday,19.94,Grade Celsius,
0,0.00,W/m^2,3:42:06,28/6/17,Day of week:,Wednesday,19.94,Grade Celsius,
0,0.00,W/m^2,3:42:09,28/6/17,Day of week:,Wednesday,19.94,Grade Celsius,
0,0.00,W/m^2,3:42:12,28/6/17,Day of week:,Wednesday,19.94,Grade Celsius,
0,0.00,W/m^2,3:42:15,28/6/17,Day of week:,Wednesday,19.94,Grade Celsius,
0,0.00,W/m^2,3:42:18,28/6/17,Day of week:,Wednesday,19.94,Grade Celsius,
0,0.00,W/m^2,3:42:21,28/6/17,Day of week:,Wednesday,19.94,Grade Celsius,
0,0.00,W/m^2,3:42:25,28/6/17,Day of week:,Wednesday,19.94,Grade Celsius,
0,0.00,W/m^2,3:42:28,28/6/17,Day of week:,Wednesday,19.94,Grade Celsius,
0,0.00,W/m^2,3:42:31,28/6/17,Day of week:,Wednesday,20.00,Grade Celsius,
0,0.00,W/m^2,3:42:34,28/6/17,Day of week:,Wednesday,19.94,Grade Celsius,
0,0.00,W/m^2,3:42:37,28/6/17,Day of week:,Wednesday,19.94,Grade Celsius,
0,0.00,W/m^2,3:42:40,28/6/17,Day of week:,Wednesday,19.94,Grade Celsius,
0,0.00,W/m^2,3:42:43,28/6/17,Day of week:,Wednesday,19.94,Grade Celsius,
0,0.00,W/m^2,3:42:46,28/6/17,Day of week:,Wednesday,19.94,Grade Celsius,
0,0.00,W/m^2,3:42:49,28/6/17,Day of week:,Wednesday,19.94,Grade Celsius,
0,0.00,W/m^2,3:42:52,28/6/17,Day of week:,Wednesday,19.94,Grade Celsius,
0,0.00,W/m^2,3:42:55,28/6/17,Day of week:,Wednesday,19.94,Grade Celsius,
0,0.00,W/m^2,3:42:58,28/6/17,Day of week:,Wednesday,19.94,Grade Celsius,
0,0.00,W/m^2,3:43:01,28/6/17,Day of week:,Wednesday,19.94,Grade Celsius,
0,0.00,W/m^2,3:43:04,28/6/17,Day of week:,Wednesday,19.94,Grade Celsius,
0,0.00,W/m^2,3:43:07,28/6/17,Day of week:,Wednesday,19.94,Grade Celsius,
0,0.00,W/m^2,3:43:10,28/6/17,Day of week:,Wednesday,19.94,Grade Celsius,
0,0.00,W/m^2,3:43:13,28/6/17,Day of week:,Wednesday,19.94,Grade Celsius,
0,0.00,W/m^2,3:43:17,28/6/17,Day of week:,Wednesday,19.94,Grade Celsius,
0,0.00,W/m^2,3:43:20,28/6/17,Day of week:,Wednesday,20.00,Grade Celsius,
0,0.00,W/m^2,3:43:23,28/6/17,Day of week:,Wednesday,20.00,Grade Celsius,
0,0.00,W/m^2,3:43:26,28/6/17,Day of week:,Wednesday,20.00,Grade Celsius,
0,0.00,W/m^2,3:43:29,28/6/17,Day of week:,Wednesday,20.00,Grade Celsius,
0,0.00,W/m^2,3:43:32,28/6/17,Day of week:,Wednesday,20.00,Grade Celsius,
0,0.00,W/m^2,3:43:35,28/6/17,Day of week:,Wednesday,20.00,Grade Celsius,
0,0.00,W/m^2,3:43:38,28/6/17,Day of week:,Wednesday,20.00,Grade Celsius,
0,0.00,W/m^2,3:43:41,28/6/17,Day of week:,Wednesday,20.00,Grade Celsius,
0,0.00,W/m^2,3:43:44,28/6/17,Day of week:,Wednesday,20.00,Grade Celsius,
0,0.00,W/m^2,3:43:47,28/6/17,Day of week:,Wednesday,20.00,Grade Celsius,
0,0.00,W/m^2,3:43:50,28/6/17,Day of week:,Wednesday,20.00,Grade Celsius,
0,0.00,W/m^2,3:43:53,28/6/17,Day of week:,Wednesday,20.00,Grade Celsius,
0,0.00,W/m^2,3:43:56,28/6/17,Day of week:,Wednesday,20.00,Grade Celsius,
0,0.00,W/m^2,3:43:59,28/6/17,Day of week:,Wednesday,19.94,Grade Celsius,
0,0.00,W/m^2,3:44:02,28/6/17,Day of week:,Wednesday,20.00,Grade Celsius,
0,0.00,W/m^2,3:44:05,28/6/17,Day of week:,Wednesday,20.00,Grade Celsius,
0,0.00,W/m^2,3:44:09,28/6/17,Day of week:,Wednesday,20.00,Grade Celsius,
0,0.00,W/m^2,3:44:12,28/6/17,Day of week:,Wednesday,20.00,Grade Celsius,
0,0.00,W/m^2,3:44:15,28/6/17,Day of week:,Wednesday,20.00,Grade Celsius,
0,0.00,W/m^2,3:44:18,28/6/17,Day of week:,Wednesday,20.00,Grade Celsius,
0,0.00,W/m^2,3:44:21,28/6/17,Day of week:,Wednesday,20.00,Grade Celsius,
0,0.00,W/m^2,3:44:24,28/6/17,Day of week:,Wednesday,20.00,Grade Celsius,
0,0.00,W/m^2,3:44:27,28/6/17,Day of week:,Wednesday,20.00,Grade Celsius,
0,0.00,W/m^2,3:44:30,28/6/17,Day of week:,Wednesday,20.00,Grade Celsius,
0,0.00,W/m^2,3:44:33,28/6/17,Day of week:,Wednesday,20.00,Grade Celsius,
0,0.00,W/m^2,3:44:36,28/6/17,Day of week:,Wednesday,20.00,Grade Celsius,
0,0.00,W/m^2,3:44:39,28/6/17,Day of week:,Wednesday,20.00,Grade Celsius,
0,0.00,W/m^2,3:44:42,28/6/17,Day of week:,Wednesday,20.00,Grade Celsius,
0,0.00,W/m^2,3:44:45,28/6/17,Day of week:,Wednesday,19.94,Grade Celsius,
0,0.00,W/m^2,3:44:48,28/6/17,Day of week:,Wednesday,19.94,Grade Celsius,
0,0.00,W/m^2,3:44:51,28/6/17,Day of week:,Wednesday,19.94,Grade Celsius,
0,0.00,W/m^2,3:44:54,28/6/17,Day of week:,Wednesday,19.94,Grade Celsius,
0,0.00,W/m^2,3:44:57,28/6/17,Day of week:,Wednesday,19.94,Grade Celsius,
0,0.00,W/m^2,3:45:01,28/6/17,Day of week:,Wednesday,19.94,Grade Celsius,
0,0.00,W/m^2,3:45:04,28/6/17,Day of week:,Wednesday,19.94,Grade Celsius,
0,0.00,W/m^2,3:45:07,28/6/17,Day of week:,Wednesday,19.94,Grade Celsius,
0,0.00,W/m^2,3:45:10,28/6/17,Day of week:,Wednesday,19.94,Grade Celsius,
0,0.00,W/m^2,3:45:13,28/6/17,Day of week:,Wednesday,19.94,Grade Celsius,
0,0.00,W/m^2,3:45:16,28/6/17,Day of week:,Wednesday,19.94,Grade Celsius,
0,0.00,W/m^2,3:45:19,28/6/17,Day of week:,Wednesday,19.94,Grade Celsius,
0,0.00,W/m^2,3:45:22,28/6/17,Day of week:,Wednesday,19.94,Grade Celsius,
0,0.00,W/m^2,3:45:25,28/6/17,Day of week:,Wednesday,19.94,Grade Celsius,
0,0.00,W/m^2,3:45:28,28/6/17,Day of week:,Wednesday,19.94,Grade Celsius,
0,0.00,W/m^2,3:45:31,28/6/17,Day of week:,Wednesday,19.94,Grade Celsius,
0,0.00,W/m^2,3:45:34,28/6/17,Day of week:,Wednesday,19.94,Grade Celsius,
0,0.00,W/m^2,3:45:37,28/6/17,Day of week:,Wednesday,19.94,Grade Celsius,
0,0.00,W/m^2,3:45:40,28/6/17,Day of week:,Wednesday,19.94,Grade Celsius,
0,0.00,W/m^2,3:45:43,28/6/17,Day of week:,Wednesday,19.94,Grade Celsius,
0,0.00,W/m^2,3:45:46,28/6/17,Day of week:,Wednesday,19.94,Grade Celsius,
0,0.00,W/m^2,3:45:49,28/6/17,Day of week:,Wednesday,19.94,Grade Celsius,
0,0.00,W/m^2,3:45:53,28/6/17,Day of week:,Wednesday,19.94,Grade Celsius,
0,0.00,W/m^2,3:45:56,28/6/17,Day of week:,Wednesday,19.94,Grade Celsius,
0,0.00,W/m^2,3:45:59,28/6/17,Day of week:,Wednesday,19.94,Grade Celsius,
0,0.00,W/m^2,3:46:02,28/6/17,Day of week:,Wednesday,19.94,Grade Celsius,
0,0.00,W/m^2,3:46:05,28/6/17,Day of week:,Wednesday,19.94,Grade Celsius,
0,0.00,W/m^2,3:46:08,28/6/17,Day of week:,Wednesday,19.94,Grade Celsius,
0,0.00,W/m^2,3:46:11,28/6/17,Day of week:,Wednesday,19.94,Grade Celsius,
0,0.00,W/m^2,3:46:14,28/6/17,Day of week:,Wednesday,19.94,Grade Celsius,
0,0.00,W/m^2,3:46:17,28/6/17,Day of week:,Wednesday,19.94,Grade Celsius,
0,0.00,W/m^2,3:46:20,28/6/17,Day of week:,Wednesday,19.94,Grade Celsius,
0,0.00,W/m^2,3:46:23,28/6/17,Day of week:,Wednesday,19.94,Grade Celsius,
0,0.00,W/m^2,3:46:26,28/6/17,Day of week:,Wednesday,19.94,Grade Celsius,
0,0.00,W/m^2,3:46:29,28/6/17,Day of week:,Wednesday,19.94,Grade Celsius,
0,0.00,W/m^2,3:46:32,28/6/17,Day of week:,Wednesday,19.94,Grade Celsius,
0,0.00,W/m^2,3:46:36,28/6/17,Day of week:,Wednesday,19.94,Grade Celsius,
0,0.00,W/m^2,3:46:39,28/6/17,Day of week:,Wednesday,19.94,Grade Celsius,
0,0.00,W/m^2,3:46:42,28/6/17,Day of week:,Wednesday,19.94,Grade Celsius,
0,0.00,W/m^2,3:46:45,28/6/17,Day of week:,Wednesday,19.94,Grade Celsius,
0,0.00,W/m^2,3:46:48,28/6/17,Day of week:,Wednesday,19.94,Grade Celsius,
0,0.00,W/m^2,3:46:51,28/6/17,Day of week:,Wednesday,19.94,Grade Celsius,
0,0.00,W/m^2,3:46:54,28/6/17,Day of week:,Wednesday,19.94,Grade Celsius,
0,0.00,W/m^2,3:46:57,28/6/17,Day of week:,Wednesday,19.94,Grade Celsius,
0,0.00,W/m^2,3:47:00,28/6/17,Day of week:,Wednesday,19.94,Grade Celsius,
0,0.00,W/m^2,3:47:03,28/6/17,Day of week:,Wednesday,19.94,Grade Celsius,
0,0.00,W/m^2,3:47:06,28/6/17,Day of week:,Wednesday,19.94,Grade Celsius,
0,0.00,W/m^2,3:47:09,28/6/17,Day of week:,Wednesday,19.94,Grade Celsius,
0,0.00,W/m^2,3:47:12,28/6/17,Day of week:,Wednesday,19.94,Grade Celsius,
0,0.00,W/m^2,3:47:15,28/6/17,Day of week:,Wednesday,19.94,Grade Celsius,
0,0.00,W/m^2,3:47:18,28/6/17,Day of week:,Wednesday,19.94,Grade Celsius,
0,0.00,W/m^2,3:47:21,28/6/17,Day of week:,Wednesday,19.94,Grade Celsius,
0,0.00,W/m^2,3:47:24,28/6/17,Day of week:,Wednesday,19.94,Grade Celsius,
0,0.00,W/m^2,3:47:28,28/6/17,Day of week:,Wednesday,19.94,Grade Celsius,
0,0.00,W/m^2,3:47:31,28/6/17,Day of week:,Wednesday,19.94,Grade Celsius,
0,0.00,W/m^2,3:47:34,28/6/17,Day of week:,Wednesday,19.87,Grade Celsius,
0,0.00,W/m^2,3:47:37,28/6/17,Day of week:,Wednesday,19.94,Grade Celsius,
0,0.00,W/m^2,3:47:40,28/6/17,Day of week:,Wednesday,19.94,Grade Celsius,
0,0.00,W/m^2,3:47:43,28/6/17,Day of week:,Wednesday,19.94,Grade Celsius,
0,0.00,W/m^2,3:47:46,28/6/17,Day of week:,Wednesday,19.94,Grade Celsius,
0,0.00,W/m^2,3:47:49,28/6/17,Day of week:,Wednesday,19.94,Grade Celsius,
0,0.00,W/m^2,3:47:52,28/6/17,Day of week:,Wednesday,19.94,Grade Celsius,
0,0.00,W/m^2,3:47:55,28/6/17,Day of week:,Wednesday,19.94,Grade Celsius,
0,0.00,W/m^2,3:47:58,28/6/17,Day of week:,Wednesday,19.94,Grade Celsius,
0,0.00,W/m^2,3:48:01,28/6/17,Day of week:,Wednesday,19.94,Grade Celsius,
0,0.00,W/m^2,3:48:04,28/6/17,Day of week:,Wednesday,19.94,Grade Celsius,
0,0.00,W/m^2,3:48:07,28/6/17,Day of week:,Wednesday,19.94,Grade Celsius,
0,0.00,W/m^2,3:48:10,28/6/17,Day of week:,Wednesday,19.94,Grade Celsius,
0,0.00,W/m^2,3:48:13,28/6/17,Day of week:,Wednesday,19.94,Grade Celsius,
0,0.00,W/m^2,3:48:16,28/6/17,Day of week:,Wednesday,19.94,Grade Celsius,
0,0.00,W/m^2,3:48:20,28/6/17,Day of week:,Wednesday,19.87,Grade Celsius,
0,0.00,W/m^2,3:48:23,28/6/17,Day of week:,Wednesday,19.87,Grade Celsius,
0,0.00,W/m^2,3:48:26,28/6/17,Day of week:,Wednesday,19.87,Grade Celsius,
0,0.00,W/m^2,3:48:29,28/6/17,Day of week:,Wednesday,19.87,Grade Celsius,
0,0.00,W/m^2,3:48:32,28/6/17,Day of week:,Wednesday,19.87,Grade Celsius,
0,0.00,W/m^2,3:48:35,28/6/17,Day of week:,Wednesday,19.87,Grade Celsius,
0,0.00,W/m^2,3:48:38,28/6/17,Day of week:,Wednesday,19.87,Grade Celsius,
0,0.00,W/m^2,3:48:41,28/6/17,Day of week:,Wednesday,19.87,Grade Celsius,
0,0.00,W/m^2,3:48:44,28/6/17,Day of week:,Wednesday,19.87,Grade Celsius,
0,0.00,W/m^2,3:48:47,28/6/17,Day of week:,Wednesday,19.87,Grade Celsius,
0,0.00,W/m^2,3:48:50,28/6/17,Day of week:,Wednesday,19.87,Grade Celsius,
0,0.00,W/m^2,3:48:53,28/6/17,Day of week:,Wednesday,19.87,Grade Celsius,
0,0.00,W/m^2,3:48:56,28/6/17,Day of week:,Wednesday,19.87,Grade Celsius,
0,0.00,W/m^2,3:48:59,28/6/17,Day of week:,Wednesday,19.87,Grade Celsius,
0,0.00,W/m^2,3:49:02,28/6/17,Day of week:,Wednesday,19.87,Grade Celsius,
0,0.00,W/m^2,3:49:05,28/6/17,Day of week:,Wednesday,19.87,Grade Celsius,
0,0.00,W/m^2,3:49:08,28/6/17,Day of week:,Wednesday,19.87,Grade Celsius,
0,0.00,W/m^2,3:49:12,28/6/17,Day of week:,Wednesday,19.87,Grade Celsius,
0,0.00,W/m^2,3:49:15,28/6/17,Day of week:,Wednesday,19.87,Grade Celsius,
0,0.00,W/m^2,3:49:18,28/6/17,Day of week:,Wednesday,19.87,Grade Celsius,
0,0.00,W/m^2,3:49:21,28/6/17,Day of week:,Wednesday,19.87,Grade Celsius,
0,0.00,W/m^2,3:49:24,28/6/17,Day of week:,Wednesday,19.87,Grade Celsius,
0,0.00,W/m^2,3:49:27,28/6/17,Day of week:,Wednesday,19.87,Grade Celsius,
0,0.00,W/m^2,3:49:30,28/6/17,Day of week:,Wednesday,19.87,Grade Celsius,
0,0.00,W/m^2,3:49:33,28/6/17,Day of week:,Wednesday,19.87,Grade Celsius,
0,0.00,W/m^2,3:49:36,28/6/17,Day of week:,Wednesday,19.87,Grade Celsius,
0,0.00,W/m^2,3:49:39,28/6/17,Day of week:,Wednesday,19.87,Grade Celsius,
0,0.00,W/m^2,3:49:42,28/6/17,Day of week:,Wednesday,19.87,Grade Celsius,
0,0.00,W/m^2,3:49:45,28/6/17,Day of week:,Wednesday,19.87,Grade Celsius,
0,0.00,W/m^2,3:49:48,28/6/17,Day of week:,Wednesday,19.94,Grade Celsius,
0,0.00,W/m^2,3:49:51,28/6/17,Day of week:,Wednesday,19.87,Grade Celsius,
0,0.00,W/m^2,3:49:54,28/6/17,Day of week:,Wednesday,19.87,Grade Celsius,
0,0.00,W/m^2,3:49:57,28/6/17,Day of week:,Wednesday,19.94,Grade Celsius,
0,0.00,W/m^2,3:50:00,28/6/17,Day of week:,Wednesday,19.94,Grade Celsius,
0,0.00,W/m^2,3:50:04,28/6/17,Day of week:,Wednesday,19.87,Grade Celsius,
0,0.00,W/m^2,3:50:07,28/6/17,Day of week:,Wednesday,19.87,Grade Celsius,
0,0.00,W/m^2,3:50:10,28/6/17,Day of week:,Wednesday,19.87,Grade Celsius,
0,0.00,W/m^2,3:50:13,28/6/17,Day of week:,Wednesday,19.94,Grade Celsius,
0,0.00,W/m^2,3:50:16,28/6/17,Day of week:,Wednesday,19.94,Grade Celsius,
0,0.00,W/m^2,3:50:19,28/6/17,Day of week:,Wednesday,19.87,Grade Celsius,
0,0.00,W/m^2,3:50:22,28/6/17,Day of week:,Wednesday,19.87,Grade Celsius,
0,0.00,W/m^2,3:50:25,28/6/17,Day of week:,Wednesday,19.87,Grade Celsius,
0,0.00,W/m^2,3:50:28,28/6/17,Day of week:,Wednesday,19.87,Grade Celsius,
0,0.00,W/m^2,3:50:31,28/6/17,Day of week:,Wednesday,19.87,Grade Celsius,
0,0.00,W/m^2,3:50:34,28/6/17,Day of week:,Wednesday,19.87,Grade Celsius,
0,0.00,W/m^2,3:50:37,28/6/17,Day of week:,Wednesday,19.87,Grade Celsius,
0,0.00,W/m^2,3:50:40,28/6/17,Day of week:,Wednesday,19.94,Grade Celsius,
0,0.00,W/m^2,3:50:43,28/6/17,Day of week:,Wednesday,19.94,Grade Celsius,
0,0.00,W/m^2,3:50:46,28/6/17,Day of week:,Wednesday,19.94,Grade Celsius,
0,0.00,W/m^2,3:50:49,28/6/17,Day of week:,Wednesday,19.94,Grade Celsius,
0,0.00,W/m^2,3:50:52,28/6/17,Day of week:,Wednesday,19.87,Grade Celsius,
0,0.00,W/m^2,3:50:56,28/6/17,Day of week:,Wednesday,19.94,Grade Celsius,
0,0.00,W/m^2,3:50:59,28/6/17,Day of week:,Wednesday,19.94,Grade Celsius,
0,0.00,W/m^2,3:51:02,28/6/17,Day of week:,Wednesday,19.94,Grade Celsius,
0,0.00,W/m^2,3:51:05,28/6/17,Day of week:,Wednesday,19.87,Grade Celsius,
0,0.00,W/m^2,3:51:08,28/6/17,Day of week:,Wednesday,19.87,Grade Celsius,
0,0.00,W/m^2,3:51:11,28/6/17,Day of week:,Wednesday,19.87,Grade Celsius,
0,0.00,W/m^2,3:51:14,28/6/17,Day of week:,Wednesday,19.87,Grade Celsius,
0,0.00,W/m^2,3:51:17,28/6/17,Day of week:,Wednesday,19.87,Grade Celsius,
0,0.00,W/m^2,3:51:20,28/6/17,Day of week:,Wednesday,19.87,Grade Celsius,
0,0.00,W/m^2,3:51:23,28/6/17,Day of week:,Wednesday,19.87,Grade Celsius,
0,0.00,W/m^2,3:51:26,28/6/17,Day of week:,Wednesday,19.87,Grade Celsius,
0,0.00,W/m^2,3:51:29,28/6/17,Day of week:,Wednesday,19.87,Grade Celsius,
0,0.00,W/m^2,3:51:32,28/6/17,Day of week:,Wednesday,19.87,Grade Celsius,
0,0.00,W/m^2,3:51:36,28/6/17,Day of week:,Wednesday,19.87,Grade Celsius,
0,0.00,W/m^2,3:51:39,28/6/17,Day of week:,Wednesday,19.87,Grade Celsius,
0,0.00,W/m^2,3:51:42,28/6/17,Day of week:,Wednesday,19.87,Grade Celsius,
0,0.00,W/m^2,3:51:45,28/6/17,Day of week:,Wednesday,19.87,Grade Celsius,
0,0.00,W/m^2,3:51:48,28/6/17,Day of week:,Wednesday,19.87,Grade Celsius,
0,0.00,W/m^2,3:51:51,28/6/17,Day of week:,Wednesday,19.87,Grade Celsius,
0,0.00,W/m^2,3:51:54,28/6/17,Day of week:,Wednesday,19.87,Grade Celsius,
0,0.00,W/m^2,3:51:57,28/6/17,Day of week:,Wednesday,19.87,Grade Celsius,
0,0.00,W/m^2,3:52:00,28/6/17,Day of week:,Wednesday,19.87,Grade Celsius,
0,0.00,W/m^2,3:52:03,28/6/17,Day of week:,Wednesday,19.87,Grade Celsius,
0,0.00,W/m^2,3:52:06,28/6/17,Day of week:,Wednesday,19.87,Grade Celsius,
0,0.00,W/m^2,3:52:09,28/6/17,Day of week:,Wednesday,19.87,Grade Celsius,
0,0.00,W/m^2,3:52:12,28/6/17,Day of week:,Wednesday,19.87,Grade Celsius,
0,0.00,W/m^2,3:52:15,28/6/17,Day of week:,Wednesday,19.87,Grade Celsius,
0,0.00,W/m^2,3:52:18,28/6/17,Day of week:,Wednesday,19.87,Grade Celsius,
0,0.00,W/m^2,3:52:21,28/6/17,Day of week:,Wednesday,19.87,Grade Celsius,
0,0.00,W/m^2,3:52:24,28/6/17,Day of week:,Wednesday,19.87,Grade Celsius,
0,0.00,W/m^2,3:52:28,28/6/17,Day of week:,Wednesday,19.87,Grade Celsius,
0,0.00,W/m^2,3:52:31,28/6/17,Day of week:,Wednesday,19.87,Grade Celsius,
0,0.00,W/m^2,3:52:34,28/6/17,Day of week:,Wednesday,19.87,Grade Celsius,
0,0.00,W/m^2,3:52:37,28/6/17,Day of week:,Wednesday,19.87,Grade Celsius,
0,0.00,W/m^2,3:52:40,28/6/17,Day of week:,Wednesday,19.87,Grade Celsius,
0,0.00,W/m^2,3:52:43,28/6/17,Day of week:,Wednesday,19.87,Grade Celsius,
0,0.00,W/m^2,3:52:46,28/6/17,Day of week:,Wednesday,19.87,Grade Celsius,
0,0.00,W/m^2,3:52:49,28/6/17,Day of week:,Wednesday,19.87,Grade Celsius,
0,0.00,W/m^2,3:52:52,28/6/17,Day of week:,Wednesday,19.87,Grade Celsius,
0,0.00,W/m^2,3:52:55,28/6/17,Day of week:,Wednesday,19.87,Grade Celsius,
0,0.00,W/m^2,3:52:58,28/6/17,Day of week:,Wednesday,19.87,Grade Celsius,
0,0.00,W/m^2,3:53:01,28/6/17,Day of week:,Wednesday,19.87,Grade Celsius,
0,0.00,W/m^2,3:53:04,28/6/17,Day of week:,Wednesday,19.87,Grade Celsius,
0,0.00,W/m^2,3:53:07,28/6/17,Day of week:,Wednesday,19.87,Grade Celsius,
0,0.00,W/m^2,3:53:10,28/6/17,Day of week:,Wednesday,19.87,Grade Celsius,
0,0.00,W/m^2,3:53:13,28/6/17,Day of week:,Wednesday,19.87,Grade Celsius,
0,0.00,W/m^2,3:53:16,28/6/17,Day of week:,Wednesday,19.87,Grade Celsius,
0,0.00,W/m^2,3:53:20,28/6/17,Day of week:,Wednesday,19.81,Grade Celsius,
0,0.00,W/m^2,3:53:23,28/6/17,Day of week:,Wednesday,19.87,Grade Celsius,
0,0.00,W/m^2,3:53:26,28/6/17,Day of week:,Wednesday,19.81,Grade Celsius,
0,0.00,W/m^2,3:53:29,28/6/17,Day of week:,Wednesday,19.81,Grade Celsius,
0,0.00,W/m^2,3:53:32,28/6/17,Day of week:,Wednesday,19.87,Grade Celsius,
0,0.00,W/m^2,3:53:35,28/6/17,Day of week:,Wednesday,19.87,Grade Celsius,
0,0.00,W/m^2,3:53:38,28/6/17,Day of week:,Wednesday,19.87,Grade Celsius,
0,0.00,W/m^2,3:53:41,28/6/17,Day of week:,Wednesday,19.87,Grade Celsius,
0,0.00,W/m^2,3:53:44,28/6/17,Day of week:,Wednesday,19.87,Grade Celsius,
0,0.00,W/m^2,3:53:47,28/6/17,Day of week:,Wednesday,19.87,Grade Celsius,
0,0.00,W/m^2,3:53:50,28/6/17,Day of week:,Wednesday,19.87,Grade Celsius,
0,0.00,W/m^2,3:53:53,28/6/17,Day of week:,Wednesday,19.87,Grade Celsius,
0,0.00,W/m^2,3:53:56,28/6/17,Day of week:,Wednesday,19.87,Grade Celsius,
0,0.00,W/m^2,3:53:59,28/6/17,Day of week:,Wednesday,19.81,Grade Celsius,
0,0.00,W/m^2,3:54:02,28/6/17,Day of week:,Wednesday,19.81,Grade Celsius,
0,0.00,W/m^2,3:54:05,28/6/17,Day of week:,Wednesday,19.81,Grade Celsius,
0,0.00,W/m^2,3:54:08,28/6/17,Day of week:,Wednesday,19.81,Grade Celsius,
0,0.00,W/m^2,3:54:12,28/6/17,Day of week:,Wednesday,19.87,Grade Celsius,
0,0.00,W/m^2,3:54:15,28/6/17,Day of week:,Wednesday,19.81,Grade Celsius,
0,0.00,W/m^2,3:54:18,28/6/17,Day of week:,Wednesday,19.81,Grade Celsius,
0,0.00,W/m^2,3:54:21,28/6/17,Day of week:,Wednesday,19.81,Grade Celsius,
0,0.00,W/m^2,3:54:24,28/6/17,Day of week:,Wednesday,19.81,Grade Celsius,
0,0.00,W/m^2,3:54:27,28/6/17,Day of week:,Wednesday,19.81,Grade Celsius,
0,0.00,W/m^2,3:54:30,28/6/17,Day of week:,Wednesday,19.87,Grade Celsius,
0,0.00,W/m^2,3:54:33,28/6/17,Day of week:,Wednesday,19.87,Grade Celsius,
0,0.00,W/m^2,3:54:36,28/6/17,Day of week:,Wednesday,19.87,Grade Celsius,
0,0.00,W/m^2,3:54:39,28/6/17,Day of week:,Wednesday,19.81,Grade Celsius,
0,0.00,W/m^2,3:54:42,28/6/17,Day of week:,Wednesday,19.87,Grade Celsius,
0,0.00,W/m^2,3:54:45,28/6/17,Day of week:,Wednesday,19.87,Grade Celsius,
0,0.00,W/m^2,3:54:48,28/6/17,Day of week:,Wednesday,19.87,Grade Celsius,
0,0.00,W/m^2,3:54:51,28/6/17,Day of week:,Wednesday,19.87,Grade Celsius,
0,0.00,W/m^2,3:54:54,28/6/17,Day of week:,Wednesday,19.87,Grade Celsius,
0,0.00,W/m^2,3:54:57,28/6/17,Day of week:,Wednesday,19.87,Grade Celsius,
0,0.00,W/m^2,3:55:00,28/6/17,Day of week:,Wednesday,19.94,Grade Celsius,
0,0.00,W/m^2,3:55:04,28/6/17,Day of week:,Wednesday,19.94,Grade Celsius,
0,0.00,W/m^2,3:55:07,28/6/17,Day of week:,Wednesday,19.87,Grade Celsius,
0,0.00,W/m^2,3:55:10,28/6/17,Day of week:,Wednesday,19.87,Grade Celsius,
0,0.00,W/m^2,3:55:13,28/6/17,Day of week:,Wednesday,19.87,Grade Celsius,
0,0.00,W/m^2,3:55:16,28/6/17,Day of week:,Wednesday,19.87,Grade Celsius,
0,0.00,W/m^2,3:55:19,28/6/17,Day of week:,Wednesday,19.87,Grade Celsius,
0,0.00,W/m^2,3:55:22,28/6/17,Day of week:,Wednesday,19.87,Grade Celsius,
0,0.00,W/m^2,3:55:25,28/6/17,Day of week:,Wednesday,19.87,Grade Celsius,
0,0.00,W/m^2,3:55:28,28/6/17,Day of week:,Wednesday,19.87,Grade Celsius,
0,0.00,W/m^2,3:55:31,28/6/17,Day of week:,Wednesday,19.87,Grade Celsius,
0,0.00,W/m^2,3:55:34,28/6/17,Day of week:,Wednesday,19.87,Grade Celsius,
0,0.00,W/m^2,3:55:37,28/6/17,Day of week:,Wednesday,19.87,Grade Celsius,
0,0.00,W/m^2,3:55:40,28/6/17,Day of week:,Wednesday,19.94,Grade Celsius,
0,0.00,W/m^2,3:55:43,28/6/17,Day of week:,Wednesday,19.94,Grade Celsius,
0,0.00,W/m^2,3:55:46,28/6/17,Day of week:,Wednesday,19.94,Grade Celsius,
0,0.00,W/m^2,3:55:49,28/6/17,Day of week:,Wednesday,19.94,Grade Celsius,
0,0.00,W/m^2,3:55:52,28/6/17,Day of week:,Wednesday,19.94,Grade Celsius,
0,0.00,W/m^2,3:55:56,28/6/17,Day of week:,Wednesday,19.94,Grade Celsius,
0,0.00,W/m^2,3:55:59,28/6/17,Day of week:,Wednesday,19.94,Grade Celsius,
0,0.00,W/m^2,3:56:02,28/6/17,Day of week:,Wednesday,19.94,Grade Celsius,
0,0.00,W/m^2,3:56:05,28/6/17,Day of week:,Wednesday,19.94,Grade Celsius,
0,0.00,W/m^2,3:56:08,28/6/17,Day of week:,Wednesday,19.94,Grade Celsius,
0,0.00,W/m^2,3:56:11,28/6/17,Day of week:,Wednesday,19.94,Grade Celsius,
0,0.00,W/m^2,3:56:14,28/6/17,Day of week:,Wednesday,19.87,Grade Celsius,
0,0.00,W/m^2,3:56:17,28/6/17,Day of week:,Wednesday,19.87,Grade Celsius,
0,0.00,W/m^2,3:56:20,28/6/17,Day of week:,Wednesday,19.94,Grade Celsius,
0,0.00,W/m^2,3:56:23,28/6/17,Day of week:,Wednesday,19.87,Grade Celsius,
0,0.00,W/m^2,3:56:26,28/6/17,Day of week:,Wednesday,19.87,Grade Celsius,
0,0.00,W/m^2,3:56:29,28/6/17,Day of week:,Wednesday,19.94,Grade Celsius,
0,0.00,W/m^2,3:56:32,28/6/17,Day of week:,Wednesday,19.94,Grade Celsius,
0,0.00,W/m^2,3:56:35,28/6/17,Day of week:,Wednesday,19.94,Grade Celsius,
0,0.00,W/m^2,3:56:38,28/6/17,Day of week:,Wednesday,19.94,Grade Celsius,
0,0.00,W/m^2,3:56:41,28/6/17,Day of week:,Wednesday,19.94,Grade Celsius,
0,0.00,W/m^2,3:56:45,28/6/17,Day of week:,Wednesday,19.94,Grade Celsius,
0,0.00,W/m^2,3:56:48,28/6/17,Day of week:,Wednesday,19.94,Grade Celsius,
0,0.00,W/m^2,3:56:51,28/6/17,Day of week:,Wednesday,19.94,Grade Celsius,
0,0.00,W/m^2,3:56:54,28/6/17,Day of week:,Wednesday,19.94,Grade Celsius,
0,0.00,W/m^2,3:56:57,28/6/17,Day of week:,Wednesday,19.94,Grade Celsius,
0,0.00,W/m^2,3:57:00,28/6/17,Day of week:,Wednesday,19.94,Grade Celsius,
0,0.00,W/m^2,3:57:03,28/6/17,Day of week:,Wednesday,19.94,Grade Celsius,
0,0.00,W/m^2,3:57:06,28/6/17,Day of week:,Wednesday,19.87,Grade Celsius,
0,0.00,W/m^2,3:57:09,28/6/17,Day of week:,Wednesday,19.94,Grade Celsius,
0,0.00,W/m^2,3:57:12,28/6/17,Day of week:,Wednesday,19.94,Grade Celsius,
0,0.00,W/m^2,3:57:15,28/6/17,Day of week:,Wednesday,19.87,Grade Celsius,
0,0.00,W/m^2,3:57:18,28/6/17,Day of week:,Wednesday,19.87,Grade Celsius,
0,0.00,W/m^2,3:57:21,28/6/17,Day of week:,Wednesday,19.87,Grade Celsius,
0,0.00,W/m^2,3:57:24,28/6/17,Day of week:,Wednesday,19.87,Grade Celsius,
0,0.00,W/m^2,3:57:27,28/6/17,Day of week:,Wednesday,19.87,Grade Celsius,
0,0.00,W/m^2,3:57:30,28/6/17,Day of week:,Wednesday,19.87,Grade Celsius,
0,0.00,W/m^2,3:57:34,28/6/17,Day of week:,Wednesday,19.87,Grade Celsius,
0,0.00,W/m^2,3:57:37,28/6/17,Day of week:,Wednesday,19.87,Grade Celsius,
0,0.00,W/m^2,3:57:40,28/6/17,Day of week:,Wednesday,19.87,Grade Celsius,
0,0.00,W/m^2,3:57:43,28/6/17,Day of week:,Wednesday,19.87,Grade Celsius,
0,0.00,W/m^2,3:57:46,28/6/17,Day of week:,Wednesday,19.94,Grade Celsius,
0,0.00,W/m^2,3:57:49,28/6/17,Day of week:,Wednesday,19.94,Grade Celsius,
0,0.00,W/m^2,3:57:52,28/6/17,Day of week:,Wednesday,19.87,Grade Celsius,
0,0.00,W/m^2,3:57:55,28/6/17,Day of week:,Wednesday,19.87,Grade Celsius,
0,0.00,W/m^2,3:57:58,28/6/17,Day of week:,Wednesday,19.87,Grade Celsius,
0,0.00,W/m^2,3:58:01,28/6/17,Day of week:,Wednesday,19.87,Grade Celsius,
0,0.00,W/m^2,3:58:04,28/6/17,Day of week:,Wednesday,19.87,Grade Celsius,
0,0.00,W/m^2,3:58:07,28/6/17,Day of week:,Wednesday,19.87,Grade Celsius,
0,0.00,W/m^2,3:58:10,28/6/17,Day of week:,Wednesday,19.87,Grade Celsius,
0,0.00,W/m^2,3:58:13,28/6/17,Day of week:,Wednesday,19.87,Grade Celsius,
0,0.00,W/m^2,3:58:16,28/6/17,Day of week:,Wednesday,19.87,Grade Celsius,
0,0.00,W/m^2,3:58:19,28/6/17,Day of week:,Wednesday,19.87,Grade Celsius,
0,0.00,W/m^2,3:58:22,28/6/17,Day of week:,Wednesday,19.87,Grade Celsius,
0,0.00,W/m^2,3:58:26,28/6/17,Day of week:,Wednesday,19.87,Grade Celsius,
0,0.00,W/m^2,3:58:29,28/6/17,Day of week:,Wednesday,19.81,Grade Celsius,
0,0.00,W/m^2,3:58:32,28/6/17,Day of week:,Wednesday,19.81,Grade Celsius,
0,0.00,W/m^2,3:58:35,28/6/17,Day of week:,Wednesday,19.81,Grade Celsius,
0,0.00,W/m^2,3:58:38,28/6/17,Day of week:,Wednesday,19.81,Grade Celsius,
0,0.00,W/m^2,3:58:41,28/6/17,Day of week:,Wednesday,19.81,Grade Celsius,
0,0.00,W/m^2,3:58:44,28/6/17,Day of week:,Wednesday,19.81,Grade Celsius,
0,0.00,W/m^2,3:58:47,28/6/17,Day of week:,Wednesday,19.81,Grade Celsius,
0,0.00,W/m^2,3:58:50,28/6/17,Day of week:,Wednesday,19.81,Grade Celsius,
0,0.00,W/m^2,3:58:53,28/6/17,Day of week:,Wednesday,19.81,Grade Celsius,
0,0.00,W/m^2,3:58:56,28/6/17,Day of week:,Wednesday,19.81,Grade Celsius,
0,0.00,W/m^2,3:58:59,28/6/17,Day of week:,Wednesday,19.81,Grade Celsius,
0,0.00,W/m^2,3:59:02,28/6/17,Day of week:,Wednesday,19.81,Grade Celsius,
0,0.00,W/m^2,3:59:05,28/6/17,Day of week:,Wednesday,19.81,Grade Celsius,
0,0.00,W/m^2,3:59:08,28/6/17,Day of week:,Wednesday,19.81,Grade Celsius,
0,0.00,W/m^2,3:59:11,28/6/17,Day of week:,Wednesday,19.81,Grade Celsius,
0,0.00,W/m^2,3:59:14,28/6/17,Day of week:,Wednesday,19.81,Grade Celsius,
0,0.00,W/m^2,3:59:18,28/6/17,Day of week:,Wednesday,19.81,Grade Celsius,
0,0.00,W/m^2,3:59:21,28/6/17,Day of week:,Wednesday,19.81,Grade Celsius,
0,0.00,W/m^2,3:59:24,28/6/17,Day of week:,Wednesday,19.81,Grade Celsius,
0,0.00,W/m^2,3:59:27,28/6/17,Day of week:,Wednesday,19.81,Grade Celsius,
0,0.00,W/m^2,3:59:30,28/6/17,Day of week:,Wednesday,19.81,Grade Celsius,
0,0.00,W/m^2,3:59:33,28/6/17,Day of week:,Wednesday,19.81,Grade Celsius,
0,0.00,W/m^2,3:59:36,28/6/17,Day of week:,Wednesday,19.81,Grade Celsius,
0,0.00,W/m^2,3:59:39,28/6/17,Day of week:,Wednesday,19.81,Grade Celsius,
0,0.00,W/m^2,3:59:42,28/6/17,Day of week:,Wednesday,19.81,Grade Celsius,
0,0.00,W/m^2,3:59:45,28/6/17,Day of week:,Wednesday,19.87,Grade Celsius,
0,0.00,W/m^2,3:59:48,28/6/17,Day of week:,Wednesday,19.81,Grade Celsius,
0,0.00,W/m^2,3:59:51,28/6/17,Day of week:,Wednesday,19.81,Grade Celsius,
0,0.00,W/m^2,3:59:54,28/6/17,Day of week:,Wednesday,19.87,Grade Celsius,
0,0.00,W/m^2,3:59:57,28/6/17,Day of week:,Wednesday,19.81,Grade Celsius,
0,0.00,W/m^2,4:00:00,28/6/17,Day of week:,Wednesday,19.81,Grade Celsius,
0,0.00,W/m^2,4:00:03,28/6/17,Day of week:,Wednesday,19.81,Grade Celsius,
0,0.00,W/m^2,4:00:06,28/6/17,Day of week:,Wednesday,19.81,Grade Celsius,
0,0.00,W/m^2,4:00:10,28/6/17,Day of week:,Wednesday,19.81,Grade Celsius,
0,0.00,W/m^2,4:00:13,28/6/17,Day of week:,Wednesday,19.81,Grade Celsius,
0,0.00,W/m^2,4:00:16,28/6/17,Day of week:,Wednesday,19.81,Grade Celsius,
0,0.00,W/m^2,4:00:19,28/6/17,Day of week:,Wednesday,19.81,Grade Celsius,
0,0.00,W/m^2,4:00:22,28/6/17,Day of week:,Wednesday,19.87,Grade Celsius,
0,0.00,W/m^2,4:00:25,28/6/17,Day of week:,Wednesday,19.87,Grade Celsius,
0,0.00,W/m^2,4:00:28,28/6/17,Day of week:,Wednesday,19.87,Grade Celsius,
0,0.00,W/m^2,4:00:31,28/6/17,Day of week:,Wednesday,19.81,Grade Celsius,
0,0.00,W/m^2,4:00:34,28/6/17,Day of week:,Wednesday,19.87,Grade Celsius,
0,0.00,W/m^2,4:00:37,28/6/17,Day of week:,Wednesday,19.81,Grade Celsius,
0,0.00,W/m^2,4:00:40,28/6/17,Day of week:,Wednesday,19.87,Grade Celsius,
0,0.00,W/m^2,4:00:43,28/6/17,Day of week:,Wednesday,19.87,Grade Celsius,
0,0.00,W/m^2,4:00:46,28/6/17,Day of week:,Wednesday,19.87,Grade Celsius,
0,0.00,W/m^2,4:00:49,28/6/17,Day of week:,Wednesday,19.87,Grade Celsius,
0,0.00,W/m^2,4:00:52,28/6/17,Day of week:,Wednesday,19.87,Grade Celsius,
0,0.00,W/m^2,4:00:55,28/6/17,Day of week:,Wednesday,19.81,Grade Celsius,
0,0.00,W/m^2,4:00:59,28/6/17,Day of week:,Wednesday,19.81,Grade Celsius,
0,0.00,W/m^2,4:01:02,28/6/17,Day of week:,Wednesday,19.81,Grade Celsius,
0,0.00,W/m^2,4:01:05,28/6/17,Day of week:,Wednesday,19.81,Grade Celsius,
0,0.00,W/m^2,4:01:08,28/6/17,Day of week:,Wednesday,19.81,Grade Celsius,
0,0.00,W/m^2,4:01:11,28/6/17,Day of week:,Wednesday,19.81,Grade Celsius,
0,0.00,W/m^2,4:01:14,28/6/17,Day of week:,Wednesday,19.81,Grade Celsius,
0,0.00,W/m^2,4:01:17,28/6/17,Day of week:,Wednesday,19.81,Grade Celsius,
0,0.00,W/m^2,4:01:20,28/6/17,Day of week:,Wednesday,19.81,Grade Celsius,
0,0.00,W/m^2,4:01:23,28/6/17,Day of week:,Wednesday,19.81,Grade Celsius,
0,0.00,W/m^2,4:01:26,28/6/17,Day of week:,Wednesday,19.81,Grade Celsius,
0,0.00,W/m^2,4:01:29,28/6/17,Day of week:,Wednesday,19.81,Grade Celsius,
0,0.00,W/m^2,4:01:32,28/6/17,Day of week:,Wednesday,19.81,Grade Celsius,
0,0.00,W/m^2,4:01:35,28/6/17,Day of week:,Wednesday,19.81,Grade Celsius,
0,0.00,W/m^2,4:01:38,28/6/17,Day of week:,Wednesday,19.81,Grade Celsius,
0,0.00,W/m^2,4:01:41,28/6/17,Day of week:,Wednesday,19.81,Grade Celsius,
0,0.00,W/m^2,4:01:44,28/6/17,Day of week:,Wednesday,19.81,Grade Celsius,
0,0.00,W/m^2,4:01:47,28/6/17,Day of week:,Wednesday,19.81,Grade Celsius,
0,0.00,W/m^2,4:01:51,28/6/17,Day of week:,Wednesday,19.75,Grade Celsius,
0,0.00,W/m^2,4:01:54,28/6/17,Day of week:,Wednesday,19.75,Grade Celsius,
0,0.00,W/m^2,4:01:57,28/6/17,Day of week:,Wednesday,19.75,Grade Celsius,
0,0.00,W/m^2,4:02:00,28/6/17,Day of week:,Wednesday,19.75,Grade Celsius,
0,0.00,W/m^2,4:02:03,28/6/17,Day of week:,Wednesday,19.75,Grade Celsius,
0,0.00,W/m^2,4:02:06,28/6/17,Day of week:,Wednesday,19.75,Grade Celsius,
0,0.00,W/m^2,4:02:09,28/6/17,Day of week:,Wednesday,19.75,Grade Celsius,
0,0.00,W/m^2,4:02:12,28/6/17,Day of week:,Wednesday,19.75,Grade Celsius,
0,0.00,W/m^2,4:02:15,28/6/17,Day of week:,Wednesday,19.75,Grade Celsius,
0,0.00,W/m^2,4:02:18,28/6/17,Day of week:,Wednesday,19.75,Grade Celsius,
0,0.00,W/m^2,4:02:21,28/6/17,Day of week:,Wednesday,19.75,Grade Celsius,
0,0.00,W/m^2,4:02:24,28/6/17,Day of week:,Wednesday,19.75,Grade Celsius,
0,0.00,W/m^2,4:02:27,28/6/17,Day of week:,Wednesday,19.75,Grade Celsius,
0,0.00,W/m^2,4:02:30,28/6/17,Day of week:,Wednesday,19.75,Grade Celsius,
0,0.00,W/m^2,4:02:33,28/6/17,Day of week:,Wednesday,19.75,Grade Celsius,
0,0.00,W/m^2,4:02:36,28/6/17,Day of week:,Wednesday,19.75,Grade Celsius,
0,0.00,W/m^2,4:02:39,28/6/17,Day of week:,Wednesday,19.75,Grade Celsius,
0,0.00,W/m^2,4:02:43,28/6/17,Day of week:,Wednesday,19.75,Grade Celsius,
0,0.00,W/m^2,4:02:46,28/6/17,Day of week:,Wednesday,19.75,Grade Celsius,
0,0.00,W/m^2,4:02:49,28/6/17,Day of week:,Wednesday,19.75,Grade Celsius,
0,0.00,W/m^2,4:02:52,28/6/17,Day of week:,Wednesday,19.75,Grade Celsius,
0,0.00,W/m^2,4:02:55,28/6/17,Day of week:,Wednesday,19.81,Grade Celsius,
0,0.00,W/m^2,4:02:58,28/6/17,Day of week:,Wednesday,19.75,Grade Celsius,
0,0.00,W/m^2,4:03:01,28/6/17,Day of week:,Wednesday,19.81,Grade Celsius,
0,0.00,W/m^2,4:03:04,28/6/17,Day of week:,Wednesday,19.81,Grade Celsius,
0,0.00,W/m^2,4:03:07,28/6/17,Day of week:,Wednesday,19.81,Grade Celsius,
0,0.00,W/m^2,4:03:10,28/6/17,Day of week:,Wednesday,19.81,Grade Celsius,
0,0.00,W/m^2,4:03:13,28/6/17,Day of week:,Wednesday,19.81,Grade Celsius,
0,0.00,W/m^2,4:03:16,28/6/17,Day of week:,Wednesday,19.81,Grade Celsius,
0,0.00,W/m^2,4:03:19,28/6/17,Day of week:,Wednesday,19.81,Grade Celsius,
0,0.00,W/m^2,4:03:22,28/6/17,Day of week:,Wednesday,19.81,Grade Celsius,
0,0.00,W/m^2,4:03:26,28/6/17,Day of week:,Wednesday,19.81,Grade Celsius,
0,0.00,W/m^2,4:03:29,28/6/17,Day of week:,Wednesday,19.81,Grade Celsius,
0,0.00,W/m^2,4:03:32,28/6/17,Day of week:,Wednesday,19.81,Grade Celsius,
0,0.00,W/m^2,4:03:35,28/6/17,Day of week:,Wednesday,19.81,Grade Celsius,
0,0.00,W/m^2,4:03:38,28/6/17,Day of week:,Wednesday,19.81,Grade Celsius,
0,0.00,W/m^2,4:03:41,28/6/17,Day of week:,Wednesday,19.81,Grade Celsius,
0,0.00,W/m^2,4:03:44,28/6/17,Day of week:,Wednesday,19.81,Grade Celsius,
0,0.00,W/m^2,4:03:47,28/6/17,Day of week:,Wednesday,19.81,Grade Celsius,
0,0.00,W/m^2,4:03:50,28/6/17,Day of week:,Wednesday,19.81,Grade Celsius,
0,0.00,W/m^2,4:03:53,28/6/17,Day of week:,Wednesday,19.81,Grade Celsius,
0,0.00,W/m^2,4:03:56,28/6/17,Day of week:,Wednesday,19.81,Grade Celsius,
0,0.00,W/m^2,4:03:59,28/6/17,Day of week:,Wednesday,19.81,Grade Celsius,
0,0.00,W/m^2,4:04:02,28/6/17,Day of week:,Wednesday,19.81,Grade Celsius,
0,0.00,W/m^2,4:04:05,28/6/17,Day of week:,Wednesday,19.81,Grade Celsius,
0,0.00,W/m^2,4:04:08,28/6/17,Day of week:,Wednesday,19.81,Grade Celsius,
0,0.00,W/m^2,4:04:11,28/6/17,Day of week:,Wednesday,19.81,Grade Celsius,
0,0.00,W/m^2,4:04:15,28/6/17,Day of week:,Wednesday,19.81,Grade Celsius,
0,0.00,W/m^2,4:04:18,28/6/17,Day of week:,Wednesday,19.81,Grade Celsius,
0,0.00,W/m^2,4:04:21,28/6/17,Day of week:,Wednesday,19.81,Grade Celsius,
0,0.00,W/m^2,4:04:24,28/6/17,Day of week:,Wednesday,19.81,Grade Celsius,
0,0.00,W/m^2,4:04:27,28/6/17,Day of week:,Wednesday,19.81,Grade Celsius,
0,0.00,W/m^2,4:04:30,28/6/17,Day of week:,Wednesday,19.81,Grade Celsius,
0,0.00,W/m^2,4:04:33,28/6/17,Day of week:,Wednesday,19.81,Grade Celsius,
0,0.00,W/m^2,4:04:36,28/6/17,Day of week:,Wednesday,19.81,Grade Celsius,
0,0.00,W/m^2,4:04:39,28/6/17,Day of week:,Wednesday,19.81,Grade Celsius,
0,0.00,W/m^2,4:04:42,28/6/17,Day of week:,Wednesday,19.81,Grade Celsius,
0,0.00,W/m^2,4:04:45,28/6/17,Day of week:,Wednesday,19.81,Grade Celsius,
0,0.00,W/m^2,4:04:48,28/6/17,Day of week:,Wednesday,19.81,Grade Celsius,
0,0.00,W/m^2,4:04:51,28/6/17,Day of week:,Wednesday,19.81,Grade Celsius,
0,0.00,W/m^2,4:04:54,28/6/17,Day of week:,Wednesday,19.81,Grade Celsius,
0,0.00,W/m^2,4:04:57,28/6/17,Day of week:,Wednesday,19.81,Grade Celsius,
0,0.00,W/m^2,4:05:00,28/6/17,Day of week:,Wednesday,19.81,Grade Celsius,
0,0.00,W/m^2,4:05:03,28/6/17,Day of week:,Wednesday,19.81,Grade Celsius,
0,0.00,W/m^2,4:05:07,28/6/17,Day of week:,Wednesday,19.81,Grade Celsius,
0,0.00,W/m^2,4:05:10,28/6/17,Day of week:,Wednesday,19.81,Grade Celsius,
0,0.00,W/m^2,4:05:13,28/6/17,Day of week:,Wednesday,19.81,Grade Celsius,
0,0.00,W/m^2,4:05:16,28/6/17,Day of week:,Wednesday,19.81,Grade Celsius,
0,0.00,W/m^2,4:05:19,28/6/17,Day of week:,Wednesday,19.81,Grade Celsius,
0,0.00,W/m^2,4:05:22,28/6/17,Day of week:,Wednesday,19.81,Grade Celsius,
0,0.00,W/m^2,4:05:25,28/6/17,Day of week:,Wednesday,19.81,Grade Celsius,
0,0.00,W/m^2,4:05:28,28/6/17,Day of week:,Wednesday,19.81,Grade Celsius,
0,0.00,W/m^2,4:05:31,28/6/17,Day of week:,Wednesday,19.81,Grade Celsius,
0,0.00,W/m^2,4:05:34,28/6/17,Day of week:,Wednesday,19.81,Grade Celsius,
0,0.00,W/m^2,4:05:37,28/6/17,Day of week:,Wednesday,19.81,Grade Celsius,
0,0.00,W/m^2,4:05:40,28/6/17,Day of week:,Wednesday,19.81,Grade Celsius,
0,0.00,W/m^2,4:05:43,28/6/17,Day of week:,Wednesday,19.81,Grade Celsius,
0,0.00,W/m^2,4:05:46,28/6/17,Day of week:,Wednesday,19.81,Grade Celsius,
0,0.00,W/m^2,4:05:49,28/6/17,Day of week:,Wednesday,19.81,Grade Celsius,
0,0.00,W/m^2,4:05:52,28/6/17,Day of week:,Wednesday,19.81,Grade Celsius,
0,0.00,W/m^2,4:05:56,28/6/17,Day of week:,Wednesday,19.81,Grade Celsius,
0,0.00,W/m^2,4:05:59,28/6/17,Day of week:,Wednesday,19.81,Grade Celsius,
0,0.00,W/m^2,4:06:02,28/6/17,Day of week:,Wednesday,19.81,Grade Celsius,
0,0.00,W/m^2,4:06:05,28/6/17,Day of week:,Wednesday,19.81,Grade Celsius,
0,0.00,W/m^2,4:06:08,28/6/17,Day of week:,Wednesday,19.81,Grade Celsius,
0,0.00,W/m^2,4:06:11,28/6/17,Day of week:,Wednesday,19.81,Grade Celsius,
0,0.00,W/m^2,4:06:14,28/6/17,Day of week:,Wednesday,19.75,Grade Celsius,
0,0.00,W/m^2,4:06:17,28/6/17,Day of week:,Wednesday,19.75,Grade Celsius,
0,0.00,W/m^2,4:06:20,28/6/17,Day of week:,Wednesday,19.75,Grade Celsius,
0,0.00,W/m^2,4:06:23,28/6/17,Day of week:,Wednesday,19.75,Grade Celsius,
0,0.00,W/m^2,4:06:26,28/6/17,Day of week:,Wednesday,19.75,Grade Celsius,
0,0.00,W/m^2,4:06:29,28/6/17,Day of week:,Wednesday,19.75,Grade Celsius,
0,0.00,W/m^2,4:06:32,28/6/17,Day of week:,Wednesday,19.75,Grade Celsius,
0,0.00,W/m^2,4:06:35,28/6/17,Day of week:,Wednesday,19.75,Grade Celsius,
0,0.00,W/m^2,4:06:38,28/6/17,Day of week:,Wednesday,19.75,Grade Celsius,
0,0.00,W/m^2,4:06:41,28/6/17,Day of week:,Wednesday,19.75,Grade Celsius,
0,0.00,W/m^2,4:06:44,28/6/17,Day of week:,Wednesday,19.75,Grade Celsius,
0,0.00,W/m^2,4:06:48,28/6/17,Day of week:,Wednesday,19.75,Grade Celsius,
0,0.00,W/m^2,4:06:51,28/6/17,Day of week:,Wednesday,19.75,Grade Celsius,
0,0.00,W/m^2,4:06:54,28/6/17,Day of week:,Wednesday,19.75,Grade Celsius,
0,0.00,W/m^2,4:06:57,28/6/17,Day of week:,Wednesday,19.75,Grade Celsius,
0,0.00,W/m^2,4:07:00,28/6/17,Day of week:,Wednesday,19.81,Grade Celsius,
0,0.00,W/m^2,4:07:03,28/6/17,Day of week:,Wednesday,19.75,Grade Celsius,
0,0.00,W/m^2,4:07:06,28/6/17,Day of week:,Wednesday,19.75,Grade Celsius,
0,0.00,W/m^2,4:07:09,28/6/17,Day of week:,Wednesday,19.75,Grade Celsius,
0,0.00,W/m^2,4:07:12,28/6/17,Day of week:,Wednesday,19.75,Grade Celsius,
0,0.00,W/m^2,4:07:15,28/6/17,Day of week:,Wednesday,19.75,Grade Celsius,
0,0.00,W/m^2,4:07:18,28/6/17,Day of week:,Wednesday,19.75,Grade Celsius,
0,0.00,W/m^2,4:07:21,28/6/17,Day of week:,Wednesday,19.75,Grade Celsius,
0,0.00,W/m^2,4:07:24,28/6/17,Day of week:,Wednesday,19.75,Grade Celsius,
0,0.00,W/m^2,4:07:27,28/6/17,Day of week:,Wednesday,19.75,Grade Celsius,
0,0.00,W/m^2,4:07:30,28/6/17,Day of week:,Wednesday,19.75,Grade Celsius,
0,0.00,W/m^2,4:07:33,28/6/17,Day of week:,Wednesday,19.75,Grade Celsius,
0,0.00,W/m^2,4:07:36,28/6/17,Day of week:,Wednesday,19.75,Grade Celsius,
0,0.00,W/m^2,4:07:40,28/6/17,Day of week:,Wednesday,19.75,Grade Celsius,
0,0.00,W/m^2,4:07:43,28/6/17,Day of week:,Wednesday,19.75,Grade Celsius,
0,0.00,W/m^2,4:07:46,28/6/17,Day of week:,Wednesday,19.75,Grade Celsius,
0,0.00,W/m^2,4:07:49,28/6/17,Day of week:,Wednesday,19.75,Grade Celsius,
0,0.00,W/m^2,4:07:52,28/6/17,Day of week:,Wednesday,19.75,Grade Celsius,
0,0.00,W/m^2,4:07:55,28/6/17,Day of week:,Wednesday,19.75,Grade Celsius,
0,0.00,W/m^2,4:07:58,28/6/17,Day of week:,Wednesday,19.75,Grade Celsius,
0,0.00,W/m^2,4:08:01,28/6/17,Day of week:,Wednesday,19.75,Grade Celsius,
0,0.00,W/m^2,4:08:04,28/6/17,Day of week:,Wednesday,19.75,Grade Celsius,
0,0.00,W/m^2,4:08:07,28/6/17,Day of week:,Wednesday,19.75,Grade Celsius,
0,0.00,W/m^2,4:08:10,28/6/17,Day of week:,Wednesday,19.75,Grade Celsius,
0,0.00,W/m^2,4:08:13,28/6/17,Day of week:,Wednesday,19.81,Grade Celsius,
0,0.00,W/m^2,4:08:16,28/6/17,Day of week:,Wednesday,19.75,Grade Celsius,
0,0.00,W/m^2,4:08:19,28/6/17,Day of week:,Wednesday,19.75,Grade Celsius,
0,0.00,W/m^2,4:08:22,28/6/17,Day of week:,Wednesday,19.69,Grade Celsius,
0,0.00,W/m^2,4:08:25,28/6/17,Day of week:,Wednesday,19.69,Grade Celsius,
0,0.00,W/m^2,4:08:29,28/6/17,Day of week:,Wednesday,19.69,Grade Celsius,
0,0.00,W/m^2,4:08:32,28/6/17,Day of week:,Wednesday,19.69,Grade Celsius,
0,0.00,W/m^2,4:08:35,28/6/17,Day of week:,Wednesday,19.69,Grade Celsius,
0,0.00,W/m^2,4:08:38,28/6/17,Day of week:,Wednesday,19.69,Grade Celsius,
0,0.00,W/m^2,4:08:41,28/6/17,Day of week:,Wednesday,19.69,Grade Celsius,
0,0.00,W/m^2,4:08:44,28/6/17,Day of week:,Wednesday,19.69,Grade Celsius,
0,0.00,W/m^2,4:08:47,28/6/17,Day of week:,Wednesday,19.69,Grade Celsius,
0,0.00,W/m^2,4:08:50,28/6/17,Day of week:,Wednesday,19.75,Grade Celsius,
0,0.00,W/m^2,4:08:53,28/6/17,Day of week:,Wednesday,19.75,Grade Celsius,
0,0.00,W/m^2,4:08:56,28/6/17,Day of week:,Wednesday,19.75,Grade Celsius,
0,0.00,W/m^2,4:08:59,28/6/17,Day of week:,Wednesday,19.75,Grade Celsius,
0,0.00,W/m^2,4:09:02,28/6/17,Day of week:,Wednesday,19.75,Grade Celsius,
0,0.00,W/m^2,4:09:05,28/6/17,Day of week:,Wednesday,19.75,Grade Celsius,
0,0.00,W/m^2,4:09:08,28/6/17,Day of week:,Wednesday,19.75,Grade Celsius,
0,0.00,W/m^2,4:09:11,28/6/17,Day of week:,Wednesday,19.75,Grade Celsius,
0,0.00,W/m^2,4:09:14,28/6/17,Day of week:,Wednesday,19.75,Grade Celsius,
0,0.00,W/m^2,4:09:18,28/6/17,Day of week:,Wednesday,19.75,Grade Celsius,
0,0.00,W/m^2,4:09:21,28/6/17,Day of week:,Wednesday,19.75,Grade Celsius,
0,0.00,W/m^2,4:09:24,28/6/17,Day of week:,Wednesday,19.75,Grade Celsius,
0,0.00,W/m^2,4:09:27,28/6/17,Day of week:,Wednesday,19.75,Grade Celsius,
0,0.00,W/m^2,4:09:30,28/6/17,Day of week:,Wednesday,19.75,Grade Celsius,
0,0.00,W/m^2,4:09:33,28/6/17,Day of week:,Wednesday,19.75,Grade Celsius,
0,0.00,W/m^2,4:09:36,28/6/17,Day of week:,Wednesday,19.75,Grade Celsius,
0,0.00,W/m^2,4:09:39,28/6/17,Day of week:,Wednesday,19.75,Grade Celsius,
0,0.00,W/m^2,4:09:42,28/6/17,Day of week:,Wednesday,19.75,Grade Celsius,
0,0.00,W/m^2,4:09:45,28/6/17,Day of week:,Wednesday,19.75,Grade Celsius,
0,0.00,W/m^2,4:09:48,28/6/17,Day of week:,Wednesday,19.75,Grade Celsius,
0,0.00,W/m^2,4:09:51,28/6/17,Day of week:,Wednesday,19.75,Grade Celsius,
0,0.00,W/m^2,4:09:54,28/6/17,Day of week:,Wednesday,19.75,Grade Celsius,
0,0.00,W/m^2,4:09:57,28/6/17,Day of week:,Wednesday,19.75,Grade Celsius,
0,0.00,W/m^2,4:10:00,28/6/17,Day of week:,Wednesday,19.75,Grade Celsius,
0,0.00,W/m^2,4:10:03,28/6/17,Day of week:,Wednesday,19.75,Grade Celsius,
0,0.00,W/m^2,4:10:06,28/6/17,Day of week:,Wednesday,19.75,Grade Celsius,
0,0.00,W/m^2,4:10:10,28/6/17,Day of week:,Wednesday,19.75,Grade Celsius,
0,0.00,W/m^2,4:10:13,28/6/17,Day of week:,Wednesday,19.75,Grade Celsius,
0,0.00,W/m^2,4:10:16,28/6/17,Day of week:,Wednesday,19.75,Grade Celsius,
0,0.00,W/m^2,4:10:19,28/6/17,Day of week:,Wednesday,19.75,Grade Celsius,
0,0.00,W/m^2,4:10:22,28/6/17,Day of week:,Wednesday,19.75,Grade Celsius,
0,0.00,W/m^2,4:10:25,28/6/17,Day of week:,Wednesday,19.75,Grade Celsius,
0,0.00,W/m^2,4:10:28,28/6/17,Day of week:,Wednesday,19.75,Grade Celsius,
0,0.00,W/m^2,4:10:31,28/6/17,Day of week:,Wednesday,19.75,Grade Celsius,
0,0.00,W/m^2,4:10:34,28/6/17,Day of week:,Wednesday,19.75,Grade Celsius,
0,0.00,W/m^2,4:10:37,28/6/17,Day of week:,Wednesday,19.75,Grade Celsius,
0,0.00,W/m^2,4:10:40,28/6/17,Day of week:,Wednesday,19.75,Grade Celsius,
0,0.00,W/m^2,4:10:43,28/6/17,Day of week:,Wednesday,19.75,Grade Celsius,
0,0.00,W/m^2,4:10:46,28/6/17,Day of week:,Wednesday,19.75,Grade Celsius,
0,0.00,W/m^2,4:10:49,28/6/17,Day of week:,Wednesday,19.75,Grade Celsius,
0,0.00,W/m^2,4:10:52,28/6/17,Day of week:,Wednesday,19.75,Grade Celsius,
0,0.00,W/m^2,4:10:55,28/6/17,Day of week:,Wednesday,19.75,Grade Celsius,
0,0.00,W/m^2,4:10:59,28/6/17,Day of week:,Wednesday,19.75,Grade Celsius,
0,0.00,W/m^2,4:11:02,28/6/17,Day of week:,Wednesday,19.69,Grade Celsius,
0,0.00,W/m^2,4:11:05,28/6/17,Day of week:,Wednesday,19.69,Grade Celsius,
0,0.00,W/m^2,4:11:08,28/6/17,Day of week:,Wednesday,19.69,Grade Celsius,
0,0.00,W/m^2,4:11:11,28/6/17,Day of week:,Wednesday,19.69,Grade Celsius,
0,0.00,W/m^2,4:11:14,28/6/17,Day of week:,Wednesday,19.69,Grade Celsius,
0,0.00,W/m^2,4:11:17,28/6/17,Day of week:,Wednesday,19.69,Grade Celsius,
0,0.00,W/m^2,4:11:20,28/6/17,Day of week:,Wednesday,19.69,Grade Celsius,
0,0.00,W/m^2,4:11:23,28/6/17,Day of week:,Wednesday,19.69,Grade Celsius,
0,0.00,W/m^2,4:11:26,28/6/17,Day of week:,Wednesday,19.69,Grade Celsius,
0,0.00,W/m^2,4:11:29,28/6/17,Day of week:,Wednesday,19.69,Grade Celsius,
0,0.00,W/m^2,4:11:32,28/6/17,Day of week:,Wednesday,19.69,Grade Celsius,
0,0.00,W/m^2,4:11:35,28/6/17,Day of week:,Wednesday,19.69,Grade Celsius,
0,0.00,W/m^2,4:11:38,28/6/17,Day of week:,Wednesday,19.69,Grade Celsius,
0,0.00,W/m^2,4:11:41,28/6/17,Day of week:,Wednesday,19.69,Grade Celsius,
0,0.00,W/m^2,4:11:44,28/6/17,Day of week:,Wednesday,19.69,Grade Celsius,
0,0.00,W/m^2,4:11:47,28/6/17,Day of week:,Wednesday,19.69,Grade Celsius,
0,0.00,W/m^2,4:11:50,28/6/17,Day of week:,Wednesday,19.69,Grade Celsius,
0,0.00,W/m^2,4:11:54,28/6/17,Day of week:,Wednesday,19.69,Grade Celsius,
0,0.00,W/m^2,4:11:57,28/6/17,Day of week:,Wednesday,19.69,Grade Celsius,
0,0.00,W/m^2,4:12:00,28/6/17,Day of week:,Wednesday,19.69,Grade Celsius,
0,0.00,W/m^2,4:12:03,28/6/17,Day of week:,Wednesday,19.69,Grade Celsius,
0,0.00,W/m^2,4:12:06,28/6/17,Day of week:,Wednesday,19.69,Grade Celsius,
0,0.00,W/m^2,4:12:09,28/6/17,Day of week:,Wednesday,19.69,Grade Celsius,
0,0.00,W/m^2,4:12:12,28/6/17,Day of week:,Wednesday,19.69,Grade Celsius,
0,0.00,W/m^2,4:12:15,28/6/17,Day of week:,Wednesday,19.69,Grade Celsius,
0,0.00,W/m^2,4:12:18,28/6/17,Day of week:,Wednesday,19.69,Grade Celsius,
0,0.00,W/m^2,4:12:21,28/6/17,Day of week:,Wednesday,19.69,Grade Celsius,
0,0.00,W/m^2,4:12:24,28/6/17,Day of week:,Wednesday,19.69,Grade Celsius,
0,0.00,W/m^2,4:12:27,28/6/17,Day of week:,Wednesday,19.69,Grade Celsius,
0,0.00,W/m^2,4:12:30,28/6/17,Day of week:,Wednesday,19.69,Grade Celsius,
0,0.00,W/m^2,4:12:33,28/6/17,Day of week:,Wednesday,19.69,Grade Celsius,
0,0.00,W/m^2,4:12:36,28/6/17,Day of week:,Wednesday,19.69,Grade Celsius,
0,0.00,W/m^2,4:12:39,28/6/17,Day of week:,Wednesday,19.69,Grade Celsius,
0,0.00,W/m^2,4:12:43,28/6/17,Day of week:,Wednesday,19.75,Grade Celsius,
0,0.00,W/m^2,4:12:46,28/6/17,Day of week:,Wednesday,19.75,Grade Celsius,
0,0.00,W/m^2,4:12:49,28/6/17,Day of week:,Wednesday,19.75,Grade Celsius,
0,0.00,W/m^2,4:12:52,28/6/17,Day of week:,Wednesday,19.75,Grade Celsius,
0,0.00,W/m^2,4:12:55,28/6/17,Day of week:,Wednesday,19.75,Grade Celsius,
0,0.00,W/m^2,4:12:58,28/6/17,Day of week:,Wednesday,19.75,Grade Celsius,
0,0.00,W/m^2,4:13:01,28/6/17,Day of week:,Wednesday,19.75,Grade Celsius,
0,0.00,W/m^2,4:13:04,28/6/17,Day of week:,Wednesday,19.75,Grade Celsius,
0,0.00,W/m^2,4:13:07,28/6/17,Day of week:,Wednesday,19.75,Grade Celsius,
0,0.00,W/m^2,4:13:10,28/6/17,Day of week:,Wednesday,19.75,Grade Celsius,
0,0.00,W/m^2,4:13:13,28/6/17,Day of week:,Wednesday,19.75,Grade Celsius,
0,0.00,W/m^2,4:13:16,28/6/17,Day of week:,Wednesday,19.75,Grade Celsius,
0,0.00,W/m^2,4:13:19,28/6/17,Day of week:,Wednesday,19.75,Grade Celsius,
0,0.00,W/m^2,4:13:22,28/6/17,Day of week:,Wednesday,19.75,Grade Celsius,
0,0.00,W/m^2,4:13:25,28/6/17,Day of week:,Wednesday,19.75,Grade Celsius,
0,0.00,W/m^2,4:13:28,28/6/17,Day of week:,Wednesday,19.75,Grade Celsius,
0,0.00,W/m^2,4:13:31,28/6/17,Day of week:,Wednesday,19.75,Grade Celsius,
0,0.00,W/m^2,4:13:35,28/6/17,Day of week:,Wednesday,19.75,Grade Celsius,
0,0.00,W/m^2,4:13:38,28/6/17,Day of week:,Wednesday,19.75,Grade Celsius,
0,0.00,W/m^2,4:13:41,28/6/17,Day of week:,Wednesday,19.75,Grade Celsius,
0,0.00,W/m^2,4:13:44,28/6/17,Day of week:,Wednesday,19.75,Grade Celsius,
0,0.00,W/m^2,4:13:47,28/6/17,Day of week:,Wednesday,19.75,Grade Celsius,
0,0.00,W/m^2,4:13:50,28/6/17,Day of week:,Wednesday,19.75,Grade Celsius,
0,0.00,W/m^2,4:13:53,28/6/17,Day of week:,Wednesday,19.75,Grade Celsius,
0,0.00,W/m^2,4:13:56,28/6/17,Day of week:,Wednesday,19.75,Grade Celsius,
0,0.00,W/m^2,4:13:59,28/6/17,Day of week:,Wednesday,19.75,Grade Celsius,
0,0.00,W/m^2,4:14:02,28/6/17,Day of week:,Wednesday,19.75,Grade Celsius,
0,0.00,W/m^2,4:14:05,28/6/17,Day of week:,Wednesday,19.75,Grade Celsius,
0,0.00,W/m^2,4:14:08,28/6/17,Day of week:,Wednesday,19.75,Grade Celsius,
0,0.00,W/m^2,4:14:11,28/6/17,Day of week:,Wednesday,19.75,Grade Celsius,
0,0.00,W/m^2,4:14:14,28/6/17,Day of week:,Wednesday,19.75,Grade Celsius,
0,0.00,W/m^2,4:14:18,28/6/17,Day of week:,Wednesday,19.75,Grade Celsius,
0,0.00,W/m^2,4:14:21,28/6/17,Day of week:,Wednesday,19.75,Grade Celsius,
0,0.00,W/m^2,4:14:24,28/6/17,Day of week:,Wednesday,19.75,Grade Celsius,
0,0.00,W/m^2,4:14:27,28/6/17,Day of week:,Wednesday,19.75,Grade Celsius,
0,0.00,W/m^2,4:14:30,28/6/17,Day of week:,Wednesday,19.75,Grade Celsius,
0,0.00,W/m^2,4:14:33,28/6/17,Day of week:,Wednesday,19.75,Grade Celsius,
0,0.00,W/m^2,4:14:36,28/6/17,Day of week:,Wednesday,19.75,Grade Celsius,
0,0.00,W/m^2,4:14:39,28/6/17,Day of week:,Wednesday,19.75,Grade Celsius,
0,0.00,W/m^2,4:14:42,28/6/17,Day of week:,Wednesday,19.75,Grade Celsius,
0,0.00,W/m^2,4:14:45,28/6/17,Day of week:,Wednesday,19.75,Grade Celsius,
0,0.00,W/m^2,4:14:48,28/6/17,Day of week:,Wednesday,19.75,Grade Celsius,
0,0.00,W/m^2,4:14:51,28/6/17,Day of week:,Wednesday,19.75,Grade Celsius,
0,0.00,W/m^2,4:14:54,28/6/17,Day of week:,Wednesday,19.81,Grade Celsius,
0,0.00,W/m^2,4:14:57,28/6/17,Day of week:,Wednesday,19.81,Grade Celsius,
0,0.00,W/m^2,4:15:00,28/6/17,Day of week:,Wednesday,19.81,Grade Celsius,
0,0.00,W/m^2,4:15:03,28/6/17,Day of week:,Wednesday,19.81,Grade Celsius,
0,0.00,W/m^2,4:15:06,28/6/17,Day of week:,Wednesday,19.81,Grade Celsius,
0,0.00,W/m^2,4:15:10,28/6/17,Day of week:,Wednesday,19.75,Grade Celsius,
0,0.00,W/m^2,4:15:13,28/6/17,Day of week:,Wednesday,19.75,Grade Celsius,
0,0.00,W/m^2,4:15:16,28/6/17,Day of week:,Wednesday,19.81,Grade Celsius,
0,0.00,W/m^2,4:15:19,28/6/17,Day of week:,Wednesday,19.81,Grade Celsius,
0,0.00,W/m^2,4:15:22,28/6/17,Day of week:,Wednesday,19.81,Grade Celsius,
0,0.00,W/m^2,4:15:25,28/6/17,Day of week:,Wednesday,19.81,Grade Celsius,
0,0.00,W/m^2,4:15:28,28/6/17,Day of week:,Wednesday,19.81,Grade Celsius,
0,0.00,W/m^2,4:15:31,28/6/17,Day of week:,Wednesday,19.81,Grade Celsius,
0,0.00,W/m^2,4:15:34,28/6/17,Day of week:,Wednesday,19.81,Grade Celsius,
0,0.00,W/m^2,4:15:37,28/6/17,Day of week:,Wednesday,19.81,Grade Celsius,
0,0.00,W/m^2,4:15:40,28/6/17,Day of week:,Wednesday,19.75,Grade Celsius,
0,0.00,W/m^2,4:15:43,28/6/17,Day of week:,Wednesday,19.75,Grade Celsius,
0,0.00,W/m^2,4:15:46,28/6/17,Day of week:,Wednesday,19.75,Grade Celsius,
0,0.00,W/m^2,4:15:49,28/6/17,Day of week:,Wednesday,19.75,Grade Celsius,
0,0.00,W/m^2,4:15:52,28/6/17,Day of week:,Wednesday,19.75,Grade Celsius,
0,0.00,W/m^2,4:15:55,28/6/17,Day of week:,Wednesday,19.75,Grade Celsius,
0,0.00,W/m^2,4:15:59,28/6/17,Day of week:,Wednesday,19.75,Grade Celsius,
0,0.00,W/m^2,4:16:02,28/6/17,Day of week:,Wednesday,19.75,Grade Celsius,
0,0.00,W/m^2,4:16:05,28/6/17,Day of week:,Wednesday,19.75,Grade Celsius,
0,0.00,W/m^2,4:16:08,28/6/17,Day of week:,Wednesday,19.75,Grade Celsius,
0,0.00,W/m^2,4:16:11,28/6/17,Day of week:,Wednesday,19.75,Grade Celsius,
0,0.00,W/m^2,4:16:14,28/6/17,Day of week:,Wednesday,19.75,Grade Celsius,
0,0.00,W/m^2,4:16:17,28/6/17,Day of week:,Wednesday,19.75,Grade Celsius,
0,0.00,W/m^2,4:16:20,28/6/17,Day of week:,Wednesday,19.75,Grade Celsius,
0,0.00,W/m^2,4:16:23,28/6/17,Day of week:,Wednesday,19.75,Grade Celsius,
0,0.00,W/m^2,4:16:26,28/6/17,Day of week:,Wednesday,19.75,Grade Celsius,
0,0.00,W/m^2,4:16:29,28/6/17,Day of week:,Wednesday,19.75,Grade Celsius,
0,0.00,W/m^2,4:16:32,28/6/17,Day of week:,Wednesday,19.75,Grade Celsius,
0,0.00,W/m^2,4:16:35,28/6/17,Day of week:,Wednesday,19.75,Grade Celsius,
0,0.00,W/m^2,4:16:38,28/6/17,Day of week:,Wednesday,19.75,Grade Celsius,
0,0.00,W/m^2,4:16:41,28/6/17,Day of week:,Wednesday,19.75,Grade Celsius,
0,0.00,W/m^2,4:16:44,28/6/17,Day of week:,Wednesday,19.75,Grade Celsius,
0,0.00,W/m^2,4:16:47,28/6/17,Day of week:,Wednesday,19.75,Grade Celsius,
0,0.00,W/m^2,4:16:51,28/6/17,Day of week:,Wednesday,19.75,Grade Celsius,
0,0.00,W/m^2,4:16:54,28/6/17,Day of week:,Wednesday,19.75,Grade Celsius,
0,0.00,W/m^2,4:16:57,28/6/17,Day of week:,Wednesday,19.75,Grade Celsius,
0,0.00,W/m^2,4:17:00,28/6/17,Day of week:,Wednesday,19.75,Grade Celsius,
0,0.00,W/m^2,4:17:03,28/6/17,Day of week:,Wednesday,19.75,Grade Celsius,
0,0.00,W/m^2,4:17:06,28/6/17,Day of week:,Wednesday,19.75,Grade Celsius,
0,0.00,W/m^2,4:17:09,28/6/17,Day of week:,Wednesday,19.75,Grade Celsius,
0,0.00,W/m^2,4:17:12,28/6/17,Day of week:,Wednesday,19.75,Grade Celsius,
0,0.00,W/m^2,4:17:15,28/6/17,Day of week:,Wednesday,19.75,Grade Celsius,
0,0.00,W/m^2,4:17:18,28/6/17,Day of week:,Wednesday,19.81,Grade Celsius,
0,0.00,W/m^2,4:17:21,28/6/17,Day of week:,Wednesday,19.75,Grade Celsius,
0,0.00,W/m^2,4:17:24,28/6/17,Day of week:,Wednesday,19.75,Grade Celsius,
0,0.00,W/m^2,4:17:27,28/6/17,Day of week:,Wednesday,19.75,Grade Celsius,
0,0.00,W/m^2,4:17:30,28/6/17,Day of week:,Wednesday,19.81,Grade Celsius,
0,0.00,W/m^2,4:17:33,28/6/17,Day of week:,Wednesday,19.75,Grade Celsius,
0,0.00,W/m^2,4:17:36,28/6/17,Day of week:,Wednesday,19.75,Grade Celsius,
0,0.00,W/m^2,4:17:39,28/6/17,Day of week:,Wednesday,19.75,Grade Celsius,
0,0.00,W/m^2,4:17:43,28/6/17,Day of week:,Wednesday,19.75,Grade Celsius,
0,0.00,W/m^2,4:17:46,28/6/17,Day of week:,Wednesday,19.75,Grade Celsius,
0,0.00,W/m^2,4:17:49,28/6/17,Day of week:,Wednesday,19.81,Grade Celsius,
0,0.00,W/m^2,4:17:52,28/6/17,Day of week:,Wednesday,19.81,Grade Celsius,
0,0.00,W/m^2,4:17:55,28/6/17,Day of week:,Wednesday,19.75,Grade Celsius,
0,0.00,W/m^2,4:17:58,28/6/17,Day of week:,Wednesday,19.75,Grade Celsius,
0,0.00,W/m^2,4:18:01,28/6/17,Day of week:,Wednesday,19.75,Grade Celsius,
0,0.00,W/m^2,4:18:04,28/6/17,Day of week:,Wednesday,19.81,Grade Celsius,
0,0.00,W/m^2,4:18:07,28/6/17,Day of week:,Wednesday,19.75,Grade Celsius,
0,0.00,W/m^2,4:18:10,28/6/17,Day of week:,Wednesday,19.75,Grade Celsius,
0,0.00,W/m^2,4:18:13,28/6/17,Day of week:,Wednesday,19.75,Grade Celsius,
0,0.00,W/m^2,4:18:16,28/6/17,Day of week:,Wednesday,19.75,Grade Celsius,
0,0.00,W/m^2,4:18:19,28/6/17,Day of week:,Wednesday,19.75,Grade Celsius,
0,0.00,W/m^2,4:18:22,28/6/17,Day of week:,Wednesday,19.75,Grade Celsius,
0,0.00,W/m^2,4:18:25,28/6/17,Day of week:,Wednesday,19.75,Grade Celsius,
0,0.00,W/m^2,4:18:28,28/6/17,Day of week:,Wednesday,19.75,Grade Celsius,
0,0.00,W/m^2,4:18:31,28/6/17,Day of week:,Wednesday,19.75,Grade Celsius,
0,0.00,W/m^2,4:18:35,28/6/17,Day of week:,Wednesday,19.75,Grade Celsius,
0,0.00,W/m^2,4:18:38,28/6/17,Day of week:,Wednesday,19.75,Grade Celsius,
0,0.00,W/m^2,4:18:41,28/6/17,Day of week:,Wednesday,19.75,Grade Celsius,
0,0.00,W/m^2,4:18:44,28/6/17,Day of week:,Wednesday,19.75,Grade Celsius,
0,0.00,W/m^2,4:18:47,28/6/17,Day of week:,Wednesday,19.81,Grade Celsius,
0,0.00,W/m^2,4:18:50,28/6/17,Day of week:,Wednesday,19.81,Grade Celsius,
0,0.00,W/m^2,4:18:53,28/6/17,Day of week:,Wednesday,19.81,Grade Celsius,
0,0.00,W/m^2,4:18:56,28/6/17,Day of week:,Wednesday,19.81,Grade Celsius,
0,0.00,W/m^2,4:18:59,28/6/17,Day of week:,Wednesday,19.81,Grade Celsius,
0,0.00,W/m^2,4:19:02,28/6/17,Day of week:,Wednesday,19.81,Grade Celsius,
0,0.00,W/m^2,4:19:05,28/6/17,Day of week:,Wednesday,19.81,Grade Celsius,
0,0.00,W/m^2,4:19:08,28/6/17,Day of week:,Wednesday,19.81,Grade Celsius,
0,0.00,W/m^2,4:19:11,28/6/17,Day of week:,Wednesday,19.75,Grade Celsius,
0,0.00,W/m^2,4:19:14,28/6/17,Day of week:,Wednesday,19.75,Grade Celsius,
0,0.00,W/m^2,4:19:17,28/6/17,Day of week:,Wednesday,19.75,Grade Celsius,
0,0.00,W/m^2,4:19:20,28/6/17,Day of week:,Wednesday,19.81,Grade Celsius,
0,0.00,W/m^2,4:19:23,28/6/17,Day of week:,Wednesday,19.81,Grade Celsius,
0,0.00,W/m^2,4:19:27,28/6/17,Day of week:,Wednesday,19.81,Grade Celsius,
0,0.00,W/m^2,4:19:30,28/6/17,Day of week:,Wednesday,19.81,Grade Celsius,
0,0.00,W/m^2,4:19:33,28/6/17,Day of week:,Wednesday,19.81,Grade Celsius,
0,0.00,W/m^2,4:19:36,28/6/17,Day of week:,Wednesday,19.81,Grade Celsius,
0,0.00,W/m^2,4:19:39,28/6/17,Day of week:,Wednesday,19.81,Grade Celsius,
0,0.00,W/m^2,4:19:42,28/6/17,Day of week:,Wednesday,19.81,Grade Celsius,
0,0.00,W/m^2,4:19:45,28/6/17,Day of week:,Wednesday,19.81,Grade Celsius,
0,0.00,W/m^2,4:19:48,28/6/17,Day of week:,Wednesday,19.81,Grade Celsius,
0,0.00,W/m^2,4:19:51,28/6/17,Day of week:,Wednesday,19.81,Grade Celsius,
0,0.00,W/m^2,4:19:54,28/6/17,Day of week:,Wednesday,19.81,Grade Celsius,
0,0.00,W/m^2,4:19:57,28/6/17,Day of week:,Wednesday,19.81,Grade Celsius,
0,0.00,W/m^2,4:20:00,28/6/17,Day of week:,Wednesday,19.81,Grade Celsius,
0,0.00,W/m^2,4:20:03,28/6/17,Day of week:,Wednesday,19.81,Grade Celsius,
0,0.00,W/m^2,4:20:06,28/6/17,Day of week:,Wednesday,19.81,Grade Celsius,
0,0.00,W/m^2,4:20:09,28/6/17,Day of week:,Wednesday,19.81,Grade Celsius,
0,0.00,W/m^2,4:20:12,28/6/17,Day of week:,Wednesday,19.81,Grade Celsius,
0,0.00,W/m^2,4:20:16,28/6/17,Day of week:,Wednesday,19.81,Grade Celsius,
0,0.00,W/m^2,4:20:19,28/6/17,Day of week:,Wednesday,19.81,Grade Celsius,
0,0.00,W/m^2,4:20:22,28/6/17,Day of week:,Wednesday,19.81,Grade Celsius,
0,0.00,W/m^2,4:20:25,28/6/17,Day of week:,Wednesday,19.81,Grade Celsius,
0,0.00,W/m^2,4:20:28,28/6/17,Day of week:,Wednesday,19.81,Grade Celsius,
0,0.00,W/m^2,4:20:31,28/6/17,Day of week:,Wednesday,19.81,Grade Celsius,
0,0.00,W/m^2,4:20:34,28/6/17,Day of week:,Wednesday,19.81,Grade Celsius,
0,0.00,W/m^2,4:20:37,28/6/17,Day of week:,Wednesday,19.81,Grade Celsius,
0,0.00,W/m^2,4:20:40,28/6/17,Day of week:,Wednesday,19.81,Grade Celsius,
0,0.00,W/m^2,4:20:43,28/6/17,Day of week:,Wednesday,19.81,Grade Celsius,
0,0.00,W/m^2,4:20:46,28/6/17,Day of week:,Wednesday,19.81,Grade Celsius,
0,0.00,W/m^2,4:20:49,28/6/17,Day of week:,Wednesday,19.81,Grade Celsius,
0,0.00,W/m^2,4:20:52,28/6/17,Day of week:,Wednesday,19.81,Grade Celsius,
0,0.00,W/m^2,4:20:55,28/6/17,Day of week:,Wednesday,19.81,Grade Celsius,
0,0.00,W/m^2,4:20:58,28/6/17,Day of week:,Wednesday,19.81,Grade Celsius,
0,0.00,W/m^2,4:21:01,28/6/17,Day of week:,Wednesday,19.81,Grade Celsius,
0,0.00,W/m^2,4:21:05,28/6/17,Day of week:,Wednesday,19.81,Grade Celsius,
0,0.00,W/m^2,4:21:08,28/6/17,Day of week:,Wednesday,19.81,Grade Celsius,
0,0.00,W/m^2,4:21:11,28/6/17,Day of week:,Wednesday,19.81,Grade Celsius,
0,0.00,W/m^2,4:21:14,28/6/17,Day of week:,Wednesday,19.87,Grade Celsius,
0,0.00,W/m^2,4:21:17,28/6/17,Day of week:,Wednesday,19.81,Grade Celsius,
0,0.00,W/m^2,4:21:20,28/6/17,Day of week:,Wednesday,19.81,Grade Celsius,
0,0.00,W/m^2,4:21:23,28/6/17,Day of week:,Wednesday,19.81,Grade Celsius,
0,0.00,W/m^2,4:21:26,28/6/17,Day of week:,Wednesday,19.81,Grade Celsius,
0,0.00,W/m^2,4:21:29,28/6/17,Day of week:,Wednesday,19.81,Grade Celsius,
0,0.00,W/m^2,4:21:32,28/6/17,Day of week:,Wednesday,19.81,Grade Celsius,
0,0.00,W/m^2,4:21:35,28/6/17,Day of week:,Wednesday,19.81,Grade Celsius,
0,0.00,W/m^2,4:21:38,28/6/17,Day of week:,Wednesday,19.81,Grade Celsius,
0,0.00,W/m^2,4:21:41,28/6/17,Day of week:,Wednesday,19.81,Grade Celsius,
0,0.00,W/m^2,4:21:44,28/6/17,Day of week:,Wednesday,19.81,Grade Celsius,
0,0.00,W/m^2,4:21:47,28/6/17,Day of week:,Wednesday,19.81,Grade Celsius,
0,0.00,W/m^2,4:21:50,28/6/17,Day of week:,Wednesday,19.81,Grade Celsius,
0,0.00,W/m^2,4:21:53,28/6/17,Day of week:,Wednesday,19.81,Grade Celsius,
0,0.00,W/m^2,4:21:57,28/6/17,Day of week:,Wednesday,19.81,Grade Celsius,
0,0.00,W/m^2,4:22:00,28/6/17,Day of week:,Wednesday,19.81,Grade Celsius,
0,0.00,W/m^2,4:22:03,28/6/17,Day of week:,Wednesday,19.87,Grade Celsius,
0,0.00,W/m^2,4:22:06,28/6/17,Day of week:,Wednesday,19.87,Grade Celsius,
0,0.00,W/m^2,4:22:09,28/6/17,Day of week:,Wednesday,19.81,Grade Celsius,
0,0.00,W/m^2,4:22:12,28/6/17,Day of week:,Wednesday,19.87,Grade Celsius,
0,0.00,W/m^2,4:22:15,28/6/17,Day of week:,Wednesday,19.81,Grade Celsius,
0,0.00,W/m^2,4:22:18,28/6/17,Day of week:,Wednesday,19.81,Grade Celsius,
0,0.00,W/m^2,4:22:21,28/6/17,Day of week:,Wednesday,19.81,Grade Celsius,
0,0.00,W/m^2,4:22:24,28/6/17,Day of week:,Wednesday,19.81,Grade Celsius,
0,0.00,W/m^2,4:22:27,28/6/17,Day of week:,Wednesday,19.81,Grade Celsius,
0,0.00,W/m^2,4:22:30,28/6/17,Day of week:,Wednesday,19.75,Grade Celsius,
0,0.00,W/m^2,4:22:33,28/6/17,Day of week:,Wednesday,19.75,Grade Celsius,
0,0.00,W/m^2,4:22:36,28/6/17,Day of week:,Wednesday,19.75,Grade Celsius,
0,0.00,W/m^2,4:22:39,28/6/17,Day of week:,Wednesday,19.81,Grade Celsius,
0,0.00,W/m^2,4:22:42,28/6/17,Day of week:,Wednesday,19.75,Grade Celsius,
0,0.00,W/m^2,4:22:45,28/6/17,Day of week:,Wednesday,19.81,Grade Celsius,
0,0.00,W/m^2,4:22:49,28/6/17,Day of week:,Wednesday,19.81,Grade Celsius,
0,0.00,W/m^2,4:22:52,28/6/17,Day of week:,Wednesday,19.81,Grade Celsius,
0,0.00,W/m^2,4:22:55,28/6/17,Day of week:,Wednesday,19.81,Grade Celsius,
0,0.00,W/m^2,4:22:58,28/6/17,Day of week:,Wednesday,19.81,Grade Celsius,
0,0.00,W/m^2,4:23:01,28/6/17,Day of week:,Wednesday,19.81,Grade Celsius,
0,0.00,W/m^2,4:23:04,28/6/17,Day of week:,Wednesday,19.81,Grade Celsius,
0,0.00,W/m^2,4:23:07,28/6/17,Day of week:,Wednesday,19.81,Grade Celsius,
0,0.00,W/m^2,4:23:10,28/6/17,Day of week:,Wednesday,19.81,Grade Celsius,
0,0.00,W/m^2,4:23:13,28/6/17,Day of week:,Wednesday,19.81,Grade Celsius,
0,0.00,W/m^2,4:23:16,28/6/17,Day of week:,Wednesday,19.81,Grade Celsius,
0,0.00,W/m^2,4:23:19,28/6/17,Day of week:,Wednesday,19.81,Grade Celsius,
0,0.00,W/m^2,4:23:22,28/6/17,Day of week:,Wednesday,19.81,Grade Celsius,
0,0.00,W/m^2,4:23:25,28/6/17,Day of week:,Wednesday,19.81,Grade Celsius,
0,0.00,W/m^2,4:23:28,28/6/17,Day of week:,Wednesday,19.81,Grade Celsius,
0,0.00,W/m^2,4:23:31,28/6/17,Day of week:,Wednesday,19.81,Grade Celsius,
0,0.00,W/m^2,4:23:34,28/6/17,Day of week:,Wednesday,19.81,Grade Celsius,
0,0.00,W/m^2,4:23:37,28/6/17,Day of week:,Wednesday,19.81,Grade Celsius,
0,0.00,W/m^2,4:23:41,28/6/17,Day of week:,Wednesday,19.81,Grade Celsius,
0,0.00,W/m^2,4:23:44,28/6/17,Day of week:,Wednesday,19.81,Grade Celsius,
0,0.00,W/m^2,4:23:47,28/6/17,Day of week:,Wednesday,19.81,Grade Celsius,
0,0.00,W/m^2,4:23:50,28/6/17,Day of week:,Wednesday,19.81,Grade Celsius,
0,0.00,W/m^2,4:23:53,28/6/17,Day of week:,Wednesday,19.75,Grade Celsius,
0,0.00,W/m^2,4:23:56,28/6/17,Day of week:,Wednesday,19.81,Grade Celsius,
0,0.00,W/m^2,4:23:59,28/6/17,Day of week:,Wednesday,19.81,Grade Celsius,
0,0.00,W/m^2,4:24:02,28/6/17,Day of week:,Wednesday,19.81,Grade Celsius,
0,0.00,W/m^2,4:24:05,28/6/17,Day of week:,Wednesday,19.75,Grade Celsius,
0,0.00,W/m^2,4:24:08,28/6/17,Day of week:,Wednesday,19.81,Grade Celsius,
0,0.00,W/m^2,4:24:11,28/6/17,Day of week:,Wednesday,19.81,Grade Celsius,
0,0.00,W/m^2,4:24:14,28/6/17,Day of week:,Wednesday,19.81,Grade Celsius,
0,0.00,W/m^2,4:24:17,28/6/17,Day of week:,Wednesday,19.75,Grade Celsius,
0,0.00,W/m^2,4:24:20,28/6/17,Day of week:,Wednesday,19.81,Grade Celsius,
0,0.00,W/m^2,4:24:23,28/6/17,Day of week:,Wednesday,19.81,Grade Celsius,
0,0.00,W/m^2,4:24:26,28/6/17,Day of week:,Wednesday,19.75,Grade Celsius,
0,0.00,W/m^2,4:24:29,28/6/17,Day of week:,Wednesday,19.75,Grade Celsius,
0,0.00,W/m^2,4:24:33,28/6/17,Day of week:,Wednesday,19.75,Grade Celsius,
0,0.00,W/m^2,4:24:36,28/6/17,Day of week:,Wednesday,19.75,Grade Celsius,
0,0.00,W/m^2,4:24:39,28/6/17,Day of week:,Wednesday,19.75,Grade Celsius,
0,0.00,W/m^2,4:24:42,28/6/17,Day of week:,Wednesday,19.75,Grade Celsius,
0,0.00,W/m^2,4:24:45,28/6/17,Day of week:,Wednesday,19.75,Grade Celsius,
0,0.00,W/m^2,4:24:48,28/6/17,Day of week:,Wednesday,19.75,Grade Celsius,
0,0.00,W/m^2,4:24:51,28/6/17,Day of week:,Wednesday,19.75,Grade Celsius,
0,0.00,W/m^2,4:24:54,28/6/17,Day of week:,Wednesday,19.75,Grade Celsius,
0,0.00,W/m^2,4:24:57,28/6/17,Day of week:,Wednesday,19.75,Grade Celsius,
0,0.00,W/m^2,4:25:00,28/6/17,Day of week:,Wednesday,19.75,Grade Celsius,
0,0.00,W/m^2,4:25:03,28/6/17,Day of week:,Wednesday,19.75,Grade Celsius,
0,0.00,W/m^2,4:25:06,28/6/17,Day of week:,Wednesday,19.75,Grade Celsius,
0,0.00,W/m^2,4:25:09,28/6/17,Day of week:,Wednesday,19.75,Grade Celsius,
0,0.00,W/m^2,4:25:12,28/6/17,Day of week:,Wednesday,19.75,Grade Celsius,
0,0.00,W/m^2,4:25:15,28/6/17,Day of week:,Wednesday,19.75,Grade Celsius,
0,0.00,W/m^2,4:25:18,28/6/17,Day of week:,Wednesday,19.75,Grade Celsius,
0,0.00,W/m^2,4:25:21,28/6/17,Day of week:,Wednesday,19.75,Grade Celsius,
0,0.00,W/m^2,4:25:25,28/6/17,Day of week:,Wednesday,19.75,Grade Celsius,
0,0.00,W/m^2,4:25:28,28/6/17,Day of week:,Wednesday,19.75,Grade Celsius,
0,0.00,W/m^2,4:25:31,28/6/17,Day of week:,Wednesday,19.75,Grade Celsius,
0,0.00,W/m^2,4:25:34,28/6/17,Day of week:,Wednesday,19.75,Grade Celsius,
0,0.00,W/m^2,4:25:37,28/6/17,Day of week:,Wednesday,19.75,Grade Celsius,
0,0.00,W/m^2,4:25:40,28/6/17,Day of week:,Wednesday,19.75,Grade Celsius,
0,0.00,W/m^2,4:25:43,28/6/17,Day of week:,Wednesday,19.75,Grade Celsius,
0,0.00,W/m^2,4:25:46,28/6/17,Day of week:,Wednesday,19.75,Grade Celsius,
0,0.00,W/m^2,4:25:49,28/6/17,Day of week:,Wednesday,19.75,Grade Celsius,
0,0.00,W/m^2,4:25:52,28/6/17,Day of week:,Wednesday,19.75,Grade Celsius,
0,0.00,W/m^2,4:25:55,28/6/17,Day of week:,Wednesday,19.75,Grade Celsius,
0,0.00,W/m^2,4:25:58,28/6/17,Day of week:,Wednesday,19.75,Grade Celsius,
0,0.00,W/m^2,4:26:01,28/6/17,Day of week:,Wednesday,19.75,Grade Celsius,
0,0.00,W/m^2,4:26:05,28/6/17,Day of week:,Wednesday,19.75,Grade Celsius,
0,0.00,W/m^2,4:26:08,28/6/17,Day of week:,Wednesday,19.75,Grade Celsius,
0,0.00,W/m^2,4:26:11,28/6/17,Day of week:,Wednesday,19.75,Grade Celsius,
0,0.00,W/m^2,4:26:14,28/6/17,Day of week:,Wednesday,19.75,Grade Celsius,
0,0.00,W/m^2,4:26:17,28/6/17,Day of week:,Wednesday,19.75,Grade Celsius,
0,0.00,W/m^2,4:26:20,28/6/17,Day of week:,Wednesday,19.75,Grade Celsius,
0,0.00,W/m^2,4:26:23,28/6/17,Day of week:,Wednesday,19.75,Grade Celsius,
0,0.00,W/m^2,4:26:26,28/6/17,Day of week:,Wednesday,19.75,Grade Celsius,
0,0.00,W/m^2,4:26:29,28/6/17,Day of week:,Wednesday,19.75,Grade Celsius,
0,0.00,W/m^2,4:26:32,28/6/17,Day of week:,Wednesday,19.75,Grade Celsius,
0,0.00,W/m^2,4:26:35,28/6/17,Day of week:,Wednesday,19.75,Grade Celsius,
0,0.00,W/m^2,4:26:38,28/6/17,Day of week:,Wednesday,19.81,Grade Celsius,
0,0.00,W/m^2,4:26:41,28/6/17,Day of week:,Wednesday,19.81,Grade Celsius,
0,0.00,W/m^2,4:26:44,28/6/17,Day of week:,Wednesday,19.81,Grade Celsius,
0,0.00,W/m^2,4:26:47,28/6/17,Day of week:,Wednesday,19.81,Grade Celsius,
0,0.00,W/m^2,4:26:50,28/6/17,Day of week:,Wednesday,19.81,Grade Celsius,
0,0.00,W/m^2,4:26:54,28/6/17,Day of week:,Wednesday,19.81,Grade Celsius,
0,0.00,W/m^2,4:26:57,28/6/17,Day of week:,Wednesday,19.81,Grade Celsius,
0,0.00,W/m^2,4:27:00,28/6/17,Day of week:,Wednesday,19.81,Grade Celsius,
0,0.00,W/m^2,4:27:03,28/6/17,Day of week:,Wednesday,19.81,Grade Celsius,
0,0.00,W/m^2,4:27:06,28/6/17,Day of week:,Wednesday,19.81,Grade Celsius,
0,0.00,W/m^2,4:27:09,28/6/17,Day of week:,Wednesday,19.81,Grade Celsius,
0,0.00,W/m^2,4:27:12,28/6/17,Day of week:,Wednesday,19.81,Grade Celsius,
0,0.00,W/m^2,4:27:15,28/6/17,Day of week:,Wednesday,19.81,Grade Celsius,
0,0.00,W/m^2,4:27:18,28/6/17,Day of week:,Wednesday,19.81,Grade Celsius,
0,0.00,W/m^2,4:27:21,28/6/17,Day of week:,Wednesday,19.87,Grade Celsius,
0,0.00,W/m^2,4:27:24,28/6/17,Day of week:,Wednesday,19.87,Grade Celsius,
0,0.00,W/m^2,4:27:27,28/6/17,Day of week:,Wednesday,19.87,Grade Celsius,
0,0.00,W/m^2,4:27:30,28/6/17,Day of week:,Wednesday,19.81,Grade Celsius,
0,0.00,W/m^2,4:27:33,28/6/17,Day of week:,Wednesday,19.81,Grade Celsius,
0,0.00,W/m^2,4:27:36,28/6/17,Day of week:,Wednesday,19.81,Grade Celsius,
0,0.00,W/m^2,4:27:39,28/6/17,Day of week:,Wednesday,19.81,Grade Celsius,
0,0.00,W/m^2,4:27:42,28/6/17,Day of week:,Wednesday,19.87,Grade Celsius,
0,0.00,W/m^2,4:27:46,28/6/17,Day of week:,Wednesday,19.81,Grade Celsius,
0,0.00,W/m^2,4:27:49,28/6/17,Day of week:,Wednesday,19.87,Grade Celsius,
0,0.00,W/m^2,4:27:52,28/6/17,Day of week:,Wednesday,19.87,Grade Celsius,
0,0.00,W/m^2,4:27:55,28/6/17,Day of week:,Wednesday,19.87,Grade Celsius,
0,0.00,W/m^2,4:27:58,28/6/17,Day of week:,Wednesday,19.87,Grade Celsius,
0,0.00,W/m^2,4:28:01,28/6/17,Day of week:,Wednesday,19.87,Grade Celsius,
0,0.00,W/m^2,4:28:04,28/6/17,Day of week:,Wednesday,19.81,Grade Celsius,
0,0.00,W/m^2,4:28:07,28/6/17,Day of week:,Wednesday,19.81,Grade Celsius,
0,0.00,W/m^2,4:28:10,28/6/17,Day of week:,Wednesday,19.81,Grade Celsius,
0,0.00,W/m^2,4:28:13,28/6/17,Day of week:,Wednesday,19.81,Grade Celsius,
0,0.00,W/m^2,4:28:16,28/6/17,Day of week:,Wednesday,19.81,Grade Celsius,
0,0.00,W/m^2,4:28:19,28/6/17,Day of week:,Wednesday,19.81,Grade Celsius,
0,0.00,W/m^2,4:28:22,28/6/17,Day of week:,Wednesday,19.81,Grade Celsius,
0,0.00,W/m^2,4:28:25,28/6/17,Day of week:,Wednesday,19.81,Grade Celsius,
0,0.00,W/m^2,4:28:28,28/6/17,Day of week:,Wednesday,19.81,Grade Celsius,
0,0.00,W/m^2,4:28:31,28/6/17,Day of week:,Wednesday,19.81,Grade Celsius,
0,0.00,W/m^2,4:28:34,28/6/17,Day of week:,Wednesday,19.81,Grade Celsius,
0,0.00,W/m^2,4:28:38,28/6/17,Day of week:,Wednesday,19.81,Grade Celsius,
0,0.00,W/m^2,4:28:41,28/6/17,Day of week:,Wednesday,19.81,Grade Celsius,
0,0.00,W/m^2,4:28:44,28/6/17,Day of week:,Wednesday,19.81,Grade Celsius,
0,0.00,W/m^2,4:28:47,28/6/17,Day of week:,Wednesday,19.81,Grade Celsius,
0,0.00,W/m^2,4:28:50,28/6/17,Day of week:,Wednesday,19.81,Grade Celsius,
0,0.00,W/m^2,4:28:53,28/6/17,Day of week:,Wednesday,19.81,Grade Celsius,
0,0.00,W/m^2,4:28:56,28/6/17,Day of week:,Wednesday,19.81,Grade Celsius,
0,0.00,W/m^2,4:28:59,28/6/17,Day of week:,Wednesday,19.87,Grade Celsius,
0,0.00,W/m^2,4:29:02,28/6/17,Day of week:,Wednesday,19.81,Grade Celsius,
0,0.00,W/m^2,4:29:05,28/6/17,Day of week:,Wednesday,19.81,Grade Celsius,
0,0.00,W/m^2,4:29:08,28/6/17,Day of week:,Wednesday,19.81,Grade Celsius,
0,0.00,W/m^2,4:29:11,28/6/17,Day of week:,Wednesday,19.87,Grade Celsius,
0,0.00,W/m^2,4:29:14,28/6/17,Day of week:,Wednesday,19.87,Grade Celsius,
0,0.00,W/m^2,4:29:17,28/6/17,Day of week:,Wednesday,19.87,Grade Celsius,
0,0.00,W/m^2,4:29:20,28/6/17,Day of week:,Wednesday,19.87,Grade Celsius,
0,0.00,W/m^2,4:29:23,28/6/17,Day of week:,Wednesday,19.87,Grade Celsius,
0,0.00,W/m^2,4:29:26,28/6/17,Day of week:,Wednesday,19.87,Grade Celsius,
0,0.00,W/m^2,4:29:30,28/6/17,Day of week:,Wednesday,19.87,Grade Celsius,
0,0.00,W/m^2,4:29:33,28/6/17,Day of week:,Wednesday,19.87,Grade Celsius,
0,0.00,W/m^2,4:29:36,28/6/17,Day of week:,Wednesday,19.87,Grade Celsius,
0,0.00,W/m^2,4:29:39,28/6/17,Day of week:,Wednesday,19.87,Grade Celsius,
0,0.00,W/m^2,4:29:42,28/6/17,Day of week:,Wednesday,19.81,Grade Celsius,
0,0.00,W/m^2,4:29:45,28/6/17,Day of week:,Wednesday,19.81,Grade Celsius,
0,0.00,W/m^2,4:29:48,28/6/17,Day of week:,Wednesday,19.81,Grade Celsius,
0,0.00,W/m^2,4:29:51,28/6/17,Day of week:,Wednesday,19.81,Grade Celsius,
0,0.00,W/m^2,4:29:54,28/6/17,Day of week:,Wednesday,19.81,Grade Celsius,
0,0.00,W/m^2,4:29:57,28/6/17,Day of week:,Wednesday,19.81,Grade Celsius,
0,0.00,W/m^2,4:30:00,28/6/17,Day of week:,Wednesday,19.81,Grade Celsius,
0,0.00,W/m^2,4:30:03,28/6/17,Day of week:,Wednesday,19.81,Grade Celsius,
0,0.00,W/m^2,4:30:06,28/6/17,Day of week:,Wednesday,19.81,Grade Celsius,
0,0.00,W/m^2,4:30:09,28/6/17,Day of week:,Wednesday,19.81,Grade Celsius,
0,0.00,W/m^2,4:30:12,28/6/17,Day of week:,Wednesday,19.75,Grade Celsius,
0,0.00,W/m^2,4:30:15,28/6/17,Day of week:,Wednesday,19.75,Grade Celsius,
0,0.00,W/m^2,4:30:18,28/6/17,Day of week:,Wednesday,19.75,Grade Celsius,
0,0.00,W/m^2,4:30:22,28/6/17,Day of week:,Wednesday,19.75,Grade Celsius,
0,0.00,W/m^2,4:30:25,28/6/17,Day of week:,Wednesday,19.75,Grade Celsius,
0,0.00,W/m^2,4:30:28,28/6/17,Day of week:,Wednesday,19.75,Grade Celsius,
0,0.00,W/m^2,4:30:31,28/6/17,Day of week:,Wednesday,19.75,Grade Celsius,
0,0.00,W/m^2,4:30:34,28/6/17,Day of week:,Wednesday,19.75,Grade Celsius,
0,0.00,W/m^2,4:30:37,28/6/17,Day of week:,Wednesday,19.75,Grade Celsius,
0,0.00,W/m^2,4:30:40,28/6/17,Day of week:,Wednesday,19.75,Grade Celsius,
0,0.00,W/m^2,4:30:43,28/6/17,Day of week:,Wednesday,19.75,Grade Celsius,
0,0.00,W/m^2,4:30:46,28/6/17,Day of week:,Wednesday,19.75,Grade Celsius,
0,0.00,W/m^2,4:30:49,28/6/17,Day of week:,Wednesday,19.75,Grade Celsius,
0,0.00,W/m^2,4:30:52,28/6/17,Day of week:,Wednesday,19.75,Grade Celsius,
0,0.00,W/m^2,4:30:55,28/6/17,Day of week:,Wednesday,19.75,Grade Celsius,
0,0.00,W/m^2,4:30:58,28/6/17,Day of week:,Wednesday,19.75,Grade Celsius,
0,0.00,W/m^2,4:31:01,28/6/17,Day of week:,Wednesday,19.75,Grade Celsius,
0,0.00,W/m^2,4:31:04,28/6/17,Day of week:,Wednesday,19.75,Grade Celsius,
0,0.00,W/m^2,4:31:08,28/6/17,Day of week:,Wednesday,19.75,Grade Celsius,
0,0.00,W/m^2,4:31:11,28/6/17,Day of week:,Wednesday,19.75,Grade Celsius,
0,0.00,W/m^2,4:31:14,28/6/17,Day of week:,Wednesday,19.75,Grade Celsius,
0,0.00,W/m^2,4:31:17,28/6/17,Day of week:,Wednesday,19.81,Grade Celsius,
0,0.00,W/m^2,4:31:20,28/6/17,Day of week:,Wednesday,19.75,Grade Celsius,
0,0.00,W/m^2,4:31:23,28/6/17,Day of week:,Wednesday,19.81,Grade Celsius,
0,0.00,W/m^2,4:31:26,28/6/17,Day of week:,Wednesday,19.81,Grade Celsius,
0,0.00,W/m^2,4:31:29,28/6/17,Day of week:,Wednesday,19.81,Grade Celsius,
0,0.00,W/m^2,4:31:32,28/6/17,Day of week:,Wednesday,19.81,Grade Celsius,
0,0.00,W/m^2,4:31:35,28/6/17,Day of week:,Wednesday,19.75,Grade Celsius,
0,0.00,W/m^2,4:31:38,28/6/17,Day of week:,Wednesday,19.81,Grade Celsius,
0,0.00,W/m^2,4:31:41,28/6/17,Day of week:,Wednesday,19.75,Grade Celsius,
0,0.00,W/m^2,4:31:44,28/6/17,Day of week:,Wednesday,19.75,Grade Celsius,
0,0.00,W/m^2,4:31:47,28/6/17,Day of week:,Wednesday,19.75,Grade Celsius,
0,0.00,W/m^2,4:31:50,28/6/17,Day of week:,Wednesday,19.69,Grade Celsius,
0,0.00,W/m^2,4:31:53,28/6/17,Day of week:,Wednesday,19.69,Grade Celsius,
0,0.00,W/m^2,4:31:56,28/6/17,Day of week:,Wednesday,19.69,Grade Celsius,
0,0.00,W/m^2,4:32:00,28/6/17,Day of week:,Wednesday,19.69,Grade Celsius,
0,0.00,W/m^2,4:32:03,28/6/17,Day of week:,Wednesday,19.69,Grade Celsius,
0,0.00,W/m^2,4:32:06,28/6/17,Day of week:,Wednesday,19.75,Grade Celsius,
0,0.00,W/m^2,4:32:09,28/6/17,Day of week:,Wednesday,19.75,Grade Celsius,
0,0.00,W/m^2,4:32:12,28/6/17,Day of week:,Wednesday,19.75,Grade Celsius,
0,0.00,W/m^2,4:32:15,28/6/17,Day of week:,Wednesday,19.75,Grade Celsius,
0,0.00,W/m^2,4:32:18,28/6/17,Day of week:,Wednesday,19.69,Grade Celsius,
0,0.00,W/m^2,4:32:21,28/6/17,Day of week:,Wednesday,19.75,Grade Celsius,
0,0.00,W/m^2,4:32:24,28/6/17,Day of week:,Wednesday,19.75,Grade Celsius,
0,0.00,W/m^2,4:32:27,28/6/17,Day of week:,Wednesday,19.69,Grade Celsius,
0,0.00,W/m^2,4:32:30,28/6/17,Day of week:,Wednesday,19.69,Grade Celsius,
0,0.00,W/m^2,4:32:33,28/6/17,Day of week:,Wednesday,19.75,Grade Celsius,
0,0.00,W/m^2,4:32:36,28/6/17,Day of week:,Wednesday,19.69,Grade Celsius,
0,0.00,W/m^2,4:32:39,28/6/17,Day of week:,Wednesday,19.69,Grade Celsius,
0,0.00,W/m^2,4:32:42,28/6/17,Day of week:,Wednesday,19.69,Grade Celsius,
0,0.00,W/m^2,4:32:45,28/6/17,Day of week:,Wednesday,19.69,Grade Celsius,
0,0.00,W/m^2,4:32:49,28/6/17,Day of week:,Wednesday,19.69,Grade Celsius,
0,0.00,W/m^2,4:32:52,28/6/17,Day of week:,Wednesday,19.75,Grade Celsius,
0,0.00,W/m^2,4:32:55,28/6/17,Day of week:,Wednesday,19.75,Grade Celsius,
0,0.00,W/m^2,4:32:58,28/6/17,Day of week:,Wednesday,19.69,Grade Celsius,
0,0.00,W/m^2,4:33:01,28/6/17,Day of week:,Wednesday,19.69,Grade Celsius,
0,0.00,W/m^2,4:33:04,28/6/17,Day of week:,Wednesday,19.75,Grade Celsius,
0,0.00,W/m^2,4:33:07,28/6/17,Day of week:,Wednesday,19.75,Grade Celsius,
0,0.00,W/m^2,4:33:10,28/6/17,Day of week:,Wednesday,19.75,Grade Celsius,
0,0.00,W/m^2,4:33:13,28/6/17,Day of week:,Wednesday,19.75,Grade Celsius,
0,0.00,W/m^2,4:33:16,28/6/17,Day of week:,Wednesday,19.75,Grade Celsius,
0,0.00,W/m^2,4:33:19,28/6/17,Day of week:,Wednesday,19.75,Grade Celsius,
0,0.00,W/m^2,4:33:22,28/6/17,Day of week:,Wednesday,19.69,Grade Celsius,
0,0.00,W/m^2,4:33:25,28/6/17,Day of week:,Wednesday,19.75,Grade Celsius,
0,0.00,W/m^2,4:33:28,28/6/17,Day of week:,Wednesday,19.75,Grade Celsius,
0,0.00,W/m^2,4:33:31,28/6/17,Day of week:,Wednesday,19.69,Grade Celsius,
0,0.00,W/m^2,4:33:34,28/6/17,Day of week:,Wednesday,19.69,Grade Celsius,
0,0.00,W/m^2,4:33:37,28/6/17,Day of week:,Wednesday,19.69,Grade Celsius,
0,0.00,W/m^2,4:33:41,28/6/17,Day of week:,Wednesday,19.69,Grade Celsius,
0,0.00,W/m^2,4:33:44,28/6/17,Day of week:,Wednesday,19.69,Grade Celsius,
0,0.00,W/m^2,4:33:47,28/6/17,Day of week:,Wednesday,19.75,Grade Celsius,
0,0.00,W/m^2,4:33:50,28/6/17,Day of week:,Wednesday,19.75,Grade Celsius,
0,0.00,W/m^2,4:33:53,28/6/17,Day of week:,Wednesday,19.75,Grade Celsius,
0,0.00,W/m^2,4:33:56,28/6/17,Day of week:,Wednesday,19.69,Grade Celsius,
0,0.00,W/m^2,4:33:59,28/6/17,Day of week:,Wednesday,19.75,Grade Celsius,
0,0.00,W/m^2,4:34:02,28/6/17,Day of week:,Wednesday,19.75,Grade Celsius,
0,0.00,W/m^2,4:34:05,28/6/17,Day of week:,Wednesday,19.75,Grade Celsius,
0,0.00,W/m^2,4:34:08,28/6/17,Day of week:,Wednesday,19.75,Grade Celsius,
0,0.00,W/m^2,4:34:11,28/6/17,Day of week:,Wednesday,19.75,Grade Celsius,
0,0.00,W/m^2,4:34:14,28/6/17,Day of week:,Wednesday,19.69,Grade Celsius,
0,0.00,W/m^2,4:34:17,28/6/17,Day of week:,Wednesday,19.75,Grade Celsius,
0,0.00,W/m^2,4:34:20,28/6/17,Day of week:,Wednesday,19.69,Grade Celsius,
0,0.00,W/m^2,4:34:23,28/6/17,Day of week:,Wednesday,19.69,Grade Celsius,
0,0.00,W/m^2,4:34:26,28/6/17,Day of week:,Wednesday,19.69,Grade Celsius,
0,0.00,W/m^2,4:34:29,28/6/17,Day of week:,Wednesday,19.69,Grade Celsius,
0,0.00,W/m^2,4:34:33,28/6/17,Day of week:,Wednesday,19.75,Grade Celsius,
0,0.00,W/m^2,4:34:36,28/6/17,Day of week:,Wednesday,19.69,Grade Celsius,
0,0.00,W/m^2,4:34:39,28/6/17,Day of week:,Wednesday,19.69,Grade Celsius,
0,0.00,W/m^2,4:34:42,28/6/17,Day of week:,Wednesday,19.69,Grade Celsius,
0,0.00,W/m^2,4:34:45,28/6/17,Day of week:,Wednesday,19.69,Grade Celsius,
0,0.00,W/m^2,4:34:48,28/6/17,Day of week:,Wednesday,19.69,Grade Celsius,
0,0.00,W/m^2,4:34:51,28/6/17,Day of week:,Wednesday,19.69,Grade Celsius,
0,0.00,W/m^2,4:34:54,28/6/17,Day of week:,Wednesday,19.69,Grade Celsius,
0,0.00,W/m^2,4:34:57,28/6/17,Day of week:,Wednesday,19.75,Grade Celsius,
0,0.00,W/m^2,4:35:00,28/6/17,Day of week:,Wednesday,19.75,Grade Celsius,
0,0.00,W/m^2,4:35:03,28/6/17,Day of week:,Wednesday,19.69,Grade Celsius,
0,0.00,W/m^2,4:35:06,28/6/17,Day of week:,Wednesday,19.75,Grade Celsius,
0,0.00,W/m^2,4:35:09,28/6/17,Day of week:,Wednesday,19.69,Grade Celsius,
0,0.00,W/m^2,4:35:12,28/6/17,Day of week:,Wednesday,19.69,Grade Celsius,
0,0.00,W/m^2,4:35:15,28/6/17,Day of week:,Wednesday,19.69,Grade Celsius,
0,0.00,W/m^2,4:35:18,28/6/17,Day of week:,Wednesday,19.75,Grade Celsius,
0,0.00,W/m^2,4:35:22,28/6/17,Day of week:,Wednesday,19.75,Grade Celsius,
0,0.00,W/m^2,4:35:25,28/6/17,Day of week:,Wednesday,19.69,Grade Celsius,
0,0.00,W/m^2,4:35:28,28/6/17,Day of week:,Wednesday,19.75,Grade Celsius,
0,0.00,W/m^2,4:35:31,28/6/17,Day of week:,Wednesday,19.69,Grade Celsius,
0,0.00,W/m^2,4:35:34,28/6/17,Day of week:,Wednesday,19.69,Grade Celsius,
0,0.00,W/m^2,4:35:37,28/6/17,Day of week:,Wednesday,19.69,Grade Celsius,
0,0.00,W/m^2,4:35:40,28/6/17,Day of week:,Wednesday,19.69,Grade Celsius,
0,0.00,W/m^2,4:35:43,28/6/17,Day of week:,Wednesday,19.69,Grade Celsius,
0,0.00,W/m^2,4:35:46,28/6/17,Day of week:,Wednesday,19.75,Grade Celsius,
0,0.00,W/m^2,4:35:49,28/6/17,Day of week:,Wednesday,19.75,Grade Celsius,
0,0.00,W/m^2,4:35:52,28/6/17,Day of week:,Wednesday,19.75,Grade Celsius,
0,0.00,W/m^2,4:35:55,28/6/17,Day of week:,Wednesday,19.75,Grade Celsius,
0,0.00,W/m^2,4:35:58,28/6/17,Day of week:,Wednesday,19.75,Grade Celsius,
0,0.00,W/m^2,4:36:01,28/6/17,Day of week:,Wednesday,19.75,Grade Celsius,
0,0.00,W/m^2,4:36:04,28/6/17,Day of week:,Wednesday,19.75,Grade Celsius,
0,0.00,W/m^2,4:36:07,28/6/17,Day of week:,Wednesday,19.75,Grade Celsius,
0,0.00,W/m^2,4:36:10,28/6/17,Day of week:,Wednesday,19.75,Grade Celsius,
0,0.00,W/m^2,4:36:14,28/6/17,Day of week:,Wednesday,19.75,Grade Celsius,
0,0.00,W/m^2,4:36:17,28/6/17,Day of week:,Wednesday,19.75,Grade Celsius,
0,0.00,W/m^2,4:36:20,28/6/17,Day of week:,Wednesday,19.75,Grade Celsius,
0,0.00,W/m^2,4:36:23,28/6/17,Day of week:,Wednesday,19.75,Grade Celsius,
0,0.00,W/m^2,4:36:26,28/6/17,Day of week:,Wednesday,19.75,Grade Celsius,
0,0.00,W/m^2,4:36:29,28/6/17,Day of week:,Wednesday,19.81,Grade Celsius,
0,0.00,W/m^2,4:36:32,28/6/17,Day of week:,Wednesday,19.75,Grade Celsius,
0,0.00,W/m^2,4:36:35,28/6/17,Day of week:,Wednesday,19.81,Grade Celsius,
0,0.00,W/m^2,4:36:38,28/6/17,Day of week:,Wednesday,19.81,Grade Celsius,
0,0.00,W/m^2,4:36:41,28/6/17,Day of week:,Wednesday,19.81,Grade Celsius,
0,0.00,W/m^2,4:36:44,28/6/17,Day of week:,Wednesday,19.81,Grade Celsius,
0,0.00,W/m^2,4:36:47,28/6/17,Day of week:,Wednesday,19.81,Grade Celsius,
0,0.00,W/m^2,4:36:50,28/6/17,Day of week:,Wednesday,19.81,Grade Celsius,
0,0.00,W/m^2,4:36:53,28/6/17,Day of week:,Wednesday,19.81,Grade Celsius,
0,0.00,W/m^2,4:36:57,28/6/17,Day of week:,Wednesday,19.81,Grade Celsius,
0,0.00,W/m^2,4:37:00,28/6/17,Day of week:,Wednesday,19.81,Grade Celsius,
0,0.00,W/m^2,4:37:03,28/6/17,Day of week:,Wednesday,19.81,Grade Celsius,
0,0.00,W/m^2,4:37:06,28/6/17,Day of week:,Wednesday,19.81,Grade Celsius,
0,0.00,W/m^2,4:37:09,28/6/17,Day of week:,Wednesday,19.81,Grade Celsius,
0,0.00,W/m^2,4:37:12,28/6/17,Day of week:,Wednesday,19.75,Grade Celsius,
0,0.00,W/m^2,4:37:15,28/6/17,Day of week:,Wednesday,19.75,Grade Celsius,
0,0.00,W/m^2,4:37:18,28/6/17,Day of week:,Wednesday,19.75,Grade Celsius,
0,0.00,W/m^2,4:37:21,28/6/17,Day of week:,Wednesday,19.75,Grade Celsius,
0,0.00,W/m^2,4:37:24,28/6/17,Day of week:,Wednesday,19.75,Grade Celsius,
0,0.00,W/m^2,4:37:27,28/6/17,Day of week:,Wednesday,19.75,Grade Celsius,
0,0.00,W/m^2,4:37:30,28/6/17,Day of week:,Wednesday,19.75,Grade Celsius,
0,0.00,W/m^2,4:37:33,28/6/17,Day of week:,Wednesday,19.81,Grade Celsius,
0,0.00,W/m^2,4:37:36,28/6/17,Day of week:,Wednesday,19.81,Grade Celsius,
0,0.00,W/m^2,4:37:39,28/6/17,Day of week:,Wednesday,19.81,Grade Celsius,
0,0.00,W/m^2,4:37:42,28/6/17,Day of week:,Wednesday,19.81,Grade Celsius,
0,0.00,W/m^2,4:37:45,28/6/17,Day of week:,Wednesday,19.81,Grade Celsius,
0,0.00,W/m^2,4:37:49,28/6/17,Day of week:,Wednesday,19.81,Grade Celsius,
0,0.00,W/m^2,4:37:52,28/6/17,Day of week:,Wednesday,19.81,Grade Celsius,
0,0.00,W/m^2,4:37:55,28/6/17,Day of week:,Wednesday,19.81,Grade Celsius,
0,0.00,W/m^2,4:37:58,28/6/17,Day of week:,Wednesday,19.81,Grade Celsius,
0,0.00,W/m^2,4:38:01,28/6/17,Day of week:,Wednesday,19.81,Grade Celsius,
0,0.00,W/m^2,4:38:04,28/6/17,Day of week:,Wednesday,19.81,Grade Celsius,
0,0.00,W/m^2,4:38:07,28/6/17,Day of week:,Wednesday,19.81,Grade Celsius,
0,0.00,W/m^2,4:38:10,28/6/17,Day of week:,Wednesday,19.81,Grade Celsius,
0,0.00,W/m^2,4:38:13,28/6/17,Day of week:,Wednesday,19.81,Grade Celsius,
0,0.00,W/m^2,4:38:16,28/6/17,Day of week:,Wednesday,19.81,Grade Celsius,
0,0.00,W/m^2,4:38:19,28/6/17,Day of week:,Wednesday,19.81,Grade Celsius,
0,0.00,W/m^2,4:38:22,28/6/17,Day of week:,Wednesday,19.81,Grade Celsius,
0,0.00,W/m^2,4:38:25,28/6/17,Day of week:,Wednesday,19.81,Grade Celsius,
0,0.00,W/m^2,4:38:28,28/6/17,Day of week:,Wednesday,19.81,Grade Celsius,
0,0.00,W/m^2,4:38:31,28/6/17,Day of week:,Wednesday,19.75,Grade Celsius,
0,0.00,W/m^2,4:38:34,28/6/17,Day of week:,Wednesday,19.75,Grade Celsius,
0,0.00,W/m^2,4:38:37,28/6/17,Day of week:,Wednesday,19.75,Grade Celsius,
0,0.00,W/m^2,4:38:41,28/6/17,Day of week:,Wednesday,19.75,Grade Celsius,
0,0.00,W/m^2,4:38:44,28/6/17,Day of week:,Wednesday,19.81,Grade Celsius,
0,0.00,W/m^2,4:38:47,28/6/17,Day of week:,Wednesday,19.75,Grade Celsius,
0,0.00,W/m^2,4:38:50,28/6/17,Day of week:,Wednesday,19.81,Grade Celsius,
0,0.00,W/m^2,4:38:53,28/6/17,Day of week:,Wednesday,19.81,Grade Celsius,
0,0.00,W/m^2,4:38:56,28/6/17,Day of week:,Wednesday,19.81,Grade Celsius,
0,0.00,W/m^2,4:38:59,28/6/17,Day of week:,Wednesday,19.81,Grade Celsius,
0,0.00,W/m^2,4:39:02,28/6/17,Day of week:,Wednesday,19.81,Grade Celsius,
0,0.00,W/m^2,4:39:05,28/6/17,Day of week:,Wednesday,19.81,Grade Celsius,
0,0.00,W/m^2,4:39:08,28/6/17,Day of week:,Wednesday,19.81,Grade Celsius,
0,0.00,W/m^2,4:39:11,28/6/17,Day of week:,Wednesday,19.87,Grade Celsius,
0,0.00,W/m^2,4:39:14,28/6/17,Day of week:,Wednesday,19.81,Grade Celsius,
0,0.00,W/m^2,4:39:17,28/6/17,Day of week:,Wednesday,19.81,Grade Celsius,
0,0.00,W/m^2,4:39:20,28/6/17,Day of week:,Wednesday,19.81,Grade Celsius,
0,0.00,W/m^2,4:39:23,28/6/17,Day of week:,Wednesday,19.81,Grade Celsius,
0,0.00,W/m^2,4:39:26,28/6/17,Day of week:,Wednesday,19.81,Grade Celsius,
0,0.00,W/m^2,4:39:29,28/6/17,Day of week:,Wednesday,19.81,Grade Celsius,
0,0.00,W/m^2,4:39:33,28/6/17,Day of week:,Wednesday,19.81,Grade Celsius,
0,0.00,W/m^2,4:39:36,28/6/17,Day of week:,Wednesday,19.81,Grade Celsius,
0,0.00,W/m^2,4:39:39,28/6/17,Day of week:,Wednesday,19.81,Grade Celsius,
0,0.00,W/m^2,4:39:42,28/6/17,Day of week:,Wednesday,19.81,Grade Celsius,
0,0.00,W/m^2,4:39:45,28/6/17,Day of week:,Wednesday,19.81,Grade Celsius,
0,0.00,W/m^2,4:39:48,28/6/17,Day of week:,Wednesday,19.81,Grade Celsius,
0,0.00,W/m^2,4:39:51,28/6/17,Day of week:,Wednesday,19.81,Grade Celsius,
0,0.00,W/m^2,4:39:54,28/6/17,Day of week:,Wednesday,19.81,Grade Celsius,
0,0.00,W/m^2,4:39:57,28/6/17,Day of week:,Wednesday,19.81,Grade Celsius,
0,0.00,W/m^2,4:40:00,28/6/17,Day of week:,Wednesday,19.81,Grade Celsius,
0,0.00,W/m^2,4:40:03,28/6/17,Day of week:,Wednesday,19.81,Grade Celsius,
0,0.00,W/m^2,4:40:06,28/6/17,Day of week:,Wednesday,19.81,Grade Celsius,
0,0.00,W/m^2,4:40:09,28/6/17,Day of week:,Wednesday,19.81,Grade Celsius,
0,0.00,W/m^2,4:40:12,28/6/17,Day of week:,Wednesday,19.81,Grade Celsius,
0,0.00,W/m^2,4:40:15,28/6/17,Day of week:,Wednesday,19.81,Grade Celsius,
0,0.00,W/m^2,4:40:18,28/6/17,Day of week:,Wednesday,19.81,Grade Celsius,
0,0.00,W/m^2,4:40:22,28/6/17,Day of week:,Wednesday,19.81,Grade Celsius,
0,0.00,W/m^2,4:40:25,28/6/17,Day of week:,Wednesday,19.81,Grade Celsius,
0,0.00,W/m^2,4:40:28,28/6/17,Day of week:,Wednesday,19.81,Grade Celsius,
0,0.00,W/m^2,4:40:31,28/6/17,Day of week:,Wednesday,19.81,Grade Celsius,
0,0.00,W/m^2,4:40:34,28/6/17,Day of week:,Wednesday,19.81,Grade Celsius,
0,0.00,W/m^2,4:40:37,28/6/17,Day of week:,Wednesday,19.81,Grade Celsius,
0,0.00,W/m^2,4:40:40,28/6/17,Day of week:,Wednesday,19.81,Grade Celsius,
0,0.00,W/m^2,4:40:43,28/6/17,Day of week:,Wednesday,19.81,Grade Celsius,
0,0.00,W/m^2,4:40:46,28/6/17,Day of week:,Wednesday,19.81,Grade Celsius,
0,0.00,W/m^2,4:40:49,28/6/17,Day of week:,Wednesday,19.81,Grade Celsius,
0,0.00,W/m^2,4:40:52,28/6/17,Day of week:,Wednesday,19.81,Grade Celsius,
0,0.00,W/m^2,4:40:55,28/6/17,Day of week:,Wednesday,19.81,Grade Celsius,
0,0.00,W/m^2,4:40:58,28/6/17,Day of week:,Wednesday,19.81,Grade Celsius,
0,0.00,W/m^2,4:41:01,28/6/17,Day of week:,Wednesday,19.81,Grade Celsius,
0,0.00,W/m^2,4:41:04,28/6/17,Day of week:,Wednesday,19.81,Grade Celsius,
0,0.00,W/m^2,4:41:07,28/6/17,Day of week:,Wednesday,19.81,Grade Celsius,
0,0.00,W/m^2,4:41:10,28/6/17,Day of week:,Wednesday,19.81,Grade Celsius,
0,0.00,W/m^2,4:41:14,28/6/17,Day of week:,Wednesday,19.81,Grade Celsius,
0,0.00,W/m^2,4:41:17,28/6/17,Day of week:,Wednesday,19.81,Grade Celsius,
0,0.00,W/m^2,4:41:20,28/6/17,Day of week:,Wednesday,19.81,Grade Celsius,
0,0.00,W/m^2,4:41:23,28/6/17,Day of week:,Wednesday,19.81,Grade Celsius,
0,0.00,W/m^2,4:41:26,28/6/17,Day of week:,Wednesday,19.81,Grade Celsius,
0,0.00,W/m^2,4:41:29,28/6/17,Day of week:,Wednesday,19.81,Grade Celsius,
0,0.00,W/m^2,4:41:32,28/6/17,Day of week:,Wednesday,19.81,Grade Celsius,
0,0.00,W/m^2,4:41:35,28/6/17,Day of week:,Wednesday,19.81,Grade Celsius,
0,0.00,W/m^2,4:41:38,28/6/17,Day of week:,Wednesday,19.81,Grade Celsius,
0,0.00,W/m^2,4:41:41,28/6/17,Day of week:,Wednesday,19.81,Grade Celsius,
0,0.00,W/m^2,4:41:44,28/6/17,Day of week:,Wednesday,19.81,Grade Celsius,
0,0.00,W/m^2,4:41:47,28/6/17,Day of week:,Wednesday,19.81,Grade Celsius,
0,0.00,W/m^2,4:41:50,28/6/17,Day of week:,Wednesday,19.81,Grade Celsius,
0,0.00,W/m^2,4:41:53,28/6/17,Day of week:,Wednesday,19.81,Grade Celsius,
0,0.00,W/m^2,4:41:56,28/6/17,Day of week:,Wednesday,19.81,Grade Celsius,
0,0.00,W/m^2,4:41:59,28/6/17,Day of week:,Wednesday,19.81,Grade Celsius,
0,0.00,W/m^2,4:42:03,28/6/17,Day of week:,Wednesday,19.87,Grade Celsius,
0,0.00,W/m^2,4:42:06,28/6/17,Day of week:,Wednesday,19.81,Grade Celsius,
0,0.00,W/m^2,4:42:09,28/6/17,Day of week:,Wednesday,19.81,Grade Celsius,
0,0.00,W/m^2,4:42:12,28/6/17,Day of week:,Wednesday,19.81,Grade Celsius,
0,0.00,W/m^2,4:42:15,28/6/17,Day of week:,Wednesday,19.81,Grade Celsius,
0,0.00,W/m^2,4:42:18,28/6/17,Day of week:,Wednesday,19.87,Grade Celsius,
0,0.00,W/m^2,4:42:21,28/6/17,Day of week:,Wednesday,19.81,Grade Celsius,
0,0.00,W/m^2,4:42:24,28/6/17,Day of week:,Wednesday,19.81,Grade Celsius,
0,0.00,W/m^2,4:42:27,28/6/17,Day of week:,Wednesday,19.81,Grade Celsius,
0,0.00,W/m^2,4:42:30,28/6/17,Day of week:,Wednesday,19.81,Grade Celsius,
0,0.00,W/m^2,4:42:33,28/6/17,Day of week:,Wednesday,19.87,Grade Celsius,
0,0.00,W/m^2,4:42:36,28/6/17,Day of week:,Wednesday,19.87,Grade Celsius,
0,0.00,W/m^2,4:42:39,28/6/17,Day of week:,Wednesday,19.87,Grade Celsius,
0,0.00,W/m^2,4:42:42,28/6/17,Day of week:,Wednesday,19.87,Grade Celsius,
0,0.00,W/m^2,4:42:45,28/6/17,Day of week:,Wednesday,19.87,Grade Celsius,
0,0.00,W/m^2,4:42:48,28/6/17,Day of week:,Wednesday,19.87,Grade Celsius,
0,0.00,W/m^2,4:42:52,28/6/17,Day of week:,Wednesday,19.87,Grade Celsius,
0,0.00,W/m^2,4:42:55,28/6/17,Day of week:,Wednesday,19.87,Grade Celsius,
0,0.00,W/m^2,4:42:58,28/6/17,Day of week:,Wednesday,19.87,Grade Celsius,
0,0.00,W/m^2,4:43:01,28/6/17,Day of week:,Wednesday,19.87,Grade Celsius,
0,0.00,W/m^2,4:43:04,28/6/17,Day of week:,Wednesday,19.87,Grade Celsius,
0,0.00,W/m^2,4:43:07,28/6/17,Day of week:,Wednesday,19.87,Grade Celsius,
0,0.00,W/m^2,4:43:10,28/6/17,Day of week:,Wednesday,19.87,Grade Celsius,
0,0.00,W/m^2,4:43:13,28/6/17,Day of week:,Wednesday,19.87,Grade Celsius,
0,0.00,W/m^2,4:43:16,28/6/17,Day of week:,Wednesday,19.81,Grade Celsius,
0,0.00,W/m^2,4:43:19,28/6/17,Day of week:,Wednesday,19.81,Grade Celsius,
0,0.00,W/m^2,4:43:22,28/6/17,Day of week:,Wednesday,19.81,Grade Celsius,
0,0.00,W/m^2,4:43:25,28/6/17,Day of week:,Wednesday,19.81,Grade Celsius,
0,0.00,W/m^2,4:43:28,28/6/17,Day of week:,Wednesday,19.81,Grade Celsius,
0,0.00,W/m^2,4:43:31,28/6/17,Day of week:,Wednesday,19.87,Grade Celsius,
0,0.00,W/m^2,4:43:34,28/6/17,Day of week:,Wednesday,19.81,Grade Celsius,
0,0.00,W/m^2,4:43:37,28/6/17,Day of week:,Wednesday,19.81,Grade Celsius,
0,0.00,W/m^2,4:43:40,28/6/17,Day of week:,Wednesday,19.81,Grade Celsius,
0,0.00,W/m^2,4:43:44,28/6/17,Day of week:,Wednesday,19.81,Grade Celsius,
0,0.00,W/m^2,4:43:47,28/6/17,Day of week:,Wednesday,19.81,Grade Celsius,
0,0.00,W/m^2,4:43:50,28/6/17,Day of week:,Wednesday,19.81,Grade Celsius,
0,0.00,W/m^2,4:43:53,28/6/17,Day of week:,Wednesday,19.81,Grade Celsius,
0,0.00,W/m^2,4:43:56,28/6/17,Day of week:,Wednesday,19.81,Grade Celsius,
0,0.00,W/m^2,4:43:59,28/6/17,Day of week:,Wednesday,19.81,Grade Celsius,
0,0.00,W/m^2,4:44:02,28/6/17,Day of week:,Wednesday,19.81,Grade Celsius,
0,0.00,W/m^2,4:44:05,28/6/17,Day of week:,Wednesday,19.81,Grade Celsius,
0,0.00,W/m^2,4:44:08,28/6/17,Day of week:,Wednesday,19.81,Grade Celsius,
0,0.00,W/m^2,4:44:11,28/6/17,Day of week:,Wednesday,19.81,Grade Celsius,
0,0.00,W/m^2,4:44:14,28/6/17,Day of week:,Wednesday,19.81,Grade Celsius,
0,0.00,W/m^2,4:44:17,28/6/17,Day of week:,Wednesday,19.81,Grade Celsius,
0,0.00,W/m^2,4:44:20,28/6/17,Day of week:,Wednesday,19.81,Grade Celsius,
0,0.00,W/m^2,4:44:23,28/6/17,Day of week:,Wednesday,19.81,Grade Celsius,
0,0.00,W/m^2,4:44:26,28/6/17,Day of week:,Wednesday,19.81,Grade Celsius,
0,0.00,W/m^2,4:44:29,28/6/17,Day of week:,Wednesday,19.81,Grade Celsius,
0,0.00,W/m^2,4:44:32,28/6/17,Day of week:,Wednesday,19.81,Grade Celsius,
0,0.00,W/m^2,4:44:36,28/6/17,Day of week:,Wednesday,19.81,Grade Celsius,
0,0.00,W/m^2,4:44:39,28/6/17,Day of week:,Wednesday,19.81,Grade Celsius,
0,0.00,W/m^2,4:44:42,28/6/17,Day of week:,Wednesday,19.81,Grade Celsius,
0,0.00,W/m^2,4:44:45,28/6/17,Day of week:,Wednesday,19.81,Grade Celsius,
0,0.00,W/m^2,4:44:48,28/6/17,Day of week:,Wednesday,19.81,Grade Celsius,
0,0.00,W/m^2,4:44:51,28/6/17,Day of week:,Wednesday,19.81,Grade Celsius,
0,0.00,W/m^2,4:44:54,28/6/17,Day of week:,Wednesday,19.81,Grade Celsius,
0,0.00,W/m^2,4:44:57,28/6/17,Day of week:,Wednesday,19.81,Grade Celsius,
0,0.00,W/m^2,4:45:00,28/6/17,Day of week:,Wednesday,19.81,Grade Celsius,
0,0.00,W/m^2,4:45:03,28/6/17,Day of week:,Wednesday,19.81,Grade Celsius,
0,0.00,W/m^2,4:45:06,28/6/17,Day of week:,Wednesday,19.81,Grade Celsius,
0,0.00,W/m^2,4:45:09,28/6/17,Day of week:,Wednesday,19.81,Grade Celsius,
0,0.00,W/m^2,4:45:12,28/6/17,Day of week:,Wednesday,19.81,Grade Celsius,
0,0.00,W/m^2,4:45:15,28/6/17,Day of week:,Wednesday,19.81,Grade Celsius,
0,0.00,W/m^2,4:45:18,28/6/17,Day of week:,Wednesday,19.81,Grade Celsius,
0,0.00,W/m^2,4:45:21,28/6/17,Day of week:,Wednesday,19.81,Grade Celsius,
0,0.00,W/m^2,4:45:25,28/6/17,Day of week:,Wednesday,19.81,Grade Celsius,
0,0.00,W/m^2,4:45:28,28/6/17,Day of week:,Wednesday,19.81,Grade Celsius,
0,0.00,W/m^2,4:45:31,28/6/17,Day of week:,Wednesday,19.81,Grade Celsius,
0,0.00,W/m^2,4:45:34,28/6/17,Day of week:,Wednesday,19.81,Grade Celsius,
0,0.00,W/m^2,4:45:37,28/6/17,Day of week:,Wednesday,19.81,Grade Celsius,
0,0.00,W/m^2,4:45:40,28/6/17,Day of week:,Wednesday,19.81,Grade Celsius,
0,0.00,W/m^2,4:45:43,28/6/17,Day of week:,Wednesday,19.81,Grade Celsius,
0,0.00,W/m^2,4:45:46,28/6/17,Day of week:,Wednesday,19.81,Grade Celsius,
0,0.00,W/m^2,4:45:49,28/6/17,Day of week:,Wednesday,19.81,Grade Celsius,
0,0.00,W/m^2,4:45:52,28/6/17,Day of week:,Wednesday,19.81,Grade Celsius,
0,0.00,W/m^2,4:45:55,28/6/17,Day of week:,Wednesday,19.81,Grade Celsius,
0,0.00,W/m^2,4:45:58,28/6/17,Day of week:,Wednesday,19.81,Grade Celsius,
0,0.00,W/m^2,4:46:01,28/6/17,Day of week:,Wednesday,19.81,Grade Celsius,
0,0.00,W/m^2,4:46:04,28/6/17,Day of week:,Wednesday,19.81,Grade Celsius,
0,0.00,W/m^2,4:46:07,28/6/17,Day of week:,Wednesday,19.81,Grade Celsius,
0,0.00,W/m^2,4:46:10,28/6/17,Day of week:,Wednesday,19.81,Grade Celsius,
0,0.00,W/m^2,4:46:13,28/6/17,Day of week:,Wednesday,19.81,Grade Celsius,
0,0.00,W/m^2,4:46:17,28/6/17,Day of week:,Wednesday,19.81,Grade Celsius,
0,0.00,W/m^2,4:46:20,28/6/17,Day of week:,Wednesday,19.81,Grade Celsius,
0,0.00,W/m^2,4:46:23,28/6/17,Day of week:,Wednesday,19.81,Grade Celsius,
0,0.00,W/m^2,4:46:26,28/6/17,Day of week:,Wednesday,19.81,Grade Celsius,
0,0.00,W/m^2,4:46:29,28/6/17,Day of week:,Wednesday,19.81,Grade Celsius,
0,0.00,W/m^2,4:46:32,28/6/17,Day of week:,Wednesday,19.81,Grade Celsius,
0,0.00,W/m^2,4:46:35,28/6/17,Day of week:,Wednesday,19.81,Grade Celsius,
0,0.00,W/m^2,4:46:38,28/6/17,Day of week:,Wednesday,19.81,Grade Celsius,
0,0.00,W/m^2,4:46:41,28/6/17,Day of week:,Wednesday,19.81,Grade Celsius,
0,0.00,W/m^2,4:46:44,28/6/17,Day of week:,Wednesday,19.81,Grade Celsius,
0,0.00,W/m^2,4:46:47,28/6/17,Day of week:,Wednesday,19.81,Grade Celsius,
0,0.00,W/m^2,4:46:50,28/6/17,Day of week:,Wednesday,19.81,Grade Celsius,
0,0.00,W/m^2,4:46:53,28/6/17,Day of week:,Wednesday,19.81,Grade Celsius,
0,0.00,W/m^2,4:46:56,28/6/17,Day of week:,Wednesday,19.81,Grade Celsius,
0,0.00,W/m^2,4:46:59,28/6/17,Day of week:,Wednesday,19.81,Grade Celsius,
0,0.00,W/m^2,4:47:02,28/6/17,Day of week:,Wednesday,19.81,Grade Celsius,
0,0.00,W/m^2,4:47:05,28/6/17,Day of week:,Wednesday,19.81,Grade Celsius,
0,0.00,W/m^2,4:47:09,28/6/17,Day of week:,Wednesday,19.81,Grade Celsius,
0,0.00,W/m^2,4:47:12,28/6/17,Day of week:,Wednesday,19.81,Grade Celsius,
0,0.00,W/m^2,4:47:15,28/6/17,Day of week:,Wednesday,19.81,Grade Celsius,
0,0.00,W/m^2,4:47:18,28/6/17,Day of week:,Wednesday,19.81,Grade Celsius,
0,0.00,W/m^2,4:47:21,28/6/17,Day of week:,Wednesday,19.81,Grade Celsius,
0,0.00,W/m^2,4:47:24,28/6/17,Day of week:,Wednesday,19.81,Grade Celsius,
0,0.00,W/m^2,4:47:27,28/6/17,Day of week:,Wednesday,19.81,Grade Celsius,
0,0.00,W/m^2,4:47:30,28/6/17,Day of week:,Wednesday,19.81,Grade Celsius,
0,0.00,W/m^2,4:47:33,28/6/17,Day of week:,Wednesday,19.87,Grade Celsius,
0,0.00,W/m^2,4:47:36,28/6/17,Day of week:,Wednesday,19.87,Grade Celsius,
0,0.00,W/m^2,4:47:39,28/6/17,Day of week:,Wednesday,19.87,Grade Celsius,
0,0.00,W/m^2,4:47:42,28/6/17,Day of week:,Wednesday,19.87,Grade Celsius,
0,0.00,W/m^2,4:47:45,28/6/17,Day of week:,Wednesday,19.87,Grade Celsius,
0,0.00,W/m^2,4:47:48,28/6/17,Day of week:,Wednesday,19.87,Grade Celsius,
0,0.00,W/m^2,4:47:51,28/6/17,Day of week:,Wednesday,19.87,Grade Celsius,
0,0.00,W/m^2,4:47:54,28/6/17,Day of week:,Wednesday,19.87,Grade Celsius,
0,0.00,W/m^2,4:47:57,28/6/17,Day of week:,Wednesday,19.87,Grade Celsius,
0,0.00,W/m^2,4:48:01,28/6/17,Day of week:,Wednesday,19.87,Grade Celsius,
0,0.00,W/m^2,4:48:04,28/6/17,Day of week:,Wednesday,19.81,Grade Celsius,
0,0.00,W/m^2,4:48:07,28/6/17,Day of week:,Wednesday,19.87,Grade Celsius,
0,0.00,W/m^2,4:48:10,28/6/17,Day of week:,Wednesday,19.81,Grade Celsius,
0,0.00,W/m^2,4:48:13,28/6/17,Day of week:,Wednesday,19.81,Grade Celsius,
0,0.00,W/m^2,4:48:16,28/6/17,Day of week:,Wednesday,19.81,Grade Celsius,
0,0.00,W/m^2,4:48:19,28/6/17,Day of week:,Wednesday,19.81,Grade Celsius,
0,0.00,W/m^2,4:48:22,28/6/17,Day of week:,Wednesday,19.81,Grade Celsius,
0,0.00,W/m^2,4:48:25,28/6/17,Day of week:,Wednesday,19.81,Grade Celsius,
0,0.00,W/m^2,4:48:28,28/6/17,Day of week:,Wednesday,19.81,Grade Celsius,
0,0.00,W/m^2,4:48:31,28/6/17,Day of week:,Wednesday,19.81,Grade Celsius,
0,0.00,W/m^2,4:48:34,28/6/17,Day of week:,Wednesday,19.81,Grade Celsius,
0,0.00,W/m^2,4:48:37,28/6/17,Day of week:,Wednesday,19.81,Grade Celsius,
0,0.00,W/m^2,4:48:40,28/6/17,Day of week:,Wednesday,19.81,Grade Celsius,
0,0.00,W/m^2,4:48:44,28/6/17,Day of week:,Wednesday,19.81,Grade Celsius,
0,0.00,W/m^2,4:48:47,28/6/17,Day of week:,Wednesday,19.81,Grade Celsius,
0,0.00,W/m^2,4:48:50,28/6/17,Day of week:,Wednesday,19.81,Grade Celsius,
0,0.00,W/m^2,4:48:53,28/6/17,Day of week:,Wednesday,19.81,Grade Celsius,
0,0.00,W/m^2,4:48:56,28/6/17,Day of week:,Wednesday,19.81,Grade Celsius,
0,0.00,W/m^2,4:48:59,28/6/17,Day of week:,Wednesday,19.81,Grade Celsius,
0,0.00,W/m^2,4:49:02,28/6/17,Day of week:,Wednesday,19.81,Grade Celsius,
0,0.00,W/m^2,4:49:05,28/6/17,Day of week:,Wednesday,19.81,Grade Celsius,
0,0.00,W/m^2,4:49:08,28/6/17,Day of week:,Wednesday,19.81,Grade Celsius,
0,0.00,W/m^2,4:49:11,28/6/17,Day of week:,Wednesday,19.81,Grade Celsius,
0,0.00,W/m^2,4:49:14,28/6/17,Day of week:,Wednesday,19.81,Grade Celsius,
0,0.00,W/m^2,4:49:17,28/6/17,Day of week:,Wednesday,19.81,Grade Celsius,
0,0.00,W/m^2,4:49:20,28/6/17,Day of week:,Wednesday,19.81,Grade Celsius,
0,0.00,W/m^2,4:49:23,28/6/17,Day of week:,Wednesday,19.81,Grade Celsius,
0,0.00,W/m^2,4:49:26,28/6/17,Day of week:,Wednesday,19.81,Grade Celsius,
0,0.00,W/m^2,4:49:29,28/6/17,Day of week:,Wednesday,19.81,Grade Celsius,
0,0.00,W/m^2,4:49:33,28/6/17,Day of week:,Wednesday,19.81,Grade Celsius,
0,0.00,W/m^2,4:49:36,28/6/17,Day of week:,Wednesday,19.87,Grade Celsius,
0,0.00,W/m^2,4:49:39,28/6/17,Day of week:,Wednesday,19.81,Grade Celsius,
0,0.00,W/m^2,4:49:42,28/6/17,Day of week:,Wednesday,19.81,Grade Celsius,
0,0.00,W/m^2,4:49:45,28/6/17,Day of week:,Wednesday,19.81,Grade Celsius,
0,0.00,W/m^2,4:49:48,28/6/17,Day of week:,Wednesday,19.81,Grade Celsius,
0,0.00,W/m^2,4:49:51,28/6/17,Day of week:,Wednesday,19.81,Grade Celsius,
0,0.00,W/m^2,4:49:54,28/6/17,Day of week:,Wednesday,19.81,Grade Celsius,
0,0.00,W/m^2,4:49:57,28/6/17,Day of week:,Wednesday,19.81,Grade Celsius,
0,0.00,W/m^2,4:50:00,28/6/17,Day of week:,Wednesday,19.81,Grade Celsius,
0,0.00,W/m^2,4:50:03,28/6/17,Day of week:,Wednesday,19.87,Grade Celsius,
0,0.00,W/m^2,4:50:06,28/6/17,Day of week:,Wednesday,19.87,Grade Celsius,
0,0.00,W/m^2,4:50:09,28/6/17,Day of week:,Wednesday,19.87,Grade Celsius,
0,0.00,W/m^2,4:50:12,28/6/17,Day of week:,Wednesday,19.87,Grade Celsius,
0,0.00,W/m^2,4:50:15,28/6/17,Day of week:,Wednesday,19.87,Grade Celsius,
0,0.00,W/m^2,4:50:18,28/6/17,Day of week:,Wednesday,19.81,Grade Celsius,
0,0.00,W/m^2,4:50:21,28/6/17,Day of week:,Wednesday,19.81,Grade Celsius,
0,0.00,W/m^2,4:50:25,28/6/17,Day of week:,Wednesday,19.87,Grade Celsius,
0,0.00,W/m^2,4:50:28,28/6/17,Day of week:,Wednesday,19.81,Grade Celsius,
0,0.00,W/m^2,4:50:31,28/6/17,Day of week:,Wednesday,19.81,Grade Celsius,
0,0.00,W/m^2,4:50:34,28/6/17,Day of week:,Wednesday,19.81,Grade Celsius,
0,0.00,W/m^2,4:50:37,28/6/17,Day of week:,Wednesday,19.81,Grade Celsius,
0,0.00,W/m^2,4:50:40,28/6/17,Day of week:,Wednesday,19.81,Grade Celsius,
0,0.00,W/m^2,4:50:43,28/6/17,Day of week:,Wednesday,19.81,Grade Celsius,
0,0.00,W/m^2,4:50:46,28/6/17,Day of week:,Wednesday,19.81,Grade Celsius,
0,0.00,W/m^2,4:50:49,28/6/17,Day of week:,Wednesday,19.81,Grade Celsius,
0,0.00,W/m^2,4:50:52,28/6/17,Day of week:,Wednesday,19.81,Grade Celsius,
0,0.00,W/m^2,4:50:55,28/6/17,Day of week:,Wednesday,19.81,Grade Celsius,
0,0.00,W/m^2,4:50:58,28/6/17,Day of week:,Wednesday,19.81,Grade Celsius,
0,0.00,W/m^2,4:51:01,28/6/17,Day of week:,Wednesday,19.81,Grade Celsius,
0,0.00,W/m^2,4:51:04,28/6/17,Day of week:,Wednesday,19.81,Grade Celsius,
0,0.00,W/m^2,4:51:07,28/6/17,Day of week:,Wednesday,19.81,Grade Celsius,
0,0.00,W/m^2,4:51:10,28/6/17,Day of week:,Wednesday,19.81,Grade Celsius,
0,0.00,W/m^2,4:51:14,28/6/17,Day of week:,Wednesday,19.81,Grade Celsius,
0,0.00,W/m^2,4:51:17,28/6/17,Day of week:,Wednesday,19.81,Grade Celsius,
0,0.00,W/m^2,4:51:20,28/6/17,Day of week:,Wednesday,19.81,Grade Celsius,
0,0.00,W/m^2,4:51:23,28/6/17,Day of week:,Wednesday,19.81,Grade Celsius,
0,0.00,W/m^2,4:51:26,28/6/17,Day of week:,Wednesday,19.81,Grade Celsius,
0,0.00,W/m^2,4:51:29,28/6/17,Day of week:,Wednesday,19.81,Grade Celsius,
0,0.00,W/m^2,4:51:32,28/6/17,Day of week:,Wednesday,19.81,Grade Celsius,
0,0.00,W/m^2,4:51:35,28/6/17,Day of week:,Wednesday,19.81,Grade Celsius,
0,0.00,W/m^2,4:51:38,28/6/17,Day of week:,Wednesday,19.81,Grade Celsius,
0,0.00,W/m^2,4:51:41,28/6/17,Day of week:,Wednesday,19.81,Grade Celsius,
0,0.00,W/m^2,4:51:44,28/6/17,Day of week:,Wednesday,19.81,Grade Celsius,
0,0.00,W/m^2,4:51:47,28/6/17,Day of week:,Wednesday,19.81,Grade Celsius,
0,0.00,W/m^2,4:51:50,28/6/17,Day of week:,Wednesday,19.81,Grade Celsius,
0,0.00,W/m^2,4:51:53,28/6/17,Day of week:,Wednesday,19.75,Grade Celsius,
0,0.00,W/m^2,4:51:56,28/6/17,Day of week:,Wednesday,19.75,Grade Celsius,
0,0.00,W/m^2,4:51:59,28/6/17,Day of week:,Wednesday,19.75,Grade Celsius,
0,0.00,W/m^2,4:52:02,28/6/17,Day of week:,Wednesday,19.75,Grade Celsius,
0,0.00,W/m^2,4:52:06,28/6/17,Day of week:,Wednesday,19.75,Grade Celsius,
0,0.00,W/m^2,4:52:09,28/6/17,Day of week:,Wednesday,19.75,Grade Celsius,
0,0.00,W/m^2,4:52:12,28/6/17,Day of week:,Wednesday,19.75,Grade Celsius,
0,0.00,W/m^2,4:52:15,28/6/17,Day of week:,Wednesday,19.75,Grade Celsius,
0,0.00,W/m^2,4:52:18,28/6/17,Day of week:,Wednesday,19.75,Grade Celsius,
0,0.00,W/m^2,4:52:21,28/6/17,Day of week:,Wednesday,19.75,Grade Celsius,
0,0.00,W/m^2,4:52:24,28/6/17,Day of week:,Wednesday,19.75,Grade Celsius,
0,0.00,W/m^2,4:52:27,28/6/17,Day of week:,Wednesday,19.75,Grade Celsius,
0,0.00,W/m^2,4:52:30,28/6/17,Day of week:,Wednesday,19.75,Grade Celsius,
0,0.00,W/m^2,4:52:33,28/6/17,Day of week:,Wednesday,19.75,Grade Celsius,
0,0.00,W/m^2,4:52:36,28/6/17,Day of week:,Wednesday,19.75,Grade Celsius,
0,0.00,W/m^2,4:52:39,28/6/17,Day of week:,Wednesday,19.75,Grade Celsius,
0,0.00,W/m^2,4:52:42,28/6/17,Day of week:,Wednesday,19.75,Grade Celsius,
0,0.00,W/m^2,4:52:45,28/6/17,Day of week:,Wednesday,19.75,Grade Celsius,
0,0.00,W/m^2,4:52:48,28/6/17,Day of week:,Wednesday,19.75,Grade Celsius,
0,0.00,W/m^2,4:52:51,28/6/17,Day of week:,Wednesday,19.75,Grade Celsius,
0,0.00,W/m^2,4:52:54,28/6/17,Day of week:,Wednesday,19.75,Grade Celsius,
0,0.00,W/m^2,4:52:58,28/6/17,Day of week:,Wednesday,19.75,Grade Celsius,
0,0.00,W/m^2,4:53:01,28/6/17,Day of week:,Wednesday,19.75,Grade Celsius,
0,0.00,W/m^2,4:53:04,28/6/17,Day of week:,Wednesday,19.75,Grade Celsius,
0,0.00,W/m^2,4:53:07,28/6/17,Day of week:,Wednesday,19.75,Grade Celsius,
0,0.00,W/m^2,4:53:10,28/6/17,Day of week:,Wednesday,19.75,Grade Celsius,
0,0.00,W/m^2,4:53:13,28/6/17,Day of week:,Wednesday,19.75,Grade Celsius,
0,0.00,W/m^2,4:53:16,28/6/17,Day of week:,Wednesday,19.75,Grade Celsius,
0,0.00,W/m^2,4:53:19,28/6/17,Day of week:,Wednesday,19.75,Grade Celsius,
0,0.00,W/m^2,4:53:22,28/6/17,Day of week:,Wednesday,19.75,Grade Celsius,
0,0.00,W/m^2,4:53:25,28/6/17,Day of week:,Wednesday,19.75,Grade Celsius,
0,0.00,W/m^2,4:53:28,28/6/17,Day of week:,Wednesday,19.75,Grade Celsius,
0,0.00,W/m^2,4:53:31,28/6/17,Day of week:,Wednesday,19.75,Grade Celsius,
0,0.00,W/m^2,4:53:34,28/6/17,Day of week:,Wednesday,19.75,Grade Celsius,
0,0.00,W/m^2,4:53:37,28/6/17,Day of week:,Wednesday,19.75,Grade Celsius,
0,0.00,W/m^2,4:53:40,28/6/17,Day of week:,Wednesday,19.75,Grade Celsius,
0,0.00,W/m^2,4:53:43,28/6/17,Day of week:,Wednesday,19.75,Grade Celsius,
0,0.00,W/m^2,4:53:47,28/6/17,Day of week:,Wednesday,19.75,Grade Celsius,
0,0.00,W/m^2,4:53:50,28/6/17,Day of week:,Wednesday,19.75,Grade Celsius,
0,0.00,W/m^2,4:53:53,28/6/17,Day of week:,Wednesday,19.75,Grade Celsius,
0,0.00,W/m^2,4:53:56,28/6/17,Day of week:,Wednesday,19.75,Grade Celsius,
0,0.00,W/m^2,4:53:59,28/6/17,Day of week:,Wednesday,19.75,Grade Celsius,
0,0.00,W/m^2,4:54:02,28/6/17,Day of week:,Wednesday,19.75,Grade Celsius,
0,0.00,W/m^2,4:54:05,28/6/17,Day of week:,Wednesday,19.75,Grade Celsius,
0,0.00,W/m^2,4:54:08,28/6/17,Day of week:,Wednesday,19.75,Grade Celsius,
0,0.00,W/m^2,4:54:11,28/6/17,Day of week:,Wednesday,19.75,Grade Celsius,
0,0.00,W/m^2,4:54:14,28/6/17,Day of week:,Wednesday,19.75,Grade Celsius,
0,0.00,W/m^2,4:54:17,28/6/17,Day of week:,Wednesday,19.75,Grade Celsius,
0,0.00,W/m^2,4:54:20,28/6/17,Day of week:,Wednesday,19.75,Grade Celsius,
0,0.00,W/m^2,4:54:23,28/6/17,Day of week:,Wednesday,19.75,Grade Celsius,
0,0.00,W/m^2,4:54:26,28/6/17,Day of week:,Wednesday,19.69,Grade Celsius,
0,0.00,W/m^2,4:54:29,28/6/17,Day of week:,Wednesday,19.69,Grade Celsius,
0,0.00,W/m^2,4:54:32,28/6/17,Day of week:,Wednesday,19.75,Grade Celsius,
0,0.00,W/m^2,4:54:35,28/6/17,Day of week:,Wednesday,19.75,Grade Celsius,
0,0.00,W/m^2,4:54:39,28/6/17,Day of week:,Wednesday,19.75,Grade Celsius,
0,0.00,W/m^2,4:54:42,28/6/17,Day of week:,Wednesday,19.69,Grade Celsius,
0,0.00,W/m^2,4:54:45,28/6/17,Day of week:,Wednesday,19.69,Grade Celsius,
0,0.00,W/m^2,4:54:48,28/6/17,Day of week:,Wednesday,19.69,Grade Celsius,
0,0.00,W/m^2,4:54:51,28/6/17,Day of week:,Wednesday,19.69,Grade Celsius,
0,0.00,W/m^2,4:54:54,28/6/17,Day of week:,Wednesday,19.69,Grade Celsius,
0,0.00,W/m^2,4:54:57,28/6/17,Day of week:,Wednesday,19.69,Grade Celsius,
0,0.00,W/m^2,4:55:00,28/6/17,Day of week:,Wednesday,19.69,Grade Celsius,
0,0.00,W/m^2,4:55:03,28/6/17,Day of week:,Wednesday,19.69,Grade Celsius,
0,0.00,W/m^2,4:55:06,28/6/17,Day of week:,Wednesday,19.69,Grade Celsius,
0,0.00,W/m^2,4:55:09,28/6/17,Day of week:,Wednesday,19.75,Grade Celsius,
0,0.00,W/m^2,4:55:12,28/6/17,Day of week:,Wednesday,19.75,Grade Celsius,
0,0.00,W/m^2,4:55:15,28/6/17,Day of week:,Wednesday,19.75,Grade Celsius,
0,0.00,W/m^2,4:55:18,28/6/17,Day of week:,Wednesday,19.69,Grade Celsius,
0,0.00,W/m^2,4:55:21,28/6/17,Day of week:,Wednesday,19.75,Grade Celsius,
0,0.00,W/m^2,4:55:24,28/6/17,Day of week:,Wednesday,19.75,Grade Celsius,
0,0.00,W/m^2,4:55:28,28/6/17,Day of week:,Wednesday,19.75,Grade Celsius,
0,0.00,W/m^2,4:55:31,28/6/17,Day of week:,Wednesday,19.75,Grade Celsius,
0,0.00,W/m^2,4:55:34,28/6/17,Day of week:,Wednesday,19.75,Grade Celsius,
0,0.00,W/m^2,4:55:37,28/6/17,Day of week:,Wednesday,19.75,Grade Celsius,
0,0.00,W/m^2,4:55:40,28/6/17,Day of week:,Wednesday,19.75,Grade Celsius,
0,0.00,W/m^2,4:55:43,28/6/17,Day of week:,Wednesday,19.75,Grade Celsius,
0,0.00,W/m^2,4:55:46,28/6/17,Day of week:,Wednesday,19.75,Grade Celsius,
0,0.00,W/m^2,4:55:49,28/6/17,Day of week:,Wednesday,19.75,Grade Celsius,
0,0.00,W/m^2,4:55:52,28/6/17,Day of week:,Wednesday,19.75,Grade Celsius,
0,0.00,W/m^2,4:55:55,28/6/17,Day of week:,Wednesday,19.75,Grade Celsius,
0,0.00,W/m^2,4:55:58,28/6/17,Day of week:,Wednesday,19.75,Grade Celsius,
0,0.00,W/m^2,4:56:01,28/6/17,Day of week:,Wednesday,19.75,Grade Celsius,
0,0.00,W/m^2,4:56:04,28/6/17,Day of week:,Wednesday,19.75,Grade Celsius,
0,0.00,W/m^2,4:56:07,28/6/17,Day of week:,Wednesday,19.69,Grade Celsius,
0,0.00,W/m^2,4:56:10,28/6/17,Day of week:,Wednesday,19.69,Grade Celsius,
0,0.00,W/m^2,4:56:13,28/6/17,Day of week:,Wednesday,19.69,Grade Celsius,
0,0.00,W/m^2,4:56:16,28/6/17,Day of week:,Wednesday,19.69,Grade Celsius,
0,0.00,W/m^2,4:56:20,28/6/17,Day of week:,Wednesday,19.69,Grade Celsius,
0,0.00,W/m^2,4:56:23,28/6/17,Day of week:,Wednesday,19.69,Grade Celsius,
0,0.00,W/m^2,4:56:26,28/6/17,Day of week:,Wednesday,19.75,Grade Celsius,
0,0.00,W/m^2,4:56:29,28/6/17,Day of week:,Wednesday,19.69,Grade Celsius,
0,0.00,W/m^2,4:56:32,28/6/17,Day of week:,Wednesday,19.69,Grade Celsius,
0,0.00,W/m^2,4:56:35,28/6/17,Day of week:,Wednesday,19.75,Grade Celsius,
0,0.00,W/m^2,4:56:38,28/6/17,Day of week:,Wednesday,19.75,Grade Celsius,
0,0.00,W/m^2,4:56:41,28/6/17,Day of week:,Wednesday,19.75,Grade Celsius,
0,0.00,W/m^2,4:56:44,28/6/17,Day of week:,Wednesday,19.75,Grade Celsius,
0,0.00,W/m^2,4:56:47,28/6/17,Day of week:,Wednesday,19.75,Grade Celsius,
0,0.00,W/m^2,4:56:50,28/6/17,Day of week:,Wednesday,19.69,Grade Celsius,
0,0.00,W/m^2,4:56:53,28/6/17,Day of week:,Wednesday,19.75,Grade Celsius,
0,0.00,W/m^2,4:56:56,28/6/17,Day of week:,Wednesday,19.75,Grade Celsius,
0,0.00,W/m^2,4:56:59,28/6/17,Day of week:,Wednesday,19.75,Grade Celsius,
0,0.00,W/m^2,4:57:02,28/6/17,Day of week:,Wednesday,19.75,Grade Celsius,
0,0.00,W/m^2,4:57:05,28/6/17,Day of week:,Wednesday,19.75,Grade Celsius,
0,0.00,W/m^2,4:57:08,28/6/17,Day of week:,Wednesday,19.75,Grade Celsius,
0,0.00,W/m^2,4:57:12,28/6/17,Day of week:,Wednesday,19.75,Grade Celsius,
0,0.00,W/m^2,4:57:15,28/6/17,Day of week:,Wednesday,19.75,Grade Celsius,
0,0.00,W/m^2,4:57:18,28/6/17,Day of week:,Wednesday,19.75,Grade Celsius,
0,0.00,W/m^2,4:57:21,28/6/17,Day of week:,Wednesday,19.75,Grade Celsius,
0,0.00,W/m^2,4:57:24,28/6/17,Day of week:,Wednesday,19.69,Grade Celsius,
0,0.00,W/m^2,4:57:27,28/6/17,Day of week:,Wednesday,19.75,Grade Celsius,
0,0.00,W/m^2,4:57:30,28/6/17,Day of week:,Wednesday,19.75,Grade Celsius,
0,0.00,W/m^2,4:57:33,28/6/17,Day of week:,Wednesday,19.69,Grade Celsius,
0,0.00,W/m^2,4:57:36,28/6/17,Day of week:,Wednesday,19.69,Grade Celsius,
0,0.00,W/m^2,4:57:39,28/6/17,Day of week:,Wednesday,19.69,Grade Celsius,
0,0.00,W/m^2,4:57:42,28/6/17,Day of week:,Wednesday,19.69,Grade Celsius,
0,0.00,W/m^2,4:57:45,28/6/17,Day of week:,Wednesday,19.75,Grade Celsius,
0,0.00,W/m^2,4:57:48,28/6/17,Day of week:,Wednesday,19.69,Grade Celsius,
0,0.00,W/m^2,4:57:51,28/6/17,Day of week:,Wednesday,19.69,Grade Celsius,
0,0.00,W/m^2,4:57:54,28/6/17,Day of week:,Wednesday,19.69,Grade Celsius,
0,0.00,W/m^2,4:57:57,28/6/17,Day of week:,Wednesday,19.69,Grade Celsius,
0,0.00,W/m^2,4:58:00,28/6/17,Day of week:,Wednesday,19.69,Grade Celsius,
0,0.00,W/m^2,4:58:04,28/6/17,Day of week:,Wednesday,19.69,Grade Celsius,
0,0.00,W/m^2,4:58:07,28/6/17,Day of week:,Wednesday,19.69,Grade Celsius,
0,0.00,W/m^2,4:58:10,28/6/17,Day of week:,Wednesday,19.69,Grade Celsius,
0,0.00,W/m^2,4:58:13,28/6/17,Day of week:,Wednesday,19.69,Grade Celsius,
0,0.00,W/m^2,4:58:16,28/6/17,Day of week:,Wednesday,19.69,Grade Celsius,
0,0.00,W/m^2,4:58:19,28/6/17,Day of week:,Wednesday,19.69,Grade Celsius,
0,0.00,W/m^2,4:58:22,28/6/17,Day of week:,Wednesday,19.69,Grade Celsius,
0,0.00,W/m^2,4:58:25,28/6/17,Day of week:,Wednesday,19.75,Grade Celsius,
0,0.00,W/m^2,4:58:28,28/6/17,Day of week:,Wednesday,19.75,Grade Celsius,
0,0.00,W/m^2,4:58:31,28/6/17,Day of week:,Wednesday,19.69,Grade Celsius,
0,0.00,W/m^2,4:58:34,28/6/17,Day of week:,Wednesday,19.75,Grade Celsius,
0,0.00,W/m^2,4:58:37,28/6/17,Day of week:,Wednesday,19.75,Grade Celsius,
0,0.00,W/m^2,4:58:40,28/6/17,Day of week:,Wednesday,19.75,Grade Celsius,
0,0.00,W/m^2,4:58:43,28/6/17,Day of week:,Wednesday,19.75,Grade Celsius,
0,0.00,W/m^2,4:58:46,28/6/17,Day of week:,Wednesday,19.75,Grade Celsius,
0,0.00,W/m^2,4:58:49,28/6/17,Day of week:,Wednesday,19.75,Grade Celsius,
0,0.00,W/m^2,4:58:52,28/6/17,Day of week:,Wednesday,19.75,Grade Celsius,
0,0.00,W/m^2,4:58:56,28/6/17,Day of week:,Wednesday,19.75,Grade Celsius,
0,0.00,W/m^2,4:58:59,28/6/17,Day of week:,Wednesday,19.75,Grade Celsius,
0,0.00,W/m^2,4:59:02,28/6/17,Day of week:,Wednesday,19.75,Grade Celsius,
0,0.00,W/m^2,4:59:05,28/6/17,Day of week:,Wednesday,19.75,Grade Celsius,
0,0.00,W/m^2,4:59:08,28/6/17,Day of week:,Wednesday,19.75,Grade Celsius,
0,0.00,W/m^2,4:59:11,28/6/17,Day of week:,Wednesday,19.75,Grade Celsius,
0,0.00,W/m^2,4:59:14,28/6/17,Day of week:,Wednesday,19.69,Grade Celsius,
0,0.00,W/m^2,4:59:17,28/6/17,Day of week:,Wednesday,19.75,Grade Celsius,
0,0.00,W/m^2,4:59:20,28/6/17,Day of week:,Wednesday,19.75,Grade Celsius,
0,0.00,W/m^2,4:59:23,28/6/17,Day of week:,Wednesday,19.69,Grade Celsius,
0,0.00,W/m^2,4:59:26,28/6/17,Day of week:,Wednesday,19.75,Grade Celsius,
0,0.00,W/m^2,4:59:29,28/6/17,Day of week:,Wednesday,19.75,Grade Celsius,
0,0.00,W/m^2,4:59:32,28/6/17,Day of week:,Wednesday,19.75,Grade Celsius,
0,0.00,W/m^2,4:59:35,28/6/17,Day of week:,Wednesday,19.75,Grade Celsius,
0,0.00,W/m^2,4:59:39,28/6/17,Day of week:,Wednesday,19.75,Grade Celsius,
0,0.00,W/m^2,4:59:42,28/6/17,Day of week:,Wednesday,19.75,Grade Celsius,
0,0.00,W/m^2,4:59:45,28/6/17,Day of week:,Wednesday,19.75,Grade Celsius,
0,0.00,W/m^2,4:59:48,28/6/17,Day of week:,Wednesday,19.75,Grade Celsius,
0,0.00,W/m^2,4:59:51,28/6/17,Day of week:,Wednesday,19.75,Grade Celsius,
0,0.00,W/m^2,4:59:54,28/6/17,Day of week:,Wednesday,19.75,Grade Celsius,
0,0.00,W/m^2,4:59:57,28/6/17,Day of week:,Wednesday,19.75,Grade Celsius,
0,0.00,W/m^2,5:00:00,28/6/17,Day of week:,Wednesday,19.75,Grade Celsius,
0,0.00,W/m^2,5:00:03,28/6/17,Day of week:,Wednesday,19.75,Grade Celsius,
0,0.00,W/m^2,5:00:06,28/6/17,Day of week:,Wednesday,19.75,Grade Celsius,
0,0.00,W/m^2,5:00:09,28/6/17,Day of week:,Wednesday,19.75,Grade Celsius,
0,0.00,W/m^2,5:00:12,28/6/17,Day of week:,Wednesday,19.75,Grade Celsius,
0,0.00,W/m^2,5:00:15,28/6/17,Day of week:,Wednesday,19.75,Grade Celsius,
0,0.00,W/m^2,5:00:18,28/6/17,Day of week:,Wednesday,19.75,Grade Celsius,
0,0.00,W/m^2,5:00:21,28/6/17,Day of week:,Wednesday,19.75,Grade Celsius,
0,0.00,W/m^2,5:00:24,28/6/17,Day of week:,Wednesday,19.69,Grade Celsius,
0,0.00,W/m^2,5:00:28,28/6/17,Day of week:,Wednesday,19.75,Grade Celsius,
0,0.00,W/m^2,5:00:31,28/6/17,Day of week:,Wednesday,19.75,Grade Celsius,
0,0.00,W/m^2,5:00:34,28/6/17,Day of week:,Wednesday,19.75,Grade Celsius,
0,0.00,W/m^2,5:00:37,28/6/17,Day of week:,Wednesday,19.75,Grade Celsius,
0,0.00,W/m^2,5:00:40,28/6/17,Day of week:,Wednesday,19.75,Grade Celsius,
0,0.00,W/m^2,5:00:43,28/6/17,Day of week:,Wednesday,19.75,Grade Celsius,
0,0.00,W/m^2,5:00:46,28/6/17,Day of week:,Wednesday,19.75,Grade Celsius,
0,0.00,W/m^2,5:00:49,28/6/17,Day of week:,Wednesday,19.75,Grade Celsius,
0,0.00,W/m^2,5:00:52,28/6/17,Day of week:,Wednesday,19.69,Grade Celsius,
0,0.00,W/m^2,5:00:55,28/6/17,Day of week:,Wednesday,19.75,Grade Celsius,
0,0.00,W/m^2,5:00:58,28/6/17,Day of week:,Wednesday,19.75,Grade Celsius,
0,0.00,W/m^2,5:01:01,28/6/17,Day of week:,Wednesday,19.69,Grade Celsius,
0,0.00,W/m^2,5:01:04,28/6/17,Day of week:,Wednesday,19.69,Grade Celsius,
0,0.00,W/m^2,5:01:07,28/6/17,Day of week:,Wednesday,19.69,Grade Celsius,
0,0.00,W/m^2,5:01:10,28/6/17,Day of week:,Wednesday,19.75,Grade Celsius,
0,0.00,W/m^2,5:01:13,28/6/17,Day of week:,Wednesday,19.69,Grade Celsius,
0,0.00,W/m^2,5:01:16,28/6/17,Day of week:,Wednesday,19.69,Grade Celsius,
0,0.00,W/m^2,5:01:20,28/6/17,Day of week:,Wednesday,19.69,Grade Celsius,
0,0.00,W/m^2,5:01:23,28/6/17,Day of week:,Wednesday,19.69,Grade Celsius,
0,0.00,W/m^2,5:01:26,28/6/17,Day of week:,Wednesday,19.69,Grade Celsius,
0,0.00,W/m^2,5:01:29,28/6/17,Day of week:,Wednesday,19.69,Grade Celsius,
0,0.00,W/m^2,5:01:32,28/6/17,Day of week:,Wednesday,19.69,Grade Celsius,
0,0.00,W/m^2,5:01:35,28/6/17,Day of week:,Wednesday,19.69,Grade Celsius,
0,0.00,W/m^2,5:01:38,28/6/17,Day of week:,Wednesday,19.69,Grade Celsius,
0,0.00,W/m^2,5:01:41,28/6/17,Day of week:,Wednesday,19.69,Grade Celsius,
0,0.00,W/m^2,5:01:44,28/6/17,Day of week:,Wednesday,19.69,Grade Celsius,
0,0.00,W/m^2,5:01:47,28/6/17,Day of week:,Wednesday,19.69,Grade Celsius,
0,0.00,W/m^2,5:01:50,28/6/17,Day of week:,Wednesday,19.69,Grade Celsius,
0,0.00,W/m^2,5:01:53,28/6/17,Day of week:,Wednesday,19.69,Grade Celsius,
0,0.00,W/m^2,5:01:56,28/6/17,Day of week:,Wednesday,19.69,Grade Celsius,
0,0.00,W/m^2,5:01:59,28/6/17,Day of week:,Wednesday,19.69,Grade Celsius,
0,0.00,W/m^2,5:02:02,28/6/17,Day of week:,Wednesday,19.69,Grade Celsius,
0,0.00,W/m^2,5:02:05,28/6/17,Day of week:,Wednesday,19.69,Grade Celsius,
0,0.00,W/m^2,5:02:09,28/6/17,Day of week:,Wednesday,19.69,Grade Celsius,
0,0.00,W/m^2,5:02:12,28/6/17,Day of week:,Wednesday,19.75,Grade Celsius,
0,0.00,W/m^2,5:02:15,28/6/17,Day of week:,Wednesday,19.69,Grade Celsius,
0,0.00,W/m^2,5:02:18,28/6/17,Day of week:,Wednesday,19.75,Grade Celsius,
0,0.00,W/m^2,5:02:21,28/6/17,Day of week:,Wednesday,19.69,Grade Celsius,
0,0.00,W/m^2,5:02:24,28/6/17,Day of week:,Wednesday,19.75,Grade Celsius,
0,0.00,W/m^2,5:02:27,28/6/17,Day of week:,Wednesday,19.75,Grade Celsius,
0,0.00,W/m^2,5:02:30,28/6/17,Day of week:,Wednesday,19.75,Grade Celsius,
0,0.00,W/m^2,5:02:33,28/6/17,Day of week:,Wednesday,19.75,Grade Celsius,
0,0.00,W/m^2,5:02:36,28/6/17,Day of week:,Wednesday,19.75,Grade Celsius,
0,0.00,W/m^2,5:02:39,28/6/17,Day of week:,Wednesday,19.75,Grade Celsius,
0,0.00,W/m^2,5:02:42,28/6/17,Day of week:,Wednesday,19.75,Grade Celsius,
0,0.00,W/m^2,5:02:45,28/6/17,Day of week:,Wednesday,19.69,Grade Celsius,
0,0.00,W/m^2,5:02:48,28/6/17,Day of week:,Wednesday,19.69,Grade Celsius,
0,0.00,W/m^2,5:02:51,28/6/17,Day of week:,Wednesday,19.69,Grade Celsius,
0,0.00,W/m^2,5:02:54,28/6/17,Day of week:,Wednesday,19.75,Grade Celsius,
0,0.00,W/m^2,5:02:57,28/6/17,Day of week:,Wednesday,19.69,Grade Celsius,
0,0.00,W/m^2,5:03:00,28/6/17,Day of week:,Wednesday,19.69,Grade Celsius,
0,0.00,W/m^2,5:03:04,28/6/17,Day of week:,Wednesday,19.69,Grade Celsius,
0,0.00,W/m^2,5:03:07,28/6/17,Day of week:,Wednesday,19.75,Grade Celsius,
0,0.00,W/m^2,5:03:10,28/6/17,Day of week:,Wednesday,19.69,Grade Celsius,
0,0.00,W/m^2,5:03:13,28/6/17,Day of week:,Wednesday,19.75,Grade Celsius,
0,0.00,W/m^2,5:03:16,28/6/17,Day of week:,Wednesday,19.75,Grade Celsius,
0,0.00,W/m^2,5:03:19,28/6/17,Day of week:,Wednesday,19.75,Grade Celsius,
0,0.00,W/m^2,5:03:22,28/6/17,Day of week:,Wednesday,19.69,Grade Celsius,
0,0.00,W/m^2,5:03:25,28/6/17,Day of week:,Wednesday,19.75,Grade Celsius,
0,0.00,W/m^2,5:03:28,28/6/17,Day of week:,Wednesday,19.69,Grade Celsius,
0,0.00,W/m^2,5:03:31,28/6/17,Day of week:,Wednesday,19.69,Grade Celsius,
0,0.00,W/m^2,5:03:34,28/6/17,Day of week:,Wednesday,19.69,Grade Celsius,
0,0.00,W/m^2,5:03:37,28/6/17,Day of week:,Wednesday,19.69,Grade Celsius,
0,0.00,W/m^2,5:03:40,28/6/17,Day of week:,Wednesday,19.69,Grade Celsius,
0,0.00,W/m^2,5:03:43,28/6/17,Day of week:,Wednesday,19.69,Grade Celsius,
0,0.00,W/m^2,5:03:46,28/6/17,Day of week:,Wednesday,19.69,Grade Celsius,
0,0.00,W/m^2,5:03:49,28/6/17,Day of week:,Wednesday,19.69,Grade Celsius,
0,0.00,W/m^2,5:03:52,28/6/17,Day of week:,Wednesday,19.69,Grade Celsius,
0,0.00,W/m^2,5:03:56,28/6/17,Day of week:,Wednesday,19.69,Grade Celsius,
0,0.00,W/m^2,5:03:59,28/6/17,Day of week:,Wednesday,19.69,Grade Celsius,
0,0.00,W/m^2,5:04:02,28/6/17,Day of week:,Wednesday,19.69,Grade Celsius,
0,0.00,W/m^2,5:04:05,28/6/17,Day of week:,Wednesday,19.69,Grade Celsius,
0,0.00,W/m^2,5:04:08,28/6/17,Day of week:,Wednesday,19.69,Grade Celsius,
0,0.00,W/m^2,5:04:11,28/6/17,Day of week:,Wednesday,19.69,Grade Celsius,
0,0.00,W/m^2,5:04:14,28/6/17,Day of week:,Wednesday,19.69,Grade Celsius,
0,0.00,W/m^2,5:04:17,28/6/17,Day of week:,Wednesday,19.69,Grade Celsius,
0,0.00,W/m^2,5:04:20,28/6/17,Day of week:,Wednesday,19.69,Grade Celsius,
0,0.00,W/m^2,5:04:23,28/6/17,Day of week:,Wednesday,19.69,Grade Celsius,
0,0.00,W/m^2,5:04:26,28/6/17,Day of week:,Wednesday,19.69,Grade Celsius,
0,0.00,W/m^2,5:04:29,28/6/17,Day of week:,Wednesday,19.69,Grade Celsius,
0,0.00,W/m^2,5:04:32,28/6/17,Day of week:,Wednesday,19.69,Grade Celsius,
0,0.00,W/m^2,5:04:35,28/6/17,Day of week:,Wednesday,19.69,Grade Celsius,
0,0.00,W/m^2,5:04:38,28/6/17,Day of week:,Wednesday,19.69,Grade Celsius,
0,0.00,W/m^2,5:04:41,28/6/17,Day of week:,Wednesday,19.69,Grade Celsius,
0,0.00,W/m^2,5:04:45,28/6/17,Day of week:,Wednesday,19.69,Grade Celsius,
0,0.00,W/m^2,5:04:48,28/6/17,Day of week:,Wednesday,19.69,Grade Celsius,
0,0.00,W/m^2,5:04:51,28/6/17,Day of week:,Wednesday,19.69,Grade Celsius,
0,0.00,W/m^2,5:04:54,28/6/17,Day of week:,Wednesday,19.69,Grade Celsius,
0,0.00,W/m^2,5:04:57,28/6/17,Day of week:,Wednesday,19.69,Grade Celsius,
0,0.00,W/m^2,5:05:00,28/6/17,Day of week:,Wednesday,19.69,Grade Celsius,
0,0.00,W/m^2,5:05:03,28/6/17,Day of week:,Wednesday,19.69,Grade Celsius,
0,0.00,W/m^2,5:05:06,28/6/17,Day of week:,Wednesday,19.69,Grade Celsius,
0,0.00,W/m^2,5:05:09,28/6/17,Day of week:,Wednesday,19.69,Grade Celsius,
0,0.00,W/m^2,5:05:12,28/6/17,Day of week:,Wednesday,19.69,Grade Celsius,
0,0.00,W/m^2,5:05:15,28/6/17,Day of week:,Wednesday,19.69,Grade Celsius,
0,0.00,W/m^2,5:05:18,28/6/17,Day of week:,Wednesday,19.69,Grade Celsius,
0,0.00,W/m^2,5:05:21,28/6/17,Day of week:,Wednesday,19.69,Grade Celsius,
0,0.00,W/m^2,5:05:24,28/6/17,Day of week:,Wednesday,19.69,Grade Celsius,
0,0.00,W/m^2,5:05:27,28/6/17,Day of week:,Wednesday,19.69,Grade Celsius,
0,0.00,W/m^2,5:05:30,28/6/17,Day of week:,Wednesday,19.69,Grade Celsius,
0,0.00,W/m^2,5:05:34,28/6/17,Day of week:,Wednesday,19.69,Grade Celsius,
0,0.00,W/m^2,5:05:37,28/6/17,Day of week:,Wednesday,19.69,Grade Celsius,
0,0.00,W/m^2,5:05:40,28/6/17,Day of week:,Wednesday,19.69,Grade Celsius,
0,0.00,W/m^2,5:05:43,28/6/17,Day of week:,Wednesday,19.69,Grade Celsius,
0,0.00,W/m^2,5:05:46,28/6/17,Day of week:,Wednesday,19.69,Grade Celsius,
0,0.00,W/m^2,5:05:49,28/6/17,Day of week:,Wednesday,19.69,Grade Celsius,
0,0.00,W/m^2,5:05:52,28/6/17,Day of week:,Wednesday,19.69,Grade Celsius,
0,0.00,W/m^2,5:05:55,28/6/17,Day of week:,Wednesday,19.69,Grade Celsius,
0,0.00,W/m^2,5:05:58,28/6/17,Day of week:,Wednesday,19.69,Grade Celsius,
0,0.00,W/m^2,5:06:01,28/6/17,Day of week:,Wednesday,19.69,Grade Celsius,
0,0.00,W/m^2,5:06:04,28/6/17,Day of week:,Wednesday,19.69,Grade Celsius,
0,0.00,W/m^2,5:06:07,28/6/17,Day of week:,Wednesday,19.69,Grade Celsius,
0,0.00,W/m^2,5:06:10,28/6/17,Day of week:,Wednesday,19.69,Grade Celsius,
0,0.00,W/m^2,5:06:13,28/6/17,Day of week:,Wednesday,19.69,Grade Celsius,
0,0.00,W/m^2,5:06:16,28/6/17,Day of week:,Wednesday,19.69,Grade Celsius,
0,0.00,W/m^2,5:06:19,28/6/17,Day of week:,Wednesday,19.69,Grade Celsius,
0,0.00,W/m^2,5:06:23,28/6/17,Day of week:,Wednesday,19.69,Grade Celsius,
0,0.00,W/m^2,5:06:26,28/6/17,Day of week:,Wednesday,19.69,Grade Celsius,
0,0.00,W/m^2,5:06:29,28/6/17,Day of week:,Wednesday,19.69,Grade Celsius,
0,0.00,W/m^2,5:06:32,28/6/17,Day of week:,Wednesday,19.62,Grade Celsius,
0,0.00,W/m^2,5:06:35,28/6/17,Day of week:,Wednesday,19.69,Grade Celsius,
0,0.00,W/m^2,5:06:38,28/6/17,Day of week:,Wednesday,19.69,Grade Celsius,
0,0.00,W/m^2,5:06:41,28/6/17,Day of week:,Wednesday,19.69,Grade Celsius,
0,0.00,W/m^2,5:06:44,28/6/17,Day of week:,Wednesday,19.69,Grade Celsius,
0,0.00,W/m^2,5:06:47,28/6/17,Day of week:,Wednesday,19.62,Grade Celsius,
0,0.00,W/m^2,5:06:50,28/6/17,Day of week:,Wednesday,19.69,Grade Celsius,
0,0.00,W/m^2,5:06:53,28/6/17,Day of week:,Wednesday,19.62,Grade Celsius,
0,0.00,W/m^2,5:06:56,28/6/17,Day of week:,Wednesday,19.62,Grade Celsius,
0,0.00,W/m^2,5:06:59,28/6/17,Day of week:,Wednesday,19.62,Grade Celsius,
0,0.00,W/m^2,5:07:02,28/6/17,Day of week:,Wednesday,19.62,Grade Celsius,
0,0.00,W/m^2,5:07:05,28/6/17,Day of week:,Wednesday,19.62,Grade Celsius,
0,0.00,W/m^2,5:07:08,28/6/17,Day of week:,Wednesday,19.62,Grade Celsius,
0,0.00,W/m^2,5:07:11,28/6/17,Day of week:,Wednesday,19.69,Grade Celsius,
0,0.00,W/m^2,5:07:15,28/6/17,Day of week:,Wednesday,19.62,Grade Celsius,
0,0.00,W/m^2,5:07:18,28/6/17,Day of week:,Wednesday,19.62,Grade Celsius,
0,0.00,W/m^2,5:07:21,28/6/17,Day of week:,Wednesday,19.62,Grade Celsius,
0,0.00,W/m^2,5:07:24,28/6/17,Day of week:,Wednesday,19.62,Grade Celsius,
0,0.00,W/m^2,5:07:27,28/6/17,Day of week:,Wednesday,19.62,Grade Celsius,
0,0.00,W/m^2,5:07:30,28/6/17,Day of week:,Wednesday,19.69,Grade Celsius,
0,0.00,W/m^2,5:07:33,28/6/17,Day of week:,Wednesday,19.69,Grade Celsius,
0,0.00,W/m^2,5:07:36,28/6/17,Day of week:,Wednesday,19.69,Grade Celsius,
0,0.00,W/m^2,5:07:39,28/6/17,Day of week:,Wednesday,19.69,Grade Celsius,
0,0.00,W/m^2,5:07:42,28/6/17,Day of week:,Wednesday,19.62,Grade Celsius,
0,0.00,W/m^2,5:07:45,28/6/17,Day of week:,Wednesday,19.69,Grade Celsius,
0,0.00,W/m^2,5:07:48,28/6/17,Day of week:,Wednesday,19.69,Grade Celsius,
0,0.00,W/m^2,5:07:51,28/6/17,Day of week:,Wednesday,19.69,Grade Celsius,
0,0.00,W/m^2,5:07:54,28/6/17,Day of week:,Wednesday,19.69,Grade Celsius,
0,0.00,W/m^2,5:07:57,28/6/17,Day of week:,Wednesday,19.69,Grade Celsius,
0,0.00,W/m^2,5:08:00,28/6/17,Day of week:,Wednesday,19.69,Grade Celsius,
0,0.00,W/m^2,5:08:03,28/6/17,Day of week:,Wednesday,19.69,Grade Celsius,
0,0.00,W/m^2,5:08:07,28/6/17,Day of week:,Wednesday,19.69,Grade Celsius,
0,0.00,W/m^2,5:08:10,28/6/17,Day of week:,Wednesday,19.69,Grade Celsius,
0,0.00,W/m^2,5:08:13,28/6/17,Day of week:,Wednesday,19.69,Grade Celsius,
0,0.00,W/m^2,5:08:16,28/6/17,Day of week:,Wednesday,19.69,Grade Celsius,
0,0.00,W/m^2,5:08:19,28/6/17,Day of week:,Wednesday,19.69,Grade Celsius,
0,0.00,W/m^2,5:08:22,28/6/17,Day of week:,Wednesday,19.69,Grade Celsius,
0,0.00,W/m^2,5:08:25,28/6/17,Day of week:,Wednesday,19.69,Grade Celsius,
0,0.00,W/m^2,5:08:28,28/6/17,Day of week:,Wednesday,19.62,Grade Celsius,
0,0.00,W/m^2,5:08:31,28/6/17,Day of week:,Wednesday,19.69,Grade Celsius,
0,0.00,W/m^2,5:08:34,28/6/17,Day of week:,Wednesday,19.62,Grade Celsius,
0,0.00,W/m^2,5:08:37,28/6/17,Day of week:,Wednesday,19.69,Grade Celsius,
0,0.00,W/m^2,5:08:40,28/6/17,Day of week:,Wednesday,19.69,Grade Celsius,
0,0.00,W/m^2,5:08:43,28/6/17,Day of week:,Wednesday,19.69,Grade Celsius,
0,0.00,W/m^2,5:08:46,28/6/17,Day of week:,Wednesday,19.69,Grade Celsius,
0,0.00,W/m^2,5:08:49,28/6/17,Day of week:,Wednesday,19.69,Grade Celsius,
0,0.00,W/m^2,5:08:52,28/6/17,Day of week:,Wednesday,19.69,Grade Celsius,
0,0.00,W/m^2,5:08:55,28/6/17,Day of week:,Wednesday,19.62,Grade Celsius,
0,0.00,W/m^2,5:08:59,28/6/17,Day of week:,Wednesday,19.62,Grade Celsius,
0,0.00,W/m^2,5:09:02,28/6/17,Day of week:,Wednesday,19.62,Grade Celsius,
0,0.00,W/m^2,5:09:05,28/6/17,Day of week:,Wednesday,19.62,Grade Celsius,
0,0.00,W/m^2,5:09:08,28/6/17,Day of week:,Wednesday,19.62,Grade Celsius,
0,0.00,W/m^2,5:09:11,28/6/17,Day of week:,Wednesday,19.62,Grade Celsius,
0,0.00,W/m^2,5:09:14,28/6/17,Day of week:,Wednesday,19.62,Grade Celsius,
0,0.00,W/m^2,5:09:17,28/6/17,Day of week:,Wednesday,19.69,Grade Celsius,
0,0.00,W/m^2,5:09:20,28/6/17,Day of week:,Wednesday,19.62,Grade Celsius,
0,0.00,W/m^2,5:09:23,28/6/17,Day of week:,Wednesday,19.69,Grade Celsius,
0,0.00,W/m^2,5:09:26,28/6/17,Day of week:,Wednesday,19.62,Grade Celsius,
0,0.00,W/m^2,5:09:29,28/6/17,Day of week:,Wednesday,19.62,Grade Celsius,
0,0.00,W/m^2,5:09:32,28/6/17,Day of week:,Wednesday,19.69,Grade Celsius,
0,0.00,W/m^2,5:09:35,28/6/17,Day of week:,Wednesday,19.62,Grade Celsius,
0,0.00,W/m^2,5:09:38,28/6/17,Day of week:,Wednesday,19.62,Grade Celsius,
0,0.00,W/m^2,5:09:41,28/6/17,Day of week:,Wednesday,19.62,Grade Celsius,
0,0.00,W/m^2,5:09:44,28/6/17,Day of week:,Wednesday,19.69,Grade Celsius,
0,0.00,W/m^2,5:09:48,28/6/17,Day of week:,Wednesday,19.62,Grade Celsius,
0,0.00,W/m^2,5:09:51,28/6/17,Day of week:,Wednesday,19.62,Grade Celsius,
0,0.00,W/m^2,5:09:54,28/6/17,Day of week:,Wednesday,19.62,Grade Celsius,
0,0.00,W/m^2,5:09:57,28/6/17,Day of week:,Wednesday,19.62,Grade Celsius,
0,0.00,W/m^2,5:10:00,28/6/17,Day of week:,Wednesday,19.62,Grade Celsius,
0,0.00,W/m^2,5:10:03,28/6/17,Day of week:,Wednesday,19.62,Grade Celsius,
0,0.00,W/m^2,5:10:06,28/6/17,Day of week:,Wednesday,19.62,Grade Celsius,
0,0.00,W/m^2,5:10:09,28/6/17,Day of week:,Wednesday,19.69,Grade Celsius,
0,0.00,W/m^2,5:10:12,28/6/17,Day of week:,Wednesday,19.69,Grade Celsius,
0,0.00,W/m^2,5:10:15,28/6/17,Day of week:,Wednesday,19.69,Grade Celsius,
0,0.00,W/m^2,5:10:18,28/6/17,Day of week:,Wednesday,19.69,Grade Celsius,
0,0.00,W/m^2,5:10:21,28/6/17,Day of week:,Wednesday,19.69,Grade Celsius,
0,0.00,W/m^2,5:10:24,28/6/17,Day of week:,Wednesday,19.62,Grade Celsius,
0,0.00,W/m^2,5:10:27,28/6/17,Day of week:,Wednesday,19.69,Grade Celsius,
0,0.00,W/m^2,5:10:30,28/6/17,Day of week:,Wednesday,19.69,Grade Celsius,
0,0.00,W/m^2,5:10:33,28/6/17,Day of week:,Wednesday,19.69,Grade Celsius,
0,0.00,W/m^2,5:10:37,28/6/17,Day of week:,Wednesday,19.69,Grade Celsius,
0,0.00,W/m^2,5:10:40,28/6/17,Day of week:,Wednesday,19.62,Grade Celsius,
0,0.00,W/m^2,5:10:43,28/6/17,Day of week:,Wednesday,19.62,Grade Celsius,
0,0.00,W/m^2,5:10:46,28/6/17,Day of week:,Wednesday,19.69,Grade Celsius,
0,0.00,W/m^2,5:10:49,28/6/17,Day of week:,Wednesday,19.62,Grade Celsius,
0,0.00,W/m^2,5:10:52,28/6/17,Day of week:,Wednesday,19.69,Grade Celsius,
0,0.00,W/m^2,5:10:55,28/6/17,Day of week:,Wednesday,19.62,Grade Celsius,
0,0.00,W/m^2,5:10:58,28/6/17,Day of week:,Wednesday,19.62,Grade Celsius,
0,0.00,W/m^2,5:11:01,28/6/17,Day of week:,Wednesday,19.62,Grade Celsius,
0,0.00,W/m^2,5:11:04,28/6/17,Day of week:,Wednesday,19.62,Grade Celsius,
0,0.00,W/m^2,5:11:07,28/6/17,Day of week:,Wednesday,19.62,Grade Celsius,
0,0.00,W/m^2,5:11:10,28/6/17,Day of week:,Wednesday,19.62,Grade Celsius,
0,0.00,W/m^2,5:11:13,28/6/17,Day of week:,Wednesday,19.62,Grade Celsius,
0,0.00,W/m^2,5:11:16,28/6/17,Day of week:,Wednesday,19.69,Grade Celsius,
0,0.00,W/m^2,5:11:19,28/6/17,Day of week:,Wednesday,19.62,Grade Celsius,
0,0.00,W/m^2,5:11:23,28/6/17,Day of week:,Wednesday,19.69,Grade Celsius,
0,0.00,W/m^2,5:11:26,28/6/17,Day of week:,Wednesday,19.62,Grade Celsius,
0,0.00,W/m^2,5:11:29,28/6/17,Day of week:,Wednesday,19.62,Grade Celsius,
0,0.00,W/m^2,5:11:32,28/6/17,Day of week:,Wednesday,19.62,Grade Celsius,
0,0.00,W/m^2,5:11:35,28/6/17,Day of week:,Wednesday,19.62,Grade Celsius,
0,0.00,W/m^2,5:11:38,28/6/17,Day of week:,Wednesday,19.62,Grade Celsius,
0,0.00,W/m^2,5:11:41,28/6/17,Day of week:,Wednesday,19.62,Grade Celsius,
0,0.00,W/m^2,5:11:44,28/6/17,Day of week:,Wednesday,19.62,Grade Celsius,
0,0.00,W/m^2,5:11:47,28/6/17,Day of week:,Wednesday,19.62,Grade Celsius,
0,0.00,W/m^2,5:11:50,28/6/17,Day of week:,Wednesday,19.69,Grade Celsius,
0,0.00,W/m^2,5:11:53,28/6/17,Day of week:,Wednesday,19.69,Grade Celsius,
0,0.00,W/m^2,5:11:56,28/6/17,Day of week:,Wednesday,19.62,Grade Celsius,
0,0.00,W/m^2,5:11:59,28/6/17,Day of week:,Wednesday,19.62,Grade Celsius,
0,0.00,W/m^2,5:12:02,28/6/17,Day of week:,Wednesday,19.69,Grade Celsius,
0,0.00,W/m^2,5:12:05,28/6/17,Day of week:,Wednesday,19.69,Grade Celsius,
0,0.00,W/m^2,5:12:08,28/6/17,Day of week:,Wednesday,19.69,Grade Celsius,
0,0.00,W/m^2,5:12:11,28/6/17,Day of week:,Wednesday,19.69,Grade Celsius,
0,0.00,W/m^2,5:12:15,28/6/17,Day of week:,Wednesday,19.69,Grade Celsius,
0,0.00,W/m^2,5:12:18,28/6/17,Day of week:,Wednesday,19.69,Grade Celsius,
0,0.00,W/m^2,5:12:21,28/6/17,Day of week:,Wednesday,19.69,Grade Celsius,
0,0.00,W/m^2,5:12:24,28/6/17,Day of week:,Wednesday,19.69,Grade Celsius,
0,0.00,W/m^2,5:12:27,28/6/17,Day of week:,Wednesday,19.69,Grade Celsius,
0,0.00,W/m^2,5:12:30,28/6/17,Day of week:,Wednesday,19.69,Grade Celsius,
0,0.00,W/m^2,5:12:33,28/6/17,Day of week:,Wednesday,19.69,Grade Celsius,
0,0.00,W/m^2,5:12:36,28/6/17,Day of week:,Wednesday,19.69,Grade Celsius,
0,0.00,W/m^2,5:12:39,28/6/17,Day of week:,Wednesday,19.69,Grade Celsius,
0,0.00,W/m^2,5:12:42,28/6/17,Day of week:,Wednesday,19.69,Grade Celsius,
0,0.00,W/m^2,5:12:45,28/6/17,Day of week:,Wednesday,19.75,Grade Celsius,
0,0.00,W/m^2,5:12:48,28/6/17,Day of week:,Wednesday,19.69,Grade Celsius,
0,0.00,W/m^2,5:12:51,28/6/17,Day of week:,Wednesday,19.69,Grade Celsius,
0,0.00,W/m^2,5:12:54,28/6/17,Day of week:,Wednesday,19.69,Grade Celsius,
0,0.00,W/m^2,5:12:57,28/6/17,Day of week:,Wednesday,19.69,Grade Celsius,
0,0.00,W/m^2,5:13:00,28/6/17,Day of week:,Wednesday,19.69,Grade Celsius,
0,0.00,W/m^2,5:13:04,28/6/17,Day of week:,Wednesday,19.69,Grade Celsius,
0,0.00,W/m^2,5:13:07,28/6/17,Day of week:,Wednesday,19.69,Grade Celsius,
0,0.00,W/m^2,5:13:10,28/6/17,Day of week:,Wednesday,19.69,Grade Celsius,
0,0.00,W/m^2,5:13:13,28/6/17,Day of week:,Wednesday,19.69,Grade Celsius,
0,0.00,W/m^2,5:13:16,28/6/17,Day of week:,Wednesday,19.69,Grade Celsius,
0,0.00,W/m^2,5:13:19,28/6/17,Day of week:,Wednesday,19.69,Grade Celsius,
0,0.00,W/m^2,5:13:22,28/6/17,Day of week:,Wednesday,19.69,Grade Celsius,
0,0.00,W/m^2,5:13:25,28/6/17,Day of week:,Wednesday,19.69,Grade Celsius,
0,0.00,W/m^2,5:13:28,28/6/17,Day of week:,Wednesday,19.69,Grade Celsius,
0,0.00,W/m^2,5:13:31,28/6/17,Day of week:,Wednesday,19.69,Grade Celsius,
0,0.00,W/m^2,5:13:34,28/6/17,Day of week:,Wednesday,19.69,Grade Celsius,
0,0.00,W/m^2,5:13:37,28/6/17,Day of week:,Wednesday,19.69,Grade Celsius,
0,0.00,W/m^2,5:13:40,28/6/17,Day of week:,Wednesday,19.69,Grade Celsius,
0,0.00,W/m^2,5:13:43,28/6/17,Day of week:,Wednesday,19.69,Grade Celsius,
0,0.00,W/m^2,5:13:46,28/6/17,Day of week:,Wednesday,19.69,Grade Celsius,
0,0.00,W/m^2,5:13:49,28/6/17,Day of week:,Wednesday,19.69,Grade Celsius,
0,0.00,W/m^2,5:13:52,28/6/17,Day of week:,Wednesday,19.69,Grade Celsius,
0,0.00,W/m^2,5:13:56,28/6/17,Day of week:,Wednesday,19.69,Grade Celsius,
0,0.00,W/m^2,5:13:59,28/6/17,Day of week:,Wednesday,19.69,Grade Celsius,
0,0.00,W/m^2,5:14:02,28/6/17,Day of week:,Wednesday,19.69,Grade Celsius,
0,0.00,W/m^2,5:14:05,28/6/17,Day of week:,Wednesday,19.69,Grade Celsius,
0,0.00,W/m^2,5:14:08,28/6/17,Day of week:,Wednesday,19.69,Grade Celsius,
0,0.00,W/m^2,5:14:11,28/6/17,Day of week:,Wednesday,19.69,Grade Celsius,
0,0.00,W/m^2,5:14:14,28/6/17,Day of week:,Wednesday,19.69,Grade Celsius,
0,0.00,W/m^2,5:14:17,28/6/17,Day of week:,Wednesday,19.69,Grade Celsius,
0,0.00,W/m^2,5:14:20,28/6/17,Day of week:,Wednesday,19.69,Grade Celsius,
0,0.00,W/m^2,5:14:23,28/6/17,Day of week:,Wednesday,19.69,Grade Celsius,
0,0.00,W/m^2,5:14:26,28/6/17,Day of week:,Wednesday,19.69,Grade Celsius,
0,0.00,W/m^2,5:14:29,28/6/17,Day of week:,Wednesday,19.69,Grade Celsius,
0,0.00,W/m^2,5:14:32,28/6/17,Day of week:,Wednesday,19.69,Grade Celsius,
0,0.00,W/m^2,5:14:35,28/6/17,Day of week:,Wednesday,19.69,Grade Celsius,
0,0.00,W/m^2,5:14:38,28/6/17,Day of week:,Wednesday,19.69,Grade Celsius,
0,0.00,W/m^2,5:14:41,28/6/17,Day of week:,Wednesday,19.69,Grade Celsius,
0,0.00,W/m^2,5:14:45,28/6/17,Day of week:,Wednesday,19.69,Grade Celsius,
0,0.00,W/m^2,5:14:48,28/6/17,Day of week:,Wednesday,19.69,Grade Celsius,
0,0.00,W/m^2,5:14:51,28/6/17,Day of week:,Wednesday,19.69,Grade Celsius,
0,0.00,W/m^2,5:14:54,28/6/17,Day of week:,Wednesday,19.69,Grade Celsius,
0,0.00,W/m^2,5:14:57,28/6/17,Day of week:,Wednesday,19.69,Grade Celsius,
0,0.00,W/m^2,5:15:00,28/6/17,Day of week:,Wednesday,19.69,Grade Celsius,
0,0.00,W/m^2,5:15:03,28/6/17,Day of week:,Wednesday,19.69,Grade Celsius,
0,0.00,W/m^2,5:15:06,28/6/17,Day of week:,Wednesday,19.69,Grade Celsius,
0,0.00,W/m^2,5:15:09,28/6/17,Day of week:,Wednesday,19.69,Grade Celsius,
0,0.00,W/m^2,5:15:12,28/6/17,Day of week:,Wednesday,19.69,Grade Celsius,
0,0.00,W/m^2,5:15:15,28/6/17,Day of week:,Wednesday,19.69,Grade Celsius,
0,0.00,W/m^2,5:15:18,28/6/17,Day of week:,Wednesday,19.69,Grade Celsius,
0,0.00,W/m^2,5:15:21,28/6/17,Day of week:,Wednesday,19.62,Grade Celsius,
0,0.00,W/m^2,5:15:24,28/6/17,Day of week:,Wednesday,19.69,Grade Celsius,
0,0.00,W/m^2,5:15:27,28/6/17,Day of week:,Wednesday,19.69,Grade Celsius,
0,0.00,W/m^2,5:15:30,28/6/17,Day of week:,Wednesday,19.69,Grade Celsius,
0,0.00,W/m^2,5:15:33,28/6/17,Day of week:,Wednesday,19.62,Grade Celsius,
0,0.00,W/m^2,5:15:37,28/6/17,Day of week:,Wednesday,19.69,Grade Celsius,
0,0.00,W/m^2,5:15:40,28/6/17,Day of week:,Wednesday,19.69,Grade Celsius,
0,0.00,W/m^2,5:15:43,28/6/17,Day of week:,Wednesday,19.62,Grade Celsius,
0,0.00,W/m^2,5:15:46,28/6/17,Day of week:,Wednesday,19.69,Grade Celsius,
0,0.00,W/m^2,5:15:49,28/6/17,Day of week:,Wednesday,19.69,Grade Celsius,
0,0.00,W/m^2,5:15:52,28/6/17,Day of week:,Wednesday,19.69,Grade Celsius,
0,0.00,W/m^2,5:15:55,28/6/17,Day of week:,Wednesday,19.62,Grade Celsius,
0,0.00,W/m^2,5:15:58,28/6/17,Day of week:,Wednesday,19.62,Grade Celsius,
0,0.00,W/m^2,5:16:01,28/6/17,Day of week:,Wednesday,19.62,Grade Celsius,
0,0.00,W/m^2,5:16:04,28/6/17,Day of week:,Wednesday,19.62,Grade Celsius,
0,0.00,W/m^2,5:16:07,28/6/17,Day of week:,Wednesday,19.62,Grade Celsius,
0,0.00,W/m^2,5:16:10,28/6/17,Day of week:,Wednesday,19.62,Grade Celsius,
0,0.00,W/m^2,5:16:13,28/6/17,Day of week:,Wednesday,19.62,Grade Celsius,
0,0.00,W/m^2,5:16:16,28/6/17,Day of week:,Wednesday,19.62,Grade Celsius,
0,0.00,W/m^2,5:16:19,28/6/17,Day of week:,Wednesday,19.62,Grade Celsius,
0,0.00,W/m^2,5:16:22,28/6/17,Day of week:,Wednesday,19.69,Grade Celsius,
0,0.00,W/m^2,5:16:26,28/6/17,Day of week:,Wednesday,19.62,Grade Celsius,
0,0.00,W/m^2,5:16:29,28/6/17,Day of week:,Wednesday,19.62,Grade Celsius,
0,0.00,W/m^2,5:16:32,28/6/17,Day of week:,Wednesday,19.69,Grade Celsius,
0,0.00,W/m^2,5:16:35,28/6/17,Day of week:,Wednesday,19.62,Grade Celsius,
0,0.00,W/m^2,5:16:38,28/6/17,Day of week:,Wednesday,19.69,Grade Celsius,
0,0.00,W/m^2,5:16:41,28/6/17,Day of week:,Wednesday,19.69,Grade Celsius,
0,0.00,W/m^2,5:16:44,28/6/17,Day of week:,Wednesday,19.69,Grade Celsius,
0,0.00,W/m^2,5:16:47,28/6/17,Day of week:,Wednesday,19.69,Grade Celsius,
0,0.00,W/m^2,5:16:50,28/6/17,Day of week:,Wednesday,19.69,Grade Celsius,
0,0.00,W/m^2,5:16:53,28/6/17,Day of week:,Wednesday,19.69,Grade Celsius,
0,0.00,W/m^2,5:16:56,28/6/17,Day of week:,Wednesday,19.69,Grade Celsius,
0,0.00,W/m^2,5:16:59,28/6/17,Day of week:,Wednesday,19.69,Grade Celsius,
0,0.00,W/m^2,5:17:02,28/6/17,Day of week:,Wednesday,19.69,Grade Celsius,
0,0.00,W/m^2,5:17:05,28/6/17,Day of week:,Wednesday,19.69,Grade Celsius,
0,0.00,W/m^2,5:17:08,28/6/17,Day of week:,Wednesday,19.69,Grade Celsius,
0,0.00,W/m^2,5:17:11,28/6/17,Day of week:,Wednesday,19.69,Grade Celsius,
0,0.00,W/m^2,5:17:14,28/6/17,Day of week:,Wednesday,19.69,Grade Celsius,
0,0.00,W/m^2,5:17:18,28/6/17,Day of week:,Wednesday,19.69,Grade Celsius,
0,0.00,W/m^2,5:17:21,28/6/17,Day of week:,Wednesday,19.69,Grade Celsius,
0,0.00,W/m^2,5:17:24,28/6/17,Day of week:,Wednesday,19.62,Grade Celsius,
0,0.00,W/m^2,5:17:27,28/6/17,Day of week:,Wednesday,19.69,Grade Celsius,
0,0.00,W/m^2,5:17:30,28/6/17,Day of week:,Wednesday,19.69,Grade Celsius,
0,0.00,W/m^2,5:17:33,28/6/17,Day of week:,Wednesday,19.69,Grade Celsius,
0,0.00,W/m^2,5:17:36,28/6/17,Day of week:,Wednesday,19.69,Grade Celsius,
0,0.00,W/m^2,5:17:39,28/6/17,Day of week:,Wednesday,19.69,Grade Celsius,
0,0.00,W/m^2,5:17:42,28/6/17,Day of week:,Wednesday,19.69,Grade Celsius,
0,0.00,W/m^2,5:17:45,28/6/17,Day of week:,Wednesday,19.69,Grade Celsius,
0,0.00,W/m^2,5:17:48,28/6/17,Day of week:,Wednesday,19.69,Grade Celsius,
0,0.00,W/m^2,5:17:51,28/6/17,Day of week:,Wednesday,19.69,Grade Celsius,
0,0.00,W/m^2,5:17:54,28/6/17,Day of week:,Wednesday,19.69,Grade Celsius,
0,0.00,W/m^2,5:17:57,28/6/17,Day of week:,Wednesday,19.69,Grade Celsius,
0,0.00,W/m^2,5:18:00,28/6/17,Day of week:,Wednesday,19.69,Grade Celsius,
0,0.00,W/m^2,5:18:03,28/6/17,Day of week:,Wednesday,19.69,Grade Celsius,
0,0.00,W/m^2,5:18:07,28/6/17,Day of week:,Wednesday,19.69,Grade Celsius,
0,0.00,W/m^2,5:18:10,28/6/17,Day of week:,Wednesday,19.69,Grade Celsius,
0,0.00,W/m^2,5:18:13,28/6/17,Day of week:,Wednesday,19.69,Grade Celsius,
0,0.00,W/m^2,5:18:16,28/6/17,Day of week:,Wednesday,19.69,Grade Celsius,
0,0.00,W/m^2,5:18:19,28/6/17,Day of week:,Wednesday,19.69,Grade Celsius,
0,0.00,W/m^2,5:18:22,28/6/17,Day of week:,Wednesday,19.69,Grade Celsius,
0,0.00,W/m^2,5:18:25,28/6/17,Day of week:,Wednesday,19.69,Grade Celsius,
0,0.00,W/m^2,5:18:28,28/6/17,Day of week:,Wednesday,19.69,Grade Celsius,
0,0.00,W/m^2,5:18:31,28/6/17,Day of week:,Wednesday,19.69,Grade Celsius,
0,0.00,W/m^2,5:18:34,28/6/17,Day of week:,Wednesday,19.69,Grade Celsius,
0,0.00,W/m^2,5:18:37,28/6/17,Day of week:,Wednesday,19.69,Grade Celsius,
0,0.00,W/m^2,5:18:40,28/6/17,Day of week:,Wednesday,19.69,Grade Celsius,
0,0.00,W/m^2,5:18:43,28/6/17,Day of week:,Wednesday,19.69,Grade Celsius,
0,0.00,W/m^2,5:18:46,28/6/17,Day of week:,Wednesday,19.69,Grade Celsius,
0,0.00,W/m^2,5:18:49,28/6/17,Day of week:,Wednesday,19.69,Grade Celsius,
0,0.00,W/m^2,5:18:52,28/6/17,Day of week:,Wednesday,19.69,Grade Celsius,
0,0.00,W/m^2,5:18:55,28/6/17,Day of week:,Wednesday,19.69,Grade Celsius,
0,0.00,W/m^2,5:18:59,28/6/17,Day of week:,Wednesday,19.69,Grade Celsius,
0,0.00,W/m^2,5:19:02,28/6/17,Day of week:,Wednesday,19.69,Grade Celsius,
0,0.00,W/m^2,5:19:05,28/6/17,Day of week:,Wednesday,19.69,Grade Celsius,
0,0.00,W/m^2,5:19:08,28/6/17,Day of week:,Wednesday,19.69,Grade Celsius,
0,0.00,W/m^2,5:19:11,28/6/17,Day of week:,Wednesday,19.69,Grade Celsius,
0,0.00,W/m^2,5:19:14,28/6/17,Day of week:,Wednesday,19.69,Grade Celsius,
0,0.00,W/m^2,5:19:17,28/6/17,Day of week:,Wednesday,19.69,Grade Celsius,
0,0.00,W/m^2,5:19:20,28/6/17,Day of week:,Wednesday,19.69,Grade Celsius,
0,0.00,W/m^2,5:19:23,28/6/17,Day of week:,Wednesday,19.69,Grade Celsius,
0,0.00,W/m^2,5:19:26,28/6/17,Day of week:,Wednesday,19.69,Grade Celsius,
0,0.00,W/m^2,5:19:29,28/6/17,Day of week:,Wednesday,19.69,Grade Celsius,
0,0.00,W/m^2,5:19:32,28/6/17,Day of week:,Wednesday,19.69,Grade Celsius,
0,0.00,W/m^2,5:19:35,28/6/17,Day of week:,Wednesday,19.69,Grade Celsius,
0,0.00,W/m^2,5:19:38,28/6/17,Day of week:,Wednesday,19.69,Grade Celsius,
0,0.00,W/m^2,5:19:41,28/6/17,Day of week:,Wednesday,19.69,Grade Celsius,
0,0.00,W/m^2,5:19:44,28/6/17,Day of week:,Wednesday,19.69,Grade Celsius,
0,0.00,W/m^2,5:19:48,28/6/17,Day of week:,Wednesday,19.69,Grade Celsius,
0,0.00,W/m^2,5:19:51,28/6/17,Day of week:,Wednesday,19.69,Grade Celsius,
0,0.00,W/m^2,5:19:54,28/6/17,Day of week:,Wednesday,19.69,Grade Celsius,
0,0.00,W/m^2,5:19:57,28/6/17,Day of week:,Wednesday,19.69,Grade Celsius,
0,0.00,W/m^2,5:20:00,28/6/17,Day of week:,Wednesday,19.69,Grade Celsius,
0,0.00,W/m^2,5:20:03,28/6/17,Day of week:,Wednesday,19.69,Grade Celsius,
0,0.00,W/m^2,5:20:06,28/6/17,Day of week:,Wednesday,19.69,Grade Celsius,
0,0.00,W/m^2,5:20:09,28/6/17,Day of week:,Wednesday,19.69,Grade Celsius,
0,0.00,W/m^2,5:20:12,28/6/17,Day of week:,Wednesday,19.69,Grade Celsius,
0,0.00,W/m^2,5:20:15,28/6/17,Day of week:,Wednesday,19.69,Grade Celsius,
0,0.00,W/m^2,5:20:18,28/6/17,Day of week:,Wednesday,19.69,Grade Celsius,
0,0.00,W/m^2,5:20:21,28/6/17,Day of week:,Wednesday,19.69,Grade Celsius,
0,0.00,W/m^2,5:20:24,28/6/17,Day of week:,Wednesday,19.69,Grade Celsius,
0,0.00,W/m^2,5:20:27,28/6/17,Day of week:,Wednesday,19.69,Grade Celsius,
0,0.00,W/m^2,5:20:30,28/6/17,Day of week:,Wednesday,19.75,Grade Celsius,
0,0.00,W/m^2,5:20:33,28/6/17,Day of week:,Wednesday,19.75,Grade Celsius,
0,0.00,W/m^2,5:20:36,28/6/17,Day of week:,Wednesday,19.75,Grade Celsius,
0,0.00,W/m^2,5:20:40,28/6/17,Day of week:,Wednesday,19.75,Grade Celsius,
0,0.00,W/m^2,5:20:43,28/6/17,Day of week:,Wednesday,19.75,Grade Celsius,
0,0.00,W/m^2,5:20:46,28/6/17,Day of week:,Wednesday,19.69,Grade Celsius,
0,0.00,W/m^2,5:20:49,28/6/17,Day of week:,Wednesday,19.69,Grade Celsius,
0,0.00,W/m^2,5:20:52,28/6/17,Day of week:,Wednesday,19.69,Grade Celsius,
0,0.00,W/m^2,5:20:55,28/6/17,Day of week:,Wednesday,19.69,Grade Celsius,
0,0.00,W/m^2,5:20:58,28/6/17,Day of week:,Wednesday,19.69,Grade Celsius,
0,0.00,W/m^2,5:21:01,28/6/17,Day of week:,Wednesday,19.75,Grade Celsius,
0,0.00,W/m^2,5:21:04,28/6/17,Day of week:,Wednesday,19.75,Grade Celsius,
0,0.00,W/m^2,5:21:07,28/6/17,Day of week:,Wednesday,19.75,Grade Celsius,
0,0.00,W/m^2,5:21:10,28/6/17,Day of week:,Wednesday,19.75,Grade Celsius,
0,0.00,W/m^2,5:21:13,28/6/17,Day of week:,Wednesday,19.75,Grade Celsius,
0,0.00,W/m^2,5:21:16,28/6/17,Day of week:,Wednesday,19.75,Grade Celsius,
0,0.00,W/m^2,5:21:19,28/6/17,Day of week:,Wednesday,19.75,Grade Celsius,
0,0.00,W/m^2,5:21:22,28/6/17,Day of week:,Wednesday,19.75,Grade Celsius,
0,0.00,W/m^2,5:21:25,28/6/17,Day of week:,Wednesday,19.75,Grade Celsius,
0,0.00,W/m^2,5:21:28,28/6/17,Day of week:,Wednesday,19.75,Grade Celsius,
0,0.00,W/m^2,5:21:32,28/6/17,Day of week:,Wednesday,19.75,Grade Celsius,
0,0.00,W/m^2,5:21:35,28/6/17,Day of week:,Wednesday,19.75,Grade Celsius,
0,0.00,W/m^2,5:21:38,28/6/17,Day of week:,Wednesday,19.75,Grade Celsius,
0,0.00,W/m^2,5:21:41,28/6/17,Day of week:,Wednesday,19.75,Grade Celsius,
0,0.00,W/m^2,5:21:44,28/6/17,Day of week:,Wednesday,19.75,Grade Celsius,
0,0.00,W/m^2,5:21:47,28/6/17,Day of week:,Wednesday,19.75,Grade Celsius,
0,0.00,W/m^2,5:21:50,28/6/17,Day of week:,Wednesday,19.75,Grade Celsius,
0,0.00,W/m^2,5:21:53,28/6/17,Day of week:,Wednesday,19.75,Grade Celsius,
0,0.00,W/m^2,5:21:56,28/6/17,Day of week:,Wednesday,19.75,Grade Celsius,
0,0.00,W/m^2,5:21:59,28/6/17,Day of week:,Wednesday,19.75,Grade Celsius,
0,0.00,W/m^2,5:22:02,28/6/17,Day of week:,Wednesday,19.75,Grade Celsius,
0,0.00,W/m^2,5:22:05,28/6/17,Day of week:,Wednesday,19.75,Grade Celsius,
0,0.00,W/m^2,5:22:08,28/6/17,Day of week:,Wednesday,19.75,Grade Celsius,
0,0.00,W/m^2,5:22:11,28/6/17,Day of week:,Wednesday,19.75,Grade Celsius,
0,0.00,W/m^2,5:22:15,28/6/17,Day of week:,Wednesday,19.75,Grade Celsius,
0,0.00,W/m^2,5:22:18,28/6/17,Day of week:,Wednesday,19.75,Grade Celsius,
0,0.00,W/m^2,5:22:21,28/6/17,Day of week:,Wednesday,19.75,Grade Celsius,
0,0.00,W/m^2,5:22:24,28/6/17,Day of week:,Wednesday,19.75,Grade Celsius,
0,0.00,W/m^2,5:22:27,28/6/17,Day of week:,Wednesday,19.75,Grade Celsius,
0,0.00,W/m^2,5:22:30,28/6/17,Day of week:,Wednesday,19.75,Grade Celsius,
0,0.00,W/m^2,5:22:33,28/6/17,Day of week:,Wednesday,19.75,Grade Celsius,
0,0.00,W/m^2,5:22:36,28/6/17,Day of week:,Wednesday,19.81,Grade Celsius,
0,0.00,W/m^2,5:22:39,28/6/17,Day of week:,Wednesday,19.81,Grade Celsius,
0,0.00,W/m^2,5:22:42,28/6/17,Day of week:,Wednesday,19.75,Grade Celsius,
0,0.00,W/m^2,5:22:45,28/6/17,Day of week:,Wednesday,19.75,Grade Celsius,
0,0.00,W/m^2,5:22:48,28/6/17,Day of week:,Wednesday,19.75,Grade Celsius,
0,0.00,W/m^2,5:22:51,28/6/17,Day of week:,Wednesday,19.81,Grade Celsius,
0,0.00,W/m^2,5:22:54,28/6/17,Day of week:,Wednesday,19.81,Grade Celsius,
0,0.00,W/m^2,5:22:57,28/6/17,Day of week:,Wednesday,19.81,Grade Celsius,
0,0.00,W/m^2,5:23:00,28/6/17,Day of week:,Wednesday,19.81,Grade Celsius,
0,0.00,W/m^2,5:23:04,28/6/17,Day of week:,Wednesday,19.81,Grade Celsius,
0,0.00,W/m^2,5:23:07,28/6/17,Day of week:,Wednesday,19.75,Grade Celsius,
0,0.00,W/m^2,5:23:10,28/6/17,Day of week:,Wednesday,19.75,Grade Celsius,
0,0.00,W/m^2,5:23:13,28/6/17,Day of week:,Wednesday,19.75,Grade Celsius,
0,0.00,W/m^2,5:23:16,28/6/17,Day of week:,Wednesday,19.75,Grade Celsius,
0,0.00,W/m^2,5:23:19,28/6/17,Day of week:,Wednesday,19.75,Grade Celsius,
0,0.00,W/m^2,5:23:22,28/6/17,Day of week:,Wednesday,19.75,Grade Celsius,
0,0.00,W/m^2,5:23:25,28/6/17,Day of week:,Wednesday,19.75,Grade Celsius,
0,0.00,W/m^2,5:23:28,28/6/17,Day of week:,Wednesday,19.75,Grade Celsius,
0,0.00,W/m^2,5:23:31,28/6/17,Day of week:,Wednesday,19.75,Grade Celsius,
0,0.00,W/m^2,5:23:34,28/6/17,Day of week:,Wednesday,19.69,Grade Celsius,
0,0.00,W/m^2,5:23:37,28/6/17,Day of week:,Wednesday,19.75,Grade Celsius,
0,0.00,W/m^2,5:23:40,28/6/17,Day of week:,Wednesday,19.75,Grade Celsius,
0,0.00,W/m^2,5:23:43,28/6/17,Day of week:,Wednesday,19.75,Grade Celsius,
0,0.00,W/m^2,5:23:46,28/6/17,Day of week:,Wednesday,19.75,Grade Celsius,
0,0.00,W/m^2,5:23:49,28/6/17,Day of week:,Wednesday,19.75,Grade Celsius,
0,0.00,W/m^2,5:23:52,28/6/17,Day of week:,Wednesday,19.75,Grade Celsius,
0,0.00,W/m^2,5:23:56,28/6/17,Day of week:,Wednesday,19.75,Grade Celsius,
0,0.00,W/m^2,5:23:59,28/6/17,Day of week:,Wednesday,19.75,Grade Celsius,
0,0.00,W/m^2,5:24:02,28/6/17,Day of week:,Wednesday,19.75,Grade Celsius,
0,0.00,W/m^2,5:24:05,28/6/17,Day of week:,Wednesday,19.81,Grade Celsius,
0,0.00,W/m^2,5:24:08,28/6/17,Day of week:,Wednesday,19.81,Grade Celsius,
0,0.00,W/m^2,5:24:11,28/6/17,Day of week:,Wednesday,19.81,Grade Celsius,
0,0.00,W/m^2,5:24:14,28/6/17,Day of week:,Wednesday,19.81,Grade Celsius,
0,0.00,W/m^2,5:24:17,28/6/17,Day of week:,Wednesday,19.75,Grade Celsius,
0,0.00,W/m^2,5:24:20,28/6/17,Day of week:,Wednesday,19.75,Grade Celsius,
0,0.00,W/m^2,5:24:23,28/6/17,Day of week:,Wednesday,19.75,Grade Celsius,
0,0.00,W/m^2,5:24:26,28/6/17,Day of week:,Wednesday,19.75,Grade Celsius,
0,0.00,W/m^2,5:24:29,28/6/17,Day of week:,Wednesday,19.75,Grade Celsius,
0,0.00,W/m^2,5:24:32,28/6/17,Day of week:,Wednesday,19.75,Grade Celsius,
0,0.00,W/m^2,5:24:35,28/6/17,Day of week:,Wednesday,19.75,Grade Celsius,
0,0.00,W/m^2,5:24:38,28/6/17,Day of week:,Wednesday,19.75,Grade Celsius,
0,0.00,W/m^2,5:24:41,28/6/17,Day of week:,Wednesday,19.75,Grade Celsius,
0,0.00,W/m^2,5:24:45,28/6/17,Day of week:,Wednesday,19.75,Grade Celsius,
0,0.00,W/m^2,5:24:48,28/6/17,Day of week:,Wednesday,19.75,Grade Celsius,
0,0.00,W/m^2,5:24:51,28/6/17,Day of week:,Wednesday,19.75,Grade Celsius,
0,0.00,W/m^2,5:24:54,28/6/17,Day of week:,Wednesday,19.81,Grade Celsius,
0,0.00,W/m^2,5:24:57,28/6/17,Day of week:,Wednesday,19.81,Grade Celsius,
0,0.00,W/m^2,5:25:00,28/6/17,Day of week:,Wednesday,19.75,Grade Celsius,
0,0.00,W/m^2,5:25:03,28/6/17,Day of week:,Wednesday,19.75,Grade Celsius,
0,0.00,W/m^2,5:25:06,28/6/17,Day of week:,Wednesday,19.75,Grade Celsius,
0,0.00,W/m^2,5:25:09,28/6/17,Day of week:,Wednesday,19.75,Grade Celsius,
0,0.00,W/m^2,5:25:12,28/6/17,Day of week:,Wednesday,19.75,Grade Celsius,
0,0.00,W/m^2,5:25:15,28/6/17,Day of week:,Wednesday,19.75,Grade Celsius,
0,0.00,W/m^2,5:25:18,28/6/17,Day of week:,Wednesday,19.75,Grade Celsius,
0,0.00,W/m^2,5:25:21,28/6/17,Day of week:,Wednesday,19.75,Grade Celsius,
0,0.00,W/m^2,5:25:24,28/6/17,Day of week:,Wednesday,19.75,Grade Celsius,
0,0.00,W/m^2,5:25:27,28/6/17,Day of week:,Wednesday,19.75,Grade Celsius,
0,0.00,W/m^2,5:25:30,28/6/17,Day of week:,Wednesday,19.75,Grade Celsius,
0,0.00,W/m^2,5:25:33,28/6/17,Day of week:,Wednesday,19.75,Grade Celsius,
0,0.00,W/m^2,5:25:37,28/6/17,Day of week:,Wednesday,19.75,Grade Celsius,
0,0.00,W/m^2,5:25:40,28/6/17,Day of week:,Wednesday,19.75,Grade Celsius,
0,0.00,W/m^2,5:25:43,28/6/17,Day of week:,Wednesday,19.75,Grade Celsius,
0,0.00,W/m^2,5:25:46,28/6/17,Day of week:,Wednesday,19.81,Grade Celsius,
0,0.00,W/m^2,5:25:49,28/6/17,Day of week:,Wednesday,19.81,Grade Celsius,
0,0.00,W/m^2,5:25:52,28/6/17,Day of week:,Wednesday,19.75,Grade Celsius,
0,0.00,W/m^2,5:25:55,28/6/17,Day of week:,Wednesday,19.75,Grade Celsius,
0,0.00,W/m^2,5:25:58,28/6/17,Day of week:,Wednesday,19.75,Grade Celsius,
0,0.00,W/m^2,5:26:01,28/6/17,Day of week:,Wednesday,19.75,Grade Celsius,
0,0.00,W/m^2,5:26:04,28/6/17,Day of week:,Wednesday,19.75,Grade Celsius,
0,0.00,W/m^2,5:26:07,28/6/17,Day of week:,Wednesday,19.81,Grade Celsius,
0,0.00,W/m^2,5:26:10,28/6/17,Day of week:,Wednesday,19.81,Grade Celsius,
0,0.00,W/m^2,5:26:13,28/6/17,Day of week:,Wednesday,19.81,Grade Celsius,
0,0.00,W/m^2,5:26:16,28/6/17,Day of week:,Wednesday,19.81,Grade Celsius,
0,0.00,W/m^2,5:26:19,28/6/17,Day of week:,Wednesday,19.81,Grade Celsius,
0,0.00,W/m^2,5:26:22,28/6/17,Day of week:,Wednesday,19.81,Grade Celsius,
0,0.00,W/m^2,5:26:25,28/6/17,Day of week:,Wednesday,19.81,Grade Celsius,
0,0.00,W/m^2,5:26:29,28/6/17,Day of week:,Wednesday,19.81,Grade Celsius,
0,0.00,W/m^2,5:26:32,28/6/17,Day of week:,Wednesday,19.81,Grade Celsius,
0,0.00,W/m^2,5:26:35,28/6/17,Day of week:,Wednesday,19.81,Grade Celsius,
0,0.00,W/m^2,5:26:38,28/6/17,Day of week:,Wednesday,19.81,Grade Celsius,
0,0.00,W/m^2,5:26:41,28/6/17,Day of week:,Wednesday,19.81,Grade Celsius,
0,0.00,W/m^2,5:26:44,28/6/17,Day of week:,Wednesday,19.81,Grade Celsius,
0,0.00,W/m^2,5:26:47,28/6/17,Day of week:,Wednesday,19.81,Grade Celsius,
0,0.00,W/m^2,5:26:50,28/6/17,Day of week:,Wednesday,19.81,Grade Celsius,
0,0.00,W/m^2,5:26:53,28/6/17,Day of week:,Wednesday,19.81,Grade Celsius,
0,0.00,W/m^2,5:26:56,28/6/17,Day of week:,Wednesday,19.81,Grade Celsius,
0,0.00,W/m^2,5:26:59,28/6/17,Day of week:,Wednesday,19.81,Grade Celsius,
0,0.00,W/m^2,5:27:02,28/6/17,Day of week:,Wednesday,19.81,Grade Celsius,
0,0.00,W/m^2,5:27:05,28/6/17,Day of week:,Wednesday,19.81,Grade Celsius,
0,0.00,W/m^2,5:27:08,28/6/17,Day of week:,Wednesday,19.81,Grade Celsius,
0,0.00,W/m^2,5:27:11,28/6/17,Day of week:,Wednesday,19.81,Grade Celsius,
0,0.00,W/m^2,5:27:14,28/6/17,Day of week:,Wednesday,19.81,Grade Celsius,
0,0.00,W/m^2,5:27:17,28/6/17,Day of week:,Wednesday,19.81,Grade Celsius,
0,0.00,W/m^2,5:27:21,28/6/17,Day of week:,Wednesday,19.81,Grade Celsius,
0,0.00,W/m^2,5:27:24,28/6/17,Day of week:,Wednesday,19.81,Grade Celsius,
0,0.00,W/m^2,5:27:27,28/6/17,Day of week:,Wednesday,19.81,Grade Celsius,
0,0.00,W/m^2,5:27:30,28/6/17,Day of week:,Wednesday,19.81,Grade Celsius,
0,0.00,W/m^2,5:27:33,28/6/17,Day of week:,Wednesday,19.81,Grade Celsius,
0,0.00,W/m^2,5:27:36,28/6/17,Day of week:,Wednesday,19.81,Grade Celsius,
0,0.00,W/m^2,5:27:39,28/6/17,Day of week:,Wednesday,19.81,Grade Celsius,
0,0.00,W/m^2,5:27:42,28/6/17,Day of week:,Wednesday,19.81,Grade Celsius,
0,0.00,W/m^2,5:27:45,28/6/17,Day of week:,Wednesday,19.81,Grade Celsius,
0,0.00,W/m^2,5:27:48,28/6/17,Day of week:,Wednesday,19.81,Grade Celsius,
0,0.00,W/m^2,5:27:51,28/6/17,Day of week:,Wednesday,19.81,Grade Celsius,
0,0.00,W/m^2,5:27:54,28/6/17,Day of week:,Wednesday,19.81,Grade Celsius,
0,0.00,W/m^2,5:27:57,28/6/17,Day of week:,Wednesday,19.81,Grade Celsius,
0,0.00,W/m^2,5:28:00,28/6/17,Day of week:,Wednesday,19.81,Grade Celsius,
0,0.00,W/m^2,5:28:03,28/6/17,Day of week:,Wednesday,19.81,Grade Celsius,
0,0.00,W/m^2,5:28:06,28/6/17,Day of week:,Wednesday,19.81,Grade Celsius,
0,0.00,W/m^2,5:28:10,28/6/17,Day of week:,Wednesday,19.81,Grade Celsius,
0,0.00,W/m^2,5:28:13,28/6/17,Day of week:,Wednesday,19.81,Grade Celsius,
0,0.00,W/m^2,5:28:16,28/6/17,Day of week:,Wednesday,19.81,Grade Celsius,
0,0.00,W/m^2,5:28:19,28/6/17,Day of week:,Wednesday,19.81,Grade Celsius,
0,0.00,W/m^2,5:28:22,28/6/17,Day of week:,Wednesday,19.81,Grade Celsius,
0,0.00,W/m^2,5:28:25,28/6/17,Day of week:,Wednesday,19.81,Grade Celsius,
0,0.00,W/m^2,5:28:28,28/6/17,Day of week:,Wednesday,19.81,Grade Celsius,
0,0.00,W/m^2,5:28:31,28/6/17,Day of week:,Wednesday,19.81,Grade Celsius,
0,0.00,W/m^2,5:28:34,28/6/17,Day of week:,Wednesday,19.81,Grade Celsius,
0,0.00,W/m^2,5:28:37,28/6/17,Day of week:,Wednesday,19.81,Grade Celsius,
0,0.00,W/m^2,5:28:40,28/6/17,Day of week:,Wednesday,19.81,Grade Celsius,
0,0.00,W/m^2,5:28:43,28/6/17,Day of week:,Wednesday,19.81,Grade Celsius,
0,0.00,W/m^2,5:28:46,28/6/17,Day of week:,Wednesday,19.81,Grade Celsius,
0,0.00,W/m^2,5:28:49,28/6/17,Day of week:,Wednesday,19.81,Grade Celsius,
0,0.00,W/m^2,5:28:52,28/6/17,Day of week:,Wednesday,19.81,Grade Celsius,
0,0.00,W/m^2,5:28:55,28/6/17,Day of week:,Wednesday,19.81,Grade Celsius,
0,0.00,W/m^2,5:28:58,28/6/17,Day of week:,Wednesday,19.81,Grade Celsius,
0,0.00,W/m^2,5:29:02,28/6/17,Day of week:,Wednesday,19.81,Grade Celsius,
0,0.00,W/m^2,5:29:05,28/6/17,Day of week:,Wednesday,19.81,Grade Celsius,
0,0.00,W/m^2,5:29:08,28/6/17,Day of week:,Wednesday,19.81,Grade Celsius,
0,0.00,W/m^2,5:29:11,28/6/17,Day of week:,Wednesday,19.81,Grade Celsius,
0,0.00,W/m^2,5:29:14,28/6/17,Day of week:,Wednesday,19.81,Grade Celsius,
0,0.00,W/m^2,5:29:17,28/6/17,Day of week:,Wednesday,19.81,Grade Celsius,
0,0.00,W/m^2,5:29:20,28/6/17,Day of week:,Wednesday,19.81,Grade Celsius,
0,0.00,W/m^2,5:29:23,28/6/17,Day of week:,Wednesday,19.81,Grade Celsius,
0,0.00,W/m^2,5:29:26,28/6/17,Day of week:,Wednesday,19.75,Grade Celsius,
0,0.00,W/m^2,5:29:29,28/6/17,Day of week:,Wednesday,19.81,Grade Celsius,
0,0.00,W/m^2,5:29:32,28/6/17,Day of week:,Wednesday,19.75,Grade Celsius,
0,0.00,W/m^2,5:29:35,28/6/17,Day of week:,Wednesday,19.81,Grade Celsius,
0,0.00,W/m^2,5:29:38,28/6/17,Day of week:,Wednesday,19.81,Grade Celsius,
0,0.00,W/m^2,5:29:41,28/6/17,Day of week:,Wednesday,19.75,Grade Celsius,
0,0.00,W/m^2,5:29:44,28/6/17,Day of week:,Wednesday,19.75,Grade Celsius,
0,0.00,W/m^2,5:29:47,28/6/17,Day of week:,Wednesday,19.81,Grade Celsius,
0,0.00,W/m^2,5:29:51,28/6/17,Day of week:,Wednesday,19.81,Grade Celsius,
0,0.00,W/m^2,5:29:54,28/6/17,Day of week:,Wednesday,19.81,Grade Celsius,
0,0.00,W/m^2,5:29:57,28/6/17,Day of week:,Wednesday,19.81,Grade Celsius,
0,0.00,W/m^2,5:30:00,28/6/17,Day of week:,Wednesday,19.81,Grade Celsius,
0,0.00,W/m^2,5:30:03,28/6/17,Day of week:,Wednesday,19.81,Grade Celsius,
0,0.00,W/m^2,5:30:06,28/6/17,Day of week:,Wednesday,19.81,Grade Celsius,
0,0.00,W/m^2,5:30:09,28/6/17,Day of week:,Wednesday,19.81,Grade Celsius,
0,0.00,W/m^2,5:30:12,28/6/17,Day of week:,Wednesday,19.81,Grade Celsius,
0,0.00,W/m^2,5:30:15,28/6/17,Day of week:,Wednesday,19.81,Grade Celsius,
0,0.00,W/m^2,5:30:18,28/6/17,Day of week:,Wednesday,19.81,Grade Celsius,
0,0.00,W/m^2,5:30:21,28/6/17,Day of week:,Wednesday,19.81,Grade Celsius,
0,0.00,W/m^2,5:30:24,28/6/17,Day of week:,Wednesday,19.81,Grade Celsius,
0,0.00,W/m^2,5:30:27,28/6/17,Day of week:,Wednesday,19.81,Grade Celsius,
0,0.00,W/m^2,5:30:30,28/6/17,Day of week:,Wednesday,19.81,Grade Celsius,
0,0.00,W/m^2,5:30:33,28/6/17,Day of week:,Wednesday,19.81,Grade Celsius,
0,0.00,W/m^2,5:30:36,28/6/17,Day of week:,Wednesday,19.81,Grade Celsius,
0,0.00,W/m^2,5:30:39,28/6/17,Day of week:,Wednesday,19.81,Grade Celsius,
0,0.00,W/m^2,5:30:43,28/6/17,Day of week:,Wednesday,19.81,Grade Celsius,
0,0.00,W/m^2,5:30:46,28/6/17,Day of week:,Wednesday,19.81,Grade Celsius,
0,0.00,W/m^2,5:30:49,28/6/17,Day of week:,Wednesday,19.81,Grade Celsius,
0,0.00,W/m^2,5:30:52,28/6/17,Day of week:,Wednesday,19.81,Grade Celsius,
0,0.00,W/m^2,5:30:55,28/6/17,Day of week:,Wednesday,19.81,Grade Celsius,
0,0.00,W/m^2,5:30:58,28/6/17,Day of week:,Wednesday,19.81,Grade Celsius,
0,0.00,W/m^2,5:31:01,28/6/17,Day of week:,Wednesday,19.81,Grade Celsius,
0,0.00,W/m^2,5:31:04,28/6/17,Day of week:,Wednesday,19.81,Grade Celsius,
0,0.00,W/m^2,5:31:07,28/6/17,Day of week:,Wednesday,19.81,Grade Celsius,
0,0.00,W/m^2,5:31:10,28/6/17,Day of week:,Wednesday,19.81,Grade Celsius,
0,0.00,W/m^2,5:31:13,28/6/17,Day of week:,Wednesday,19.81,Grade Celsius,
0,0.00,W/m^2,5:31:16,28/6/17,Day of week:,Wednesday,19.81,Grade Celsius,
0,0.00,W/m^2,5:31:19,28/6/17,Day of week:,Wednesday,19.81,Grade Celsius,
0,0.00,W/m^2,5:31:22,28/6/17,Day of week:,Wednesday,19.81,Grade Celsius,
0,0.00,W/m^2,5:31:25,28/6/17,Day of week:,Wednesday,19.81,Grade Celsius,
0,0.00,W/m^2,5:31:28,28/6/17,Day of week:,Wednesday,19.81,Grade Celsius,
0,0.00,W/m^2,5:31:31,28/6/17,Day of week:,Wednesday,19.81,Grade Celsius,
0,0.00,W/m^2,5:31:35,28/6/17,Day of week:,Wednesday,19.81,Grade Celsius,
0,0.00,W/m^2,5:31:38,28/6/17,Day of week:,Wednesday,19.81,Grade Celsius,
0,0.00,W/m^2,5:31:41,28/6/17,Day of week:,Wednesday,19.81,Grade Celsius,
0,0.00,W/m^2,5:31:44,28/6/17,Day of week:,Wednesday,19.81,Grade Celsius,
0,0.00,W/m^2,5:31:47,28/6/17,Day of week:,Wednesday,19.81,Grade Celsius,
0,0.00,W/m^2,5:31:50,28/6/17,Day of week:,Wednesday,19.81,Grade Celsius,
0,0.00,W/m^2,5:31:53,28/6/17,Day of week:,Wednesday,19.81,Grade Celsius,
0,0.00,W/m^2,5:31:56,28/6/17,Day of week:,Wednesday,19.81,Grade Celsius,
0,0.00,W/m^2,5:31:59,28/6/17,Day of week:,Wednesday,19.81,Grade Celsius,
0,0.00,W/m^2,5:32:02,28/6/17,Day of week:,Wednesday,19.81,Grade Celsius,
0,0.00,W/m^2,5:32:05,28/6/17,Day of week:,Wednesday,19.81,Grade Celsius,
0,0.00,W/m^2,5:32:08,28/6/17,Day of week:,Wednesday,19.81,Grade Celsius,
0,0.00,W/m^2,5:32:11,28/6/17,Day of week:,Wednesday,19.81,Grade Celsius,
0,0.00,W/m^2,5:32:14,28/6/17,Day of week:,Wednesday,19.81,Grade Celsius,
0,0.00,W/m^2,5:32:17,28/6/17,Day of week:,Wednesday,19.81,Grade Celsius,
0,0.00,W/m^2,5:32:20,28/6/17,Day of week:,Wednesday,19.81,Grade Celsius,
0,0.00,W/m^2,5:32:23,28/6/17,Day of week:,Wednesday,19.81,Grade Celsius,
0,0.00,W/m^2,5:32:27,28/6/17,Day of week:,Wednesday,19.81,Grade Celsius,
0,0.00,W/m^2,5:32:30,28/6/17,Day of week:,Wednesday,19.81,Grade Celsius,
0,0.00,W/m^2,5:32:33,28/6/17,Day of week:,Wednesday,19.87,Grade Celsius,
0,0.00,W/m^2,5:32:36,28/6/17,Day of week:,Wednesday,19.81,Grade Celsius,
0,0.00,W/m^2,5:32:39,28/6/17,Day of week:,Wednesday,19.87,Grade Celsius,
0,0.00,W/m^2,5:32:42,28/6/17,Day of week:,Wednesday,19.81,Grade Celsius,
0,0.00,W/m^2,5:32:45,28/6/17,Day of week:,Wednesday,19.81,Grade Celsius,
0,0.00,W/m^2,5:32:48,28/6/17,Day of week:,Wednesday,19.81,Grade Celsius,
0,0.00,W/m^2,5:32:51,28/6/17,Day of week:,Wednesday,19.87,Grade Celsius,
0,0.00,W/m^2,5:32:54,28/6/17,Day of week:,Wednesday,19.87,Grade Celsius,
0,0.00,W/m^2,5:32:57,28/6/17,Day of week:,Wednesday,19.87,Grade Celsius,
0,0.00,W/m^2,5:33:00,28/6/17,Day of week:,Wednesday,19.87,Grade Celsius,
0,0.00,W/m^2,5:33:03,28/6/17,Day of week:,Wednesday,19.87,Grade Celsius,
0,0.00,W/m^2,5:33:06,28/6/17,Day of week:,Wednesday,19.87,Grade Celsius,
0,0.00,W/m^2,5:33:09,28/6/17,Day of week:,Wednesday,19.87,Grade Celsius,
0,0.00,W/m^2,5:33:13,28/6/17,Day of week:,Wednesday,19.87,Grade Celsius,
0,0.00,W/m^2,5:33:16,28/6/17,Day of week:,Wednesday,19.87,Grade Celsius,
0,0.00,W/m^2,5:33:19,28/6/17,Day of week:,Wednesday,19.81,Grade Celsius,
0,0.00,W/m^2,5:33:22,28/6/17,Day of week:,Wednesday,19.87,Grade Celsius,
0,0.00,W/m^2,5:33:25,28/6/17,Day of week:,Wednesday,19.87,Grade Celsius,
0,0.00,W/m^2,5:33:28,28/6/17,Day of week:,Wednesday,19.87,Grade Celsius,
0,0.00,W/m^2,5:33:31,28/6/17,Day of week:,Wednesday,19.87,Grade Celsius,
0,0.00,W/m^2,5:33:34,28/6/17,Day of week:,Wednesday,19.87,Grade Celsius,
0,0.00,W/m^2,5:33:37,28/6/17,Day of week:,Wednesday,19.87,Grade Celsius,
0,0.00,W/m^2,5:33:40,28/6/17,Day of week:,Wednesday,19.87,Grade Celsius,
0,0.00,W/m^2,5:33:43,28/6/17,Day of week:,Wednesday,19.87,Grade Celsius,
0,0.00,W/m^2,5:33:46,28/6/17,Day of week:,Wednesday,19.87,Grade Celsius,
0,0.00,W/m^2,5:33:49,28/6/17,Day of week:,Wednesday,19.87,Grade Celsius,
0,0.00,W/m^2,5:33:52,28/6/17,Day of week:,Wednesday,19.87,Grade Celsius,
0,0.00,W/m^2,5:33:55,28/6/17,Day of week:,Wednesday,19.87,Grade Celsius,
0,0.00,W/m^2,5:33:59,28/6/17,Day of week:,Wednesday,19.87,Grade Celsius,
0,0.00,W/m^2,5:34:02,28/6/17,Day of week:,Wednesday,19.87,Grade Celsius,
0,0.00,W/m^2,5:34:05,28/6/17,Day of week:,Wednesday,19.87,Grade Celsius,
0,0.00,W/m^2,5:34:08,28/6/17,Day of week:,Wednesday,19.87,Grade Celsius,
0,0.00,W/m^2,5:34:11,28/6/17,Day of week:,Wednesday,19.87,Grade Celsius,
0,0.00,W/m^2,5:34:14,28/6/17,Day of week:,Wednesday,19.87,Grade Celsius,
0,0.00,W/m^2,5:34:17,28/6/17,Day of week:,Wednesday,19.87,Grade Celsius,
0,0.00,W/m^2,5:34:20,28/6/17,Day of week:,Wednesday,19.87,Grade Celsius,
0,0.00,W/m^2,5:34:23,28/6/17,Day of week:,Wednesday,19.87,Grade Celsius,
0,0.00,W/m^2,5:34:26,28/6/17,Day of week:,Wednesday,19.81,Grade Celsius,
0,0.00,W/m^2,5:34:29,28/6/17,Day of week:,Wednesday,19.87,Grade Celsius,
0,0.00,W/m^2,5:34:32,28/6/17,Day of week:,Wednesday,19.87,Grade Celsius,
0,0.00,W/m^2,5:34:35,28/6/17,Day of week:,Wednesday,19.87,Grade Celsius,
0,0.00,W/m^2,5:34:38,28/6/17,Day of week:,Wednesday,19.87,Grade Celsius,
0,0.00,W/m^2,5:34:41,28/6/17,Day of week:,Wednesday,19.87,Grade Celsius,
0,0.00,W/m^2,5:34:44,28/6/17,Day of week:,Wednesday,19.87,Grade Celsius,
0,0.00,W/m^2,5:34:47,28/6/17,Day of week:,Wednesday,19.87,Grade Celsius,
0,0.00,W/m^2,5:34:51,28/6/17,Day of week:,Wednesday,19.87,Grade Celsius,
0,0.00,W/m^2,5:34:54,28/6/17,Day of week:,Wednesday,19.87,Grade Celsius,
0,0.00,W/m^2,5:34:57,28/6/17,Day of week:,Wednesday,19.87,Grade Celsius,
0,0.00,W/m^2,5:35:00,28/6/17,Day of week:,Wednesday,19.87,Grade Celsius,
0,0.00,W/m^2,5:35:03,28/6/17,Day of week:,Wednesday,19.87,Grade Celsius,
0,0.00,W/m^2,5:35:06,28/6/17,Day of week:,Wednesday,19.87,Grade Celsius,
0,0.00,W/m^2,5:35:09,28/6/17,Day of week:,Wednesday,19.87,Grade Celsius,
0,0.00,W/m^2,5:35:12,28/6/17,Day of week:,Wednesday,19.87,Grade Celsius,
0,0.00,W/m^2,5:35:15,28/6/17,Day of week:,Wednesday,19.87,Grade Celsius,
0,0.00,W/m^2,5:35:18,28/6/17,Day of week:,Wednesday,19.87,Grade Celsius,
0,0.00,W/m^2,5:35:21,28/6/17,Day of week:,Wednesday,19.87,Grade Celsius,
0,0.00,W/m^2,5:35:24,28/6/17,Day of week:,Wednesday,19.87,Grade Celsius,
0,0.00,W/m^2,5:35:27,28/6/17,Day of week:,Wednesday,19.87,Grade Celsius,
0,0.00,W/m^2,5:35:30,28/6/17,Day of week:,Wednesday,19.87,Grade Celsius,
0,0.00,W/m^2,5:35:33,28/6/17,Day of week:,Wednesday,19.87,Grade Celsius,
0,0.00,W/m^2,5:35:36,28/6/17,Day of week:,Wednesday,19.87,Grade Celsius,
0,0.00,W/m^2,5:35:40,28/6/17,Day of week:,Wednesday,19.87,Grade Celsius,
0,0.00,W/m^2,5:35:43,28/6/17,Day of week:,Wednesday,19.87,Grade Celsius,
0,0.00,W/m^2,5:35:46,28/6/17,Day of week:,Wednesday,19.87,Grade Celsius,
0,0.00,W/m^2,5:35:49,28/6/17,Day of week:,Wednesday,19.87,Grade Celsius,
0,0.00,W/m^2,5:35:52,28/6/17,Day of week:,Wednesday,19.94,Grade Celsius,
0,0.00,W/m^2,5:35:55,28/6/17,Day of week:,Wednesday,19.87,Grade Celsius,
0,0.00,W/m^2,5:35:58,28/6/17,Day of week:,Wednesday,19.87,Grade Celsius,
0,0.00,W/m^2,5:36:01,28/6/17,Day of week:,Wednesday,19.87,Grade Celsius,
0,0.00,W/m^2,5:36:04,28/6/17,Day of week:,Wednesday,19.87,Grade Celsius,
0,0.00,W/m^2,5:36:07,28/6/17,Day of week:,Wednesday,19.87,Grade Celsius,
0,0.00,W/m^2,5:36:10,28/6/17,Day of week:,Wednesday,19.87,Grade Celsius,
0,0.00,W/m^2,5:36:13,28/6/17,Day of week:,Wednesday,19.87,Grade Celsius,
0,0.00,W/m^2,5:36:16,28/6/17,Day of week:,Wednesday,19.87,Grade Celsius,
0,0.00,W/m^2,5:36:19,28/6/17,Day of week:,Wednesday,19.87,Grade Celsius,
0,0.00,W/m^2,5:36:22,28/6/17,Day of week:,Wednesday,19.87,Grade Celsius,
0,0.00,W/m^2,5:36:25,28/6/17,Day of week:,Wednesday,19.87,Grade Celsius,
0,0.00,W/m^2,5:36:28,28/6/17,Day of week:,Wednesday,19.87,Grade Celsius,
0,0.00,W/m^2,5:36:32,28/6/17,Day of week:,Wednesday,19.87,Grade Celsius,
0,0.00,W/m^2,5:36:35,28/6/17,Day of week:,Wednesday,19.87,Grade Celsius,
0,0.00,W/m^2,5:36:38,28/6/17,Day of week:,Wednesday,19.87,Grade Celsius,
0,0.00,W/m^2,5:36:41,28/6/17,Day of week:,Wednesday,19.87,Grade Celsius,
0,0.00,W/m^2,5:36:44,28/6/17,Day of week:,Wednesday,19.87,Grade Celsius,
0,0.00,W/m^2,5:36:47,28/6/17,Day of week:,Wednesday,19.87,Grade Celsius,
0,0.00,W/m^2,5:36:50,28/6/17,Day of week:,Wednesday,19.87,Grade Celsius,
0,0.00,W/m^2,5:36:53,28/6/17,Day of week:,Wednesday,19.87,Grade Celsius,
0,0.00,W/m^2,5:36:56,28/6/17,Day of week:,Wednesday,19.87,Grade Celsius,
0,0.00,W/m^2,5:36:59,28/6/17,Day of week:,Wednesday,19.87,Grade Celsius,
0,0.00,W/m^2,5:37:02,28/6/17,Day of week:,Wednesday,19.87,Grade Celsius,
0,0.00,W/m^2,5:37:05,28/6/17,Day of week:,Wednesday,19.87,Grade Celsius,
0,0.00,W/m^2,5:37:08,28/6/17,Day of week:,Wednesday,19.87,Grade Celsius,
0,0.00,W/m^2,5:37:11,28/6/17,Day of week:,Wednesday,19.87,Grade Celsius,
0,0.00,W/m^2,5:37:14,28/6/17,Day of week:,Wednesday,19.87,Grade Celsius,
0,0.00,W/m^2,5:37:17,28/6/17,Day of week:,Wednesday,19.81,Grade Celsius,
0,0.00,W/m^2,5:37:20,28/6/17,Day of week:,Wednesday,19.81,Grade Celsius,
0,0.00,W/m^2,5:37:24,28/6/17,Day of week:,Wednesday,19.87,Grade Celsius,
0,0.00,W/m^2,5:37:27,28/6/17,Day of week:,Wednesday,19.87,Grade Celsius,
0,0.00,W/m^2,5:37:30,28/6/17,Day of week:,Wednesday,19.87,Grade Celsius,
0,0.00,W/m^2,5:37:33,28/6/17,Day of week:,Wednesday,19.87,Grade Celsius,
0,0.00,W/m^2,5:37:36,28/6/17,Day of week:,Wednesday,19.87,Grade Celsius,
0,0.00,W/m^2,5:37:39,28/6/17,Day of week:,Wednesday,19.87,Grade Celsius,
0,0.00,W/m^2,5:37:42,28/6/17,Day of week:,Wednesday,19.87,Grade Celsius,
0,0.00,W/m^2,5:37:45,28/6/17,Day of week:,Wednesday,19.87,Grade Celsius,
0,0.00,W/m^2,5:37:48,28/6/17,Day of week:,Wednesday,19.87,Grade Celsius,
0,0.00,W/m^2,5:37:51,28/6/17,Day of week:,Wednesday,19.87,Grade Celsius,
0,0.00,W/m^2,5:37:54,28/6/17,Day of week:,Wednesday,19.81,Grade Celsius,
0,0.00,W/m^2,5:37:57,28/6/17,Day of week:,Wednesday,19.87,Grade Celsius,
0,0.00,W/m^2,5:38:00,28/6/17,Day of week:,Wednesday,19.87,Grade Celsius,
0,0.00,W/m^2,5:38:03,28/6/17,Day of week:,Wednesday,19.87,Grade Celsius,
0,0.00,W/m^2,5:38:06,28/6/17,Day of week:,Wednesday,19.87,Grade Celsius,
0,0.00,W/m^2,5:38:09,28/6/17,Day of week:,Wednesday,19.87,Grade Celsius,
0,0.00,W/m^2,5:38:12,28/6/17,Day of week:,Wednesday,19.87,Grade Celsius,
0,0.00,W/m^2,5:38:16,28/6/17,Day of week:,Wednesday,19.87,Grade Celsius,
0,0.00,W/m^2,5:38:19,28/6/17,Day of week:,Wednesday,19.87,Grade Celsius,
0,0.00,W/m^2,5:38:22,28/6/17,Day of week:,Wednesday,19.87,Grade Celsius,
0,0.00,W/m^2,5:38:25,28/6/17,Day of week:,Wednesday,19.87,Grade Celsius,
0,0.00,W/m^2,5:38:28,28/6/17,Day of week:,Wednesday,19.87,Grade Celsius,
0,0.00,W/m^2,5:38:31,28/6/17,Day of week:,Wednesday,19.87,Grade Celsius,
0,0.00,W/m^2,5:38:34,28/6/17,Day of week:,Wednesday,19.87,Grade Celsius,
0,0.00,W/m^2,5:38:37,28/6/17,Day of week:,Wednesday,19.87,Grade Celsius,
0,0.00,W/m^2,5:38:40,28/6/17,Day of week:,Wednesday,19.87,Grade Celsius,
0,0.00,W/m^2,5:38:43,28/6/17,Day of week:,Wednesday,19.87,Grade Celsius,
0,0.00,W/m^2,5:38:46,28/6/17,Day of week:,Wednesday,19.87,Grade Celsius,
0,0.00,W/m^2,5:38:49,28/6/17,Day of week:,Wednesday,19.87,Grade Celsius,
0,0.00,W/m^2,5:38:52,28/6/17,Day of week:,Wednesday,19.87,Grade Celsius,
0,0.00,W/m^2,5:38:55,28/6/17,Day of week:,Wednesday,19.87,Grade Celsius,
0,0.00,W/m^2,5:38:58,28/6/17,Day of week:,Wednesday,19.87,Grade Celsius,
0,0.00,W/m^2,5:39:02,28/6/17,Day of week:,Wednesday,19.87,Grade Celsius,
0,0.00,W/m^2,5:39:05,28/6/17,Day of week:,Wednesday,19.87,Grade Celsius,
0,0.00,W/m^2,5:39:08,28/6/17,Day of week:,Wednesday,19.87,Grade Celsius,
0,0.00,W/m^2,5:39:11,28/6/17,Day of week:,Wednesday,19.87,Grade Celsius,
0,0.00,W/m^2,5:39:14,28/6/17,Day of week:,Wednesday,19.87,Grade Celsius,
0,0.00,W/m^2,5:39:17,28/6/17,Day of week:,Wednesday,19.87,Grade Celsius,
0,0.00,W/m^2,5:39:20,28/6/17,Day of week:,Wednesday,19.87,Grade Celsius,
0,0.00,W/m^2,5:39:23,28/6/17,Day of week:,Wednesday,19.87,Grade Celsius,
0,0.00,W/m^2,5:39:26,28/6/17,Day of week:,Wednesday,19.87,Grade Celsius,
0,0.00,W/m^2,5:39:29,28/6/17,Day of week:,Wednesday,19.87,Grade Celsius,
0,0.00,W/m^2,5:39:32,28/6/17,Day of week:,Wednesday,19.87,Grade Celsius,
0,0.00,W/m^2,5:39:35,28/6/17,Day of week:,Wednesday,19.87,Grade Celsius,
0,0.00,W/m^2,5:39:38,28/6/17,Day of week:,Wednesday,19.87,Grade Celsius,
0,0.00,W/m^2,5:39:41,28/6/17,Day of week:,Wednesday,19.87,Grade Celsius,
0,0.00,W/m^2,5:39:44,28/6/17,Day of week:,Wednesday,19.87,Grade Celsius,
0,0.00,W/m^2,5:39:47,28/6/17,Day of week:,Wednesday,19.87,Grade Celsius,
0,0.00,W/m^2,5:39:50,28/6/17,Day of week:,Wednesday,19.87,Grade Celsius,
0,0.00,W/m^2,5:39:54,28/6/17,Day of week:,Wednesday,19.87,Grade Celsius,
0,0.00,W/m^2,5:39:57,28/6/17,Day of week:,Wednesday,19.87,Grade Celsius,
0,0.00,W/m^2,5:40:00,28/6/17,Day of week:,Wednesday,19.87,Grade Celsius,
0,0.00,W/m^2,5:40:03,28/6/17,Day of week:,Wednesday,19.87,Grade Celsius,
0,0.00,W/m^2,5:40:06,28/6/17,Day of week:,Wednesday,19.87,Grade Celsius,
0,0.00,W/m^2,5:40:09,28/6/17,Day of week:,Wednesday,19.87,Grade Celsius,
0,0.00,W/m^2,5:40:12,28/6/17,Day of week:,Wednesday,19.87,Grade Celsius,
0,0.00,W/m^2,5:40:15,28/6/17,Day of week:,Wednesday,19.87,Grade Celsius,
0,0.00,W/m^2,5:40:18,28/6/17,Day of week:,Wednesday,19.87,Grade Celsius,
0,0.00,W/m^2,5:40:21,28/6/17,Day of week:,Wednesday,19.87,Grade Celsius,
0,0.00,W/m^2,5:40:24,28/6/17,Day of week:,Wednesday,19.87,Grade Celsius,
0,0.00,W/m^2,5:40:27,28/6/17,Day of week:,Wednesday,19.87,Grade Celsius,
0,0.00,W/m^2,5:40:30,28/6/17,Day of week:,Wednesday,19.87,Grade Celsius,
0,0.00,W/m^2,5:40:33,28/6/17,Day of week:,Wednesday,19.87,Grade Celsius,
0,0.00,W/m^2,5:40:36,28/6/17,Day of week:,Wednesday,19.87,Grade Celsius,
0,0.00,W/m^2,5:40:39,28/6/17,Day of week:,Wednesday,19.87,Grade Celsius,
0,0.00,W/m^2,5:40:42,28/6/17,Day of week:,Wednesday,19.87,Grade Celsius,
0,0.00,W/m^2,5:40:46,28/6/17,Day of week:,Wednesday,19.87,Grade Celsius,
0,0.00,W/m^2,5:40:49,28/6/17,Day of week:,Wednesday,19.87,Grade Celsius,
0,0.00,W/m^2,5:40:52,28/6/17,Day of week:,Wednesday,19.87,Grade Celsius,
0,0.00,W/m^2,5:40:55,28/6/17,Day of week:,Wednesday,19.87,Grade Celsius,
0,0.00,W/m^2,5:40:58,28/6/17,Day of week:,Wednesday,19.94,Grade Celsius,
0,0.00,W/m^2,5:41:01,28/6/17,Day of week:,Wednesday,19.87,Grade Celsius,
0,0.00,W/m^2,5:41:04,28/6/17,Day of week:,Wednesday,19.87,Grade Celsius,
0,0.00,W/m^2,5:41:07,28/6/17,Day of week:,Wednesday,19.87,Grade Celsius,
0,0.00,W/m^2,5:41:10,28/6/17,Day of week:,Wednesday,19.87,Grade Celsius,
0,0.00,W/m^2,5:41:13,28/6/17,Day of week:,Wednesday,19.87,Grade Celsius,
0,0.00,W/m^2,5:41:16,28/6/17,Day of week:,Wednesday,19.87,Grade Celsius,
0,0.00,W/m^2,5:41:19,28/6/17,Day of week:,Wednesday,19.87,Grade Celsius,
0,0.00,W/m^2,5:41:22,28/6/17,Day of week:,Wednesday,19.87,Grade Celsius,
0,0.00,W/m^2,5:41:25,28/6/17,Day of week:,Wednesday,19.87,Grade Celsius,
0,0.00,W/m^2,5:41:28,28/6/17,Day of week:,Wednesday,19.87,Grade Celsius,
0,0.00,W/m^2,5:41:31,28/6/17,Day of week:,Wednesday,19.87,Grade Celsius,
0,0.00,W/m^2,5:41:34,28/6/17,Day of week:,Wednesday,19.87,Grade Celsius,
0,0.00,W/m^2,5:41:38,28/6/17,Day of week:,Wednesday,19.87,Grade Celsius,
0,0.00,W/m^2,5:41:41,28/6/17,Day of week:,Wednesday,19.87,Grade Celsius,
0,0.00,W/m^2,5:41:44,28/6/17,Day of week:,Wednesday,19.87,Grade Celsius,
0,0.00,W/m^2,5:41:47,28/6/17,Day of week:,Wednesday,19.87,Grade Celsius,
0,0.00,W/m^2,5:41:50,28/6/17,Day of week:,Wednesday,19.87,Grade Celsius,
0,0.00,W/m^2,5:41:53,28/6/17,Day of week:,Wednesday,19.87,Grade Celsius,
0,0.00,W/m^2,5:41:56,28/6/17,Day of week:,Wednesday,19.87,Grade Celsius,
0,0.00,W/m^2,5:41:59,28/6/17,Day of week:,Wednesday,19.87,Grade Celsius,
0,0.00,W/m^2,5:42:02,28/6/17,Day of week:,Wednesday,19.87,Grade Celsius,
0,0.00,W/m^2,5:42:05,28/6/17,Day of week:,Wednesday,19.87,Grade Celsius,
0,0.00,W/m^2,5:42:08,28/6/17,Day of week:,Wednesday,19.87,Grade Celsius,
0,0.00,W/m^2,5:42:11,28/6/17,Day of week:,Wednesday,19.87,Grade Celsius,
0,0.00,W/m^2,5:42:14,28/6/17,Day of week:,Wednesday,19.87,Grade Celsius,
0,0.00,W/m^2,5:42:17,28/6/17,Day of week:,Wednesday,19.87,Grade Celsius,
0,0.00,W/m^2,5:42:20,28/6/17,Day of week:,Wednesday,19.87,Grade Celsius,
0,0.00,W/m^2,5:42:23,28/6/17,Day of week:,Wednesday,19.87,Grade Celsius,
0,0.00,W/m^2,5:42:27,28/6/17,Day of week:,Wednesday,19.87,Grade Celsius,
0,0.00,W/m^2,5:42:30,28/6/17,Day of week:,Wednesday,19.87,Grade Celsius,
0,0.00,W/m^2,5:42:33,28/6/17,Day of week:,Wednesday,19.87,Grade Celsius,
0,0.00,W/m^2,5:42:36,28/6/17,Day of week:,Wednesday,19.87,Grade Celsius,
0,0.00,W/m^2,5:42:39,28/6/17,Day of week:,Wednesday,19.87,Grade Celsius,
0,0.00,W/m^2,5:42:42,28/6/17,Day of week:,Wednesday,19.87,Grade Celsius,
0,0.00,W/m^2,5:42:45,28/6/17,Day of week:,Wednesday,19.87,Grade Celsius,
0,0.00,W/m^2,5:42:48,28/6/17,Day of week:,Wednesday,19.87,Grade Celsius,
0,0.00,W/m^2,5:42:51,28/6/17,Day of week:,Wednesday,19.87,Grade Celsius,
0,0.00,W/m^2,5:42:54,28/6/17,Day of week:,Wednesday,19.87,Grade Celsius,
0,0.00,W/m^2,5:42:57,28/6/17,Day of week:,Wednesday,19.87,Grade Celsius,
0,0.00,W/m^2,5:43:00,28/6/17,Day of week:,Wednesday,19.87,Grade Celsius,
0,0.00,W/m^2,5:43:03,28/6/17,Day of week:,Wednesday,19.87,Grade Celsius,
0,0.00,W/m^2,5:43:06,28/6/17,Day of week:,Wednesday,19.87,Grade Celsius,
0,0.00,W/m^2,5:43:09,28/6/17,Day of week:,Wednesday,19.87,Grade Celsius,
0,0.00,W/m^2,5:43:12,28/6/17,Day of week:,Wednesday,19.87,Grade Celsius,
0,0.00,W/m^2,5:43:15,28/6/17,Day of week:,Wednesday,19.87,Grade Celsius,
0,0.00,W/m^2,5:43:19,28/6/17,Day of week:,Wednesday,19.87,Grade Celsius,
0,0.00,W/m^2,5:43:22,28/6/17,Day of week:,Wednesday,19.87,Grade Celsius,
0,0.00,W/m^2,5:43:25,28/6/17,Day of week:,Wednesday,19.87,Grade Celsius,
0,0.00,W/m^2,5:43:28,28/6/17,Day of week:,Wednesday,19.87,Grade Celsius,
0,0.00,W/m^2,5:43:31,28/6/17,Day of week:,Wednesday,19.87,Grade Celsius,
0,0.00,W/m^2,5:43:34,28/6/17,Day of week:,Wednesday,19.87,Grade Celsius,
0,0.00,W/m^2,5:43:37,28/6/17,Day of week:,Wednesday,19.87,Grade Celsius,
0,0.00,W/m^2,5:43:40,28/6/17,Day of week:,Wednesday,19.87,Grade Celsius,
0,0.00,W/m^2,5:43:43,28/6/17,Day of week:,Wednesday,19.87,Grade Celsius,
0,0.00,W/m^2,5:43:46,28/6/17,Day of week:,Wednesday,19.87,Grade Celsius,
0,0.00,W/m^2,5:43:49,28/6/17,Day of week:,Wednesday,19.87,Grade Celsius,
0,0.00,W/m^2,5:43:52,28/6/17,Day of week:,Wednesday,19.87,Grade Celsius,
0,0.00,W/m^2,5:43:55,28/6/17,Day of week:,Wednesday,19.87,Grade Celsius,
0,0.00,W/m^2,5:43:58,28/6/17,Day of week:,Wednesday,19.94,Grade Celsius,
0,0.00,W/m^2,5:44:01,28/6/17,Day of week:,Wednesday,19.94,Grade Celsius,
0,0.00,W/m^2,5:44:04,28/6/17,Day of week:,Wednesday,19.94,Grade Celsius,
0,0.00,W/m^2,5:44:08,28/6/17,Day of week:,Wednesday,19.94,Grade Celsius,
0,0.00,W/m^2,5:44:11,28/6/17,Day of week:,Wednesday,19.94,Grade Celsius,
0,0.00,W/m^2,5:44:14,28/6/17,Day of week:,Wednesday,19.87,Grade Celsius,
0,0.00,W/m^2,5:44:17,28/6/17,Day of week:,Wednesday,19.87,Grade Celsius,
0,0.00,W/m^2,5:44:20,28/6/17,Day of week:,Wednesday,19.94,Grade Celsius,
0,0.00,W/m^2,5:44:23,28/6/17,Day of week:,Wednesday,19.94,Grade Celsius,
0,0.00,W/m^2,5:44:26,28/6/17,Day of week:,Wednesday,19.94,Grade Celsius,
0,0.00,W/m^2,5:44:29,28/6/17,Day of week:,Wednesday,19.94,Grade Celsius,
0,0.00,W/m^2,5:44:32,28/6/17,Day of week:,Wednesday,19.94,Grade Celsius,
0,0.00,W/m^2,5:44:35,28/6/17,Day of week:,Wednesday,19.94,Grade Celsius,
0,0.00,W/m^2,5:44:38,28/6/17,Day of week:,Wednesday,19.94,Grade Celsius,
0,0.00,W/m^2,5:44:41,28/6/17,Day of week:,Wednesday,19.94,Grade Celsius,
0,0.00,W/m^2,5:44:44,28/6/17,Day of week:,Wednesday,19.94,Grade Celsius,
0,0.00,W/m^2,5:44:47,28/6/17,Day of week:,Wednesday,19.94,Grade Celsius,
0,0.00,W/m^2,5:44:51,28/6/17,Day of week:,Wednesday,19.94,Grade Celsius,
0,0.00,W/m^2,5:44:54,28/6/17,Day of week:,Wednesday,19.94,Grade Celsius,
0,0.00,W/m^2,5:44:57,28/6/17,Day of week:,Wednesday,19.94,Grade Celsius,
0,0.00,W/m^2,5:45:00,28/6/17,Day of week:,Wednesday,19.94,Grade Celsius,
0,0.00,W/m^2,5:45:03,28/6/17,Day of week:,Wednesday,19.94,Grade Celsius,
0,0.00,W/m^2,5:45:06,28/6/17,Day of week:,Wednesday,19.94,Grade Celsius,
0,0.00,W/m^2,5:45:09,28/6/17,Day of week:,Wednesday,19.94,Grade Celsius,
0,0.00,W/m^2,5:45:12,28/6/17,Day of week:,Wednesday,19.94,Grade Celsius,
0,0.00,W/m^2,5:45:15,28/6/17,Day of week:,Wednesday,19.94,Grade Celsius,
0,0.00,W/m^2,5:45:18,28/6/17,Day of week:,Wednesday,19.94,Grade Celsius,
0,0.00,W/m^2,5:45:21,28/6/17,Day of week:,Wednesday,19.94,Grade Celsius,
0,0.00,W/m^2,5:45:24,28/6/17,Day of week:,Wednesday,19.94,Grade Celsius,
0,0.00,W/m^2,5:45:27,28/6/17,Day of week:,Wednesday,19.94,Grade Celsius,
0,0.00,W/m^2,5:45:30,28/6/17,Day of week:,Wednesday,19.94,Grade Celsius,
0,0.00,W/m^2,5:45:33,28/6/17,Day of week:,Wednesday,19.94,Grade Celsius,
0,0.00,W/m^2,5:45:36,28/6/17,Day of week:,Wednesday,19.94,Grade Celsius,
0,0.00,W/m^2,5:45:39,28/6/17,Day of week:,Wednesday,19.94,Grade Celsius,
0,0.00,W/m^2,5:45:43,28/6/17,Day of week:,Wednesday,19.94,Grade Celsius,
0,0.00,W/m^2,5:45:46,28/6/17,Day of week:,Wednesday,19.94,Grade Celsius,
0,0.00,W/m^2,5:45:49,28/6/17,Day of week:,Wednesday,19.94,Grade Celsius,
0,0.00,W/m^2,5:45:52,28/6/17,Day of week:,Wednesday,19.94,Grade Celsius,
0,0.00,W/m^2,5:45:55,28/6/17,Day of week:,Wednesday,19.94,Grade Celsius,
0,0.00,W/m^2,5:45:58,28/6/17,Day of week:,Wednesday,19.94,Grade Celsius,
0,0.00,W/m^2,5:46:01,28/6/17,Day of week:,Wednesday,19.94,Grade Celsius,
0,0.00,W/m^2,5:46:04,28/6/17,Day of week:,Wednesday,19.94,Grade Celsius,
0,0.00,W/m^2,5:46:07,28/6/17,Day of week:,Wednesday,19.94,Grade Celsius,
0,0.00,W/m^2,5:46:10,28/6/17,Day of week:,Wednesday,19.94,Grade Celsius,
0,0.00,W/m^2,5:46:13,28/6/17,Day of week:,Wednesday,19.94,Grade Celsius,
0,0.00,W/m^2,5:46:16,28/6/17,Day of week:,Wednesday,19.94,Grade Celsius,
0,0.00,W/m^2,5:46:19,28/6/17,Day of week:,Wednesday,19.94,Grade Celsius,
0,0.00,W/m^2,5:46:22,28/6/17,Day of week:,Wednesday,19.94,Grade Celsius,
0,0.00,W/m^2,5:46:25,28/6/17,Day of week:,Wednesday,19.94,Grade Celsius,
0,0.00,W/m^2,5:46:28,28/6/17,Day of week:,Wednesday,19.94,Grade Celsius,
0,0.00,W/m^2,5:46:31,28/6/17,Day of week:,Wednesday,19.94,Grade Celsius,
0,0.00,W/m^2,5:46:35,28/6/17,Day of week:,Wednesday,19.87,Grade Celsius,
0,0.00,W/m^2,5:46:38,28/6/17,Day of week:,Wednesday,19.94,Grade Celsius,
0,0.00,W/m^2,5:46:41,28/6/17,Day of week:,Wednesday,19.94,Grade Celsius,
0,0.00,W/m^2,5:46:44,28/6/17,Day of week:,Wednesday,19.94,Grade Celsius,
0,0.00,W/m^2,5:46:47,28/6/17,Day of week:,Wednesday,19.94,Grade Celsius,
0,0.00,W/m^2,5:46:50,28/6/17,Day of week:,Wednesday,19.94,Grade Celsius,
0,0.00,W/m^2,5:46:53,28/6/17,Day of week:,Wednesday,19.87,Grade Celsius,
0,0.00,W/m^2,5:46:56,28/6/17,Day of week:,Wednesday,19.87,Grade Celsius,
0,0.00,W/m^2,5:46:59,28/6/17,Day of week:,Wednesday,19.87,Grade Celsius,
0,0.00,W/m^2,5:47:02,28/6/17,Day of week:,Wednesday,19.94,Grade Celsius,
0,0.00,W/m^2,5:47:05,28/6/17,Day of week:,Wednesday,19.94,Grade Celsius,
0,0.00,W/m^2,5:47:08,28/6/17,Day of week:,Wednesday,19.87,Grade Celsius,
0,0.00,W/m^2,5:47:11,28/6/17,Day of week:,Wednesday,19.87,Grade Celsius,
0,0.00,W/m^2,5:47:14,28/6/17,Day of week:,Wednesday,19.87,Grade Celsius,
0,0.00,W/m^2,5:47:17,28/6/17,Day of week:,Wednesday,19.87,Grade Celsius,
0,0.00,W/m^2,5:47:20,28/6/17,Day of week:,Wednesday,19.94,Grade Celsius,
0,0.00,W/m^2,5:47:24,28/6/17,Day of week:,Wednesday,19.94,Grade Celsius,
0,0.00,W/m^2,5:47:27,28/6/17,Day of week:,Wednesday,19.94,Grade Celsius,
0,0.00,W/m^2,5:47:30,28/6/17,Day of week:,Wednesday,19.94,Grade Celsius,
0,0.00,W/m^2,5:47:33,28/6/17,Day of week:,Wednesday,19.94,Grade Celsius,
0,0.00,W/m^2,5:47:36,28/6/17,Day of week:,Wednesday,19.94,Grade Celsius,
0,0.00,W/m^2,5:47:39,28/6/17,Day of week:,Wednesday,19.94,Grade Celsius,
0,0.00,W/m^2,5:47:42,28/6/17,Day of week:,Wednesday,19.94,Grade Celsius,
0,0.00,W/m^2,5:47:45,28/6/17,Day of week:,Wednesday,19.94,Grade Celsius,
0,0.00,W/m^2,5:47:48,28/6/17,Day of week:,Wednesday,19.94,Grade Celsius,
0,0.00,W/m^2,5:47:51,28/6/17,Day of week:,Wednesday,19.94,Grade Celsius,
0,0.00,W/m^2,5:47:54,28/6/17,Day of week:,Wednesday,19.94,Grade Celsius,
0,0.00,W/m^2,5:47:57,28/6/17,Day of week:,Wednesday,19.94,Grade Celsius,
0,0.00,W/m^2,5:48:00,28/6/17,Day of week:,Wednesday,19.87,Grade Celsius,
0,0.00,W/m^2,5:48:03,28/6/17,Day of week:,Wednesday,19.87,Grade Celsius,
0,0.00,W/m^2,5:48:06,28/6/17,Day of week:,Wednesday,19.87,Grade Celsius,
0,0.00,W/m^2,5:48:09,28/6/17,Day of week:,Wednesday,19.87,Grade Celsius,
0,0.00,W/m^2,5:48:12,28/6/17,Day of week:,Wednesday,19.87,Grade Celsius,
0,0.00,W/m^2,5:48:16,28/6/17,Day of week:,Wednesday,19.94,Grade Celsius,
0,0.00,W/m^2,5:48:19,28/6/17,Day of week:,Wednesday,19.87,Grade Celsius,
0,0.00,W/m^2,5:48:22,28/6/17,Day of week:,Wednesday,19.87,Grade Celsius,
0,0.00,W/m^2,5:48:25,28/6/17,Day of week:,Wednesday,19.87,Grade Celsius,
0,0.00,W/m^2,5:48:28,28/6/17,Day of week:,Wednesday,19.87,Grade Celsius,
0,0.00,W/m^2,5:48:31,28/6/17,Day of week:,Wednesday,19.87,Grade Celsius,
0,0.00,W/m^2,5:48:34,28/6/17,Day of week:,Wednesday,19.87,Grade Celsius,
0,0.00,W/m^2,5:48:37,28/6/17,Day of week:,Wednesday,19.87,Grade Celsius,
0,0.00,W/m^2,5:48:40,28/6/17,Day of week:,Wednesday,19.87,Grade Celsius,
0,0.00,W/m^2,5:48:43,28/6/17,Day of week:,Wednesday,19.87,Grade Celsius,
0,0.00,W/m^2,5:48:46,28/6/17,Day of week:,Wednesday,19.87,Grade Celsius,
0,0.00,W/m^2,5:48:49,28/6/17,Day of week:,Wednesday,19.87,Grade Celsius,
0,0.00,W/m^2,5:48:52,28/6/17,Day of week:,Wednesday,19.87,Grade Celsius,
0,0.00,W/m^2,5:48:55,28/6/17,Day of week:,Wednesday,19.87,Grade Celsius,
0,0.00,W/m^2,5:48:58,28/6/17,Day of week:,Wednesday,19.87,Grade Celsius,
0,0.00,W/m^2,5:49:01,28/6/17,Day of week:,Wednesday,19.87,Grade Celsius,
0,0.00,W/m^2,5:49:05,28/6/17,Day of week:,Wednesday,19.87,Grade Celsius,
0,0.00,W/m^2,5:49:08,28/6/17,Day of week:,Wednesday,19.87,Grade Celsius,
0,0.00,W/m^2,5:49:11,28/6/17,Day of week:,Wednesday,19.87,Grade Celsius,
0,0.00,W/m^2,5:49:14,28/6/17,Day of week:,Wednesday,19.87,Grade Celsius,
0,0.00,W/m^2,5:49:17,28/6/17,Day of week:,Wednesday,19.87,Grade Celsius,
0,0.00,W/m^2,5:49:20,28/6/17,Day of week:,Wednesday,19.87,Grade Celsius,
0,0.00,W/m^2,5:49:23,28/6/17,Day of week:,Wednesday,19.87,Grade Celsius,
0,0.00,W/m^2,5:49:26,28/6/17,Day of week:,Wednesday,19.87,Grade Celsius,
0,0.00,W/m^2,5:49:29,28/6/17,Day of week:,Wednesday,19.87,Grade Celsius,
0,0.00,W/m^2,5:49:32,28/6/17,Day of week:,Wednesday,19.87,Grade Celsius,
0,0.00,W/m^2,5:49:35,28/6/17,Day of week:,Wednesday,19.87,Grade Celsius,
0,0.00,W/m^2,5:49:38,28/6/17,Day of week:,Wednesday,19.87,Grade Celsius,
0,0.00,W/m^2,5:49:41,28/6/17,Day of week:,Wednesday,19.87,Grade Celsius,
0,0.00,W/m^2,5:49:44,28/6/17,Day of week:,Wednesday,19.87,Grade Celsius,
0,0.00,W/m^2,5:49:47,28/6/17,Day of week:,Wednesday,19.87,Grade Celsius,
0,0.00,W/m^2,5:49:50,28/6/17,Day of week:,Wednesday,19.87,Grade Celsius,
0,0.00,W/m^2,5:49:53,28/6/17,Day of week:,Wednesday,19.87,Grade Celsius,
0,0.00,W/m^2,5:49:57,28/6/17,Day of week:,Wednesday,19.87,Grade Celsius,
0,0.00,W/m^2,5:50:00,28/6/17,Day of week:,Wednesday,19.87,Grade Celsius,
0,0.00,W/m^2,5:50:03,28/6/17,Day of week:,Wednesday,19.87,Grade Celsius,
0,0.00,W/m^2,5:50:06,28/6/17,Day of week:,Wednesday,19.87,Grade Celsius,
0,0.00,W/m^2,5:50:09,28/6/17,Day of week:,Wednesday,19.87,Grade Celsius,
0,0.00,W/m^2,5:50:12,28/6/17,Day of week:,Wednesday,19.87,Grade Celsius,
0,0.00,W/m^2,5:50:15,28/6/17,Day of week:,Wednesday,19.87,Grade Celsius,
0,0.00,W/m^2,5:50:18,28/6/17,Day of week:,Wednesday,19.87,Grade Celsius,
0,0.00,W/m^2,5:50:21,28/6/17,Day of week:,Wednesday,19.87,Grade Celsius,
0,0.00,W/m^2,5:50:24,28/6/17,Day of week:,Wednesday,19.87,Grade Celsius,
0,0.00,W/m^2,5:50:27,28/6/17,Day of week:,Wednesday,19.87,Grade Celsius,
0,0.00,W/m^2,5:50:30,28/6/17,Day of week:,Wednesday,19.87,Grade Celsius,
0,0.00,W/m^2,5:50:33,28/6/17,Day of week:,Wednesday,19.87,Grade Celsius,
0,0.00,W/m^2,5:50:36,28/6/17,Day of week:,Wednesday,19.87,Grade Celsius,
0,0.00,W/m^2,5:50:39,28/6/17,Day of week:,Wednesday,19.87,Grade Celsius,
0,0.00,W/m^2,5:50:42,28/6/17,Day of week:,Wednesday,19.87,Grade Celsius,
0,0.00,W/m^2,5:50:46,28/6/17,Day of week:,Wednesday,19.87,Grade Celsius,
0,0.00,W/m^2,5:50:49,28/6/17,Day of week:,Wednesday,19.87,Grade Celsius,
0,0.00,W/m^2,5:50:52,28/6/17,Day of week:,Wednesday,19.87,Grade Celsius,
0,0.00,W/m^2,5:50:55,28/6/17,Day of week:,Wednesday,19.87,Grade Celsius,
0,0.00,W/m^2,5:50:58,28/6/17,Day of week:,Wednesday,19.87,Grade Celsius,
0,0.00,W/m^2,5:51:01,28/6/17,Day of week:,Wednesday,19.87,Grade Celsius,
0,0.00,W/m^2,5:51:04,28/6/17,Day of week:,Wednesday,19.87,Grade Celsius,
0,0.00,W/m^2,5:51:07,28/6/17,Day of week:,Wednesday,19.87,Grade Celsius,
0,0.00,W/m^2,5:51:10,28/6/17,Day of week:,Wednesday,19.87,Grade Celsius,
0,0.00,W/m^2,5:51:13,28/6/17,Day of week:,Wednesday,19.87,Grade Celsius,
0,0.00,W/m^2,5:51:16,28/6/17,Day of week:,Wednesday,19.87,Grade Celsius,
0,0.00,W/m^2,5:51:19,28/6/17,Day of week:,Wednesday,19.87,Grade Celsius,
0,0.00,W/m^2,5:51:22,28/6/17,Day of week:,Wednesday,19.87,Grade Celsius,
0,0.00,W/m^2,5:51:25,28/6/17,Day of week:,Wednesday,19.87,Grade Celsius,
0,0.00,W/m^2,5:51:28,28/6/17,Day of week:,Wednesday,19.87,Grade Celsius,
0,0.00,W/m^2,5:51:31,28/6/17,Day of week:,Wednesday,19.87,Grade Celsius,
0,0.00,W/m^2,5:51:34,28/6/17,Day of week:,Wednesday,19.87,Grade Celsius,
0,0.00,W/m^2,5:51:38,28/6/17,Day of week:,Wednesday,19.87,Grade Celsius,
0,0.00,W/m^2,5:51:41,28/6/17,Day of week:,Wednesday,19.87,Grade Celsius,
0,0.00,W/m^2,5:51:44,28/6/17,Day of week:,Wednesday,19.87,Grade Celsius,
0,0.00,W/m^2,5:51:47,28/6/17,Day of week:,Wednesday,19.87,Grade Celsius,
0,0.00,W/m^2,5:51:50,28/6/17,Day of week:,Wednesday,19.87,Grade Celsius,
0,0.00,W/m^2,5:51:53,28/6/17,Day of week:,Wednesday,19.87,Grade Celsius,
0,0.00,W/m^2,5:51:56,28/6/17,Day of week:,Wednesday,19.87,Grade Celsius,
0,0.00,W/m^2,5:51:59,28/6/17,Day of week:,Wednesday,19.87,Grade Celsius,
0,2.92,W/m^2,5:52:02,28/6/17,Day of week:,Wednesday,19.87,Grade Celsius,
0,0.00,W/m^2,5:52:05,28/6/17,Day of week:,Wednesday,19.87,Grade Celsius,
0,0.00,W/m^2,5:52:08,28/6/17,Day of week:,Wednesday,19.87,Grade Celsius,
0,0.00,W/m^2,5:52:11,28/6/17,Day of week:,Wednesday,19.87,Grade Celsius,
0,0.00,W/m^2,5:52:14,28/6/17,Day of week:,Wednesday,19.87,Grade Celsius,
0,0.00,W/m^2,5:52:17,28/6/17,Day of week:,Wednesday,19.87,Grade Celsius,
0,0.00,W/m^2,5:52:20,28/6/17,Day of week:,Wednesday,19.87,Grade Celsius,
0,0.00,W/m^2,5:52:23,28/6/17,Day of week:,Wednesday,19.87,Grade Celsius,
0,1.46,W/m^2,5:52:26,28/6/17,Day of week:,Wednesday,19.87,Grade Celsius,
0,0.00,W/m^2,5:52:30,28/6/17,Day of week:,Wednesday,19.87,Grade Celsius,
0,0.00,W/m^2,5:52:33,28/6/17,Day of week:,Wednesday,19.87,Grade Celsius,
0,0.00,W/m^2,5:52:36,28/6/17,Day of week:,Wednesday,19.87,Grade Celsius,
0,0.00,W/m^2,5:52:39,28/6/17,Day of week:,Wednesday,19.87,Grade Celsius,
0,0.00,W/m^2,5:52:42,28/6/17,Day of week:,Wednesday,19.87,Grade Celsius,
0,0.00,W/m^2,5:52:45,28/6/17,Day of week:,Wednesday,19.87,Grade Celsius,
0,0.00,W/m^2,5:52:48,28/6/17,Day of week:,Wednesday,19.87,Grade Celsius,
0,0.00,W/m^2,5:52:51,28/6/17,Day of week:,Wednesday,19.87,Grade Celsius,
0,0.00,W/m^2,5:52:54,28/6/17,Day of week:,Wednesday,19.87,Grade Celsius,
0,0.00,W/m^2,5:52:57,28/6/17,Day of week:,Wednesday,19.87,Grade Celsius,
0,0.00,W/m^2,5:53:00,28/6/17,Day of week:,Wednesday,19.87,Grade Celsius,
0,0.00,W/m^2,5:53:03,28/6/17,Day of week:,Wednesday,19.87,Grade Celsius,
0,0.00,W/m^2,5:53:06,28/6/17,Day of week:,Wednesday,19.87,Grade Celsius,
0,0.00,W/m^2,5:53:09,28/6/17,Day of week:,Wednesday,19.87,Grade Celsius,
0,0.00,W/m^2,5:53:12,28/6/17,Day of week:,Wednesday,19.87,Grade Celsius,
0,0.00,W/m^2,5:53:15,28/6/17,Day of week:,Wednesday,19.87,Grade Celsius,
0,0.00,W/m^2,5:53:18,28/6/17,Day of week:,Wednesday,19.81,Grade Celsius,
0,1.46,W/m^2,5:53:22,28/6/17,Day of week:,Wednesday,19.87,Grade Celsius,
0,0.00,W/m^2,5:53:25,28/6/17,Day of week:,Wednesday,19.87,Grade Celsius,
0,0.00,W/m^2,5:53:28,28/6/17,Day of week:,Wednesday,19.81,Grade Celsius,
0,0.00,W/m^2,5:53:31,28/6/17,Day of week:,Wednesday,19.81,Grade Celsius,
0,0.00,W/m^2,5:53:34,28/6/17,Day of week:,Wednesday,19.87,Grade Celsius,
0,0.00,W/m^2,5:53:37,28/6/17,Day of week:,Wednesday,19.87,Grade Celsius,
0,0.00,W/m^2,5:53:40,28/6/17,Day of week:,Wednesday,19.87,Grade Celsius,
0,0.00,W/m^2,5:53:43,28/6/17,Day of week:,Wednesday,19.87,Grade Celsius,
0,1.46,W/m^2,5:53:46,28/6/17,Day of week:,Wednesday,19.87,Grade Celsius,
0,0.00,W/m^2,5:53:49,28/6/17,Day of week:,Wednesday,19.87,Grade Celsius,
0,0.00,W/m^2,5:53:52,28/6/17,Day of week:,Wednesday,19.87,Grade Celsius,
0,0.00,W/m^2,5:53:55,28/6/17,Day of week:,Wednesday,19.87,Grade Celsius,
0,0.00,W/m^2,5:53:58,28/6/17,Day of week:,Wednesday,19.87,Grade Celsius,
0,0.00,W/m^2,5:54:01,28/6/17,Day of week:,Wednesday,19.87,Grade Celsius,
0,0.00,W/m^2,5:54:04,28/6/17,Day of week:,Wednesday,19.87,Grade Celsius,
0,0.00,W/m^2,5:54:07,28/6/17,Day of week:,Wednesday,19.87,Grade Celsius,
0,0.00,W/m^2,5:54:11,28/6/17,Day of week:,Wednesday,19.87,Grade Celsius,
0,0.00,W/m^2,5:54:14,28/6/17,Day of week:,Wednesday,19.87,Grade Celsius,
0,1.46,W/m^2,5:54:17,28/6/17,Day of week:,Wednesday,19.87,Grade Celsius,
0,2.92,W/m^2,5:54:20,28/6/17,Day of week:,Wednesday,19.87,Grade Celsius,
0,0.00,W/m^2,5:54:23,28/6/17,Day of week:,Wednesday,19.87,Grade Celsius,
0,0.00,W/m^2,5:54:26,28/6/17,Day of week:,Wednesday,19.87,Grade Celsius,
0,0.00,W/m^2,5:54:29,28/6/17,Day of week:,Wednesday,19.87,Grade Celsius,
0,0.00,W/m^2,5:54:32,28/6/17,Day of week:,Wednesday,19.81,Grade Celsius,
0,1.46,W/m^2,5:54:35,28/6/17,Day of week:,Wednesday,19.87,Grade Celsius,
0,2.92,W/m^2,5:54:38,28/6/17,Day of week:,Wednesday,19.81,Grade Celsius,
0,2.92,W/m^2,5:54:41,28/6/17,Day of week:,Wednesday,19.87,Grade Celsius,
0,0.00,W/m^2,5:54:44,28/6/17,Day of week:,Wednesday,19.81,Grade Celsius,
0,0.00,W/m^2,5:54:47,28/6/17,Day of week:,Wednesday,19.87,Grade Celsius,
0,0.00,W/m^2,5:54:50,28/6/17,Day of week:,Wednesday,19.81,Grade Celsius,
0,0.00,W/m^2,5:54:53,28/6/17,Day of week:,Wednesday,19.87,Grade Celsius,
0,1.46,W/m^2,5:54:56,28/6/17,Day of week:,Wednesday,19.81,Grade Celsius,
0,1.46,W/m^2,5:54:59,28/6/17,Day of week:,Wednesday,19.81,Grade Celsius,
0,1.46,W/m^2,5:55:03,28/6/17,Day of week:,Wednesday,19.87,Grade Celsius,
0,0.00,W/m^2,5:55:06,28/6/17,Day of week:,Wednesday,19.81,Grade Celsius,
0,0.00,W/m^2,5:55:09,28/6/17,Day of week:,Wednesday,19.81,Grade Celsius,
0,0.00,W/m^2,5:55:12,28/6/17,Day of week:,Wednesday,19.87,Grade Celsius,
0,0.00,W/m^2,5:55:15,28/6/17,Day of week:,Wednesday,19.81,Grade Celsius,
0,1.46,W/m^2,5:55:18,28/6/17,Day of week:,Wednesday,19.81,Grade Celsius,
0,2.92,W/m^2,5:55:21,28/6/17,Day of week:,Wednesday,19.87,Grade Celsius,
0,0.00,W/m^2,5:55:24,28/6/17,Day of week:,Wednesday,19.87,Grade Celsius,
0,0.00,W/m^2,5:55:27,28/6/17,Day of week:,Wednesday,19.87,Grade Celsius,
0,1.46,W/m^2,5:55:30,28/6/17,Day of week:,Wednesday,19.87,Grade Celsius,
0,0.00,W/m^2,5:55:33,28/6/17,Day of week:,Wednesday,19.87,Grade Celsius,
0,1.46,W/m^2,5:55:36,28/6/17,Day of week:,Wednesday,19.87,Grade Celsius,
0,2.92,W/m^2,5:55:39,28/6/17,Day of week:,Wednesday,19.87,Grade Celsius,
0,2.92,W/m^2,5:55:42,28/6/17,Day of week:,Wednesday,19.87,Grade Celsius,
0,2.92,W/m^2,5:55:45,28/6/17,Day of week:,Wednesday,19.81,Grade Celsius,
0,0.00,W/m^2,5:55:49,28/6/17,Day of week:,Wednesday,19.87,Grade Celsius,
0,0.00,W/m^2,5:55:52,28/6/17,Day of week:,Wednesday,19.87,Grade Celsius,
0,1.46,W/m^2,5:55:55,28/6/17,Day of week:,Wednesday,19.87,Grade Celsius,
0,0.00,W/m^2,5:55:58,28/6/17,Day of week:,Wednesday,19.81,Grade Celsius,
0,0.00,W/m^2,5:56:01,28/6/17,Day of week:,Wednesday,19.87,Grade Celsius,
0,1.46,W/m^2,5:56:04,28/6/17,Day of week:,Wednesday,19.87,Grade Celsius,
0,2.92,W/m^2,5:56:07,28/6/17,Day of week:,Wednesday,19.81,Grade Celsius,
0,1.46,W/m^2,5:56:10,28/6/17,Day of week:,Wednesday,19.87,Grade Celsius,
0,0.00,W/m^2,5:56:13,28/6/17,Day of week:,Wednesday,19.87,Grade Celsius,
0,0.00,W/m^2,5:56:16,28/6/17,Day of week:,Wednesday,19.87,Grade Celsius,
0,0.00,W/m^2,5:56:19,28/6/17,Day of week:,Wednesday,19.87,Grade Celsius,
0,0.00,W/m^2,5:56:22,28/6/17,Day of week:,Wednesday,19.87,Grade Celsius,
0,0.00,W/m^2,5:56:25,28/6/17,Day of week:,Wednesday,19.87,Grade Celsius,
0,0.00,W/m^2,5:56:28,28/6/17,Day of week:,Wednesday,19.87,Grade Celsius,
0,1.46,W/m^2,5:56:31,28/6/17,Day of week:,Wednesday,19.87,Grade Celsius,
0,1.46,W/m^2,5:56:34,28/6/17,Day of week:,Wednesday,19.87,Grade Celsius,
0,2.92,W/m^2,5:56:38,28/6/17,Day of week:,Wednesday,19.87,Grade Celsius,
0,0.00,W/m^2,5:56:41,28/6/17,Day of week:,Wednesday,19.87,Grade Celsius,
0,0.00,W/m^2,5:56:44,28/6/17,Day of week:,Wednesday,19.87,Grade Celsius,
0,0.00,W/m^2,5:56:47,28/6/17,Day of week:,Wednesday,19.87,Grade Celsius,
0,0.00,W/m^2,5:56:50,28/6/17,Day of week:,Wednesday,19.87,Grade Celsius,
0,5.84,W/m^2,5:56:53,28/6/17,Day of week:,Wednesday,19.87,Grade Celsius,
0,2.92,W/m^2,5:56:56,28/6/17,Day of week:,Wednesday,19.87,Grade Celsius,
0,2.92,W/m^2,5:56:59,28/6/17,Day of week:,Wednesday,19.87,Grade Celsius,
0,0.00,W/m^2,5:57:02,28/6/17,Day of week:,Wednesday,19.87,Grade Celsius,
0,0.00,W/m^2,5:57:05,28/6/17,Day of week:,Wednesday,19.87,Grade Celsius,
0,0.00,W/m^2,5:57:08,28/6/17,Day of week:,Wednesday,19.87,Grade Celsius,
1,2.92,W/m^2,5:57:11,28/6/17,Day of week:,Wednesday,19.87,Grade Celsius,
0,2.92,W/m^2,5:57:14,28/6/17,Day of week:,Wednesday,19.94,Grade Celsius,
0,0.00,W/m^2,5:57:17,28/6/17,Day of week:,Wednesday,19.87,Grade Celsius,
0,0.00,W/m^2,5:57:20,28/6/17,Day of week:,Wednesday,19.87,Grade Celsius,
0,0.00,W/m^2,5:57:23,28/6/17,Day of week:,Wednesday,19.87,Grade Celsius,
0,0.00,W/m^2,5:57:26,28/6/17,Day of week:,Wednesday,19.87,Grade Celsius,
0,0.00,W/m^2,5:57:30,28/6/17,Day of week:,Wednesday,19.87,Grade Celsius,
0,2.92,W/m^2,5:57:33,28/6/17,Day of week:,Wednesday,19.87,Grade Celsius,
0,0.00,W/m^2,5:57:36,28/6/17,Day of week:,Wednesday,19.87,Grade Celsius,
0,0.00,W/m^2,5:57:39,28/6/17,Day of week:,Wednesday,19.87,Grade Celsius,
0,0.00,W/m^2,5:57:42,28/6/17,Day of week:,Wednesday,19.87,Grade Celsius,
0,5.84,W/m^2,5:57:45,28/6/17,Day of week:,Wednesday,19.87,Grade Celsius,
1,5.84,W/m^2,5:57:48,28/6/17,Day of week:,Wednesday,19.87,Grade Celsius,
0,1.46,W/m^2,5:57:51,28/6/17,Day of week:,Wednesday,19.87,Grade Celsius,
0,2.92,W/m^2,5:57:54,28/6/17,Day of week:,Wednesday,19.87,Grade Celsius,
0,0.00,W/m^2,5:57:57,28/6/17,Day of week:,Wednesday,19.87,Grade Celsius,
0,0.00,W/m^2,5:58:00,28/6/17,Day of week:,Wednesday,19.87,Grade Celsius,
0,5.84,W/m^2,5:58:03,28/6/17,Day of week:,Wednesday,19.87,Grade Celsius,
0,0.00,W/m^2,5:58:06,28/6/17,Day of week:,Wednesday,19.87,Grade Celsius,
0,0.00,W/m^2,5:58:09,28/6/17,Day of week:,Wednesday,19.87,Grade Celsius,
0,0.00,W/m^2,5:58:12,28/6/17,Day of week:,Wednesday,19.87,Grade Celsius,
0,2.92,W/m^2,5:58:15,28/6/17,Day of week:,Wednesday,19.87,Grade Celsius,
0,2.92,W/m^2,5:58:19,28/6/17,Day of week:,Wednesday,19.94,Grade Celsius,
0,0.00,W/m^2,5:58:22,28/6/17,Day of week:,Wednesday,19.94,Grade Celsius,
0,0.00,W/m^2,5:58:25,28/6/17,Day of week:,Wednesday,19.94,Grade Celsius,
0,0.00,W/m^2,5:58:28,28/6/17,Day of week:,Wednesday,19.94,Grade Celsius,
0,1.46,W/m^2,5:58:31,28/6/17,Day of week:,Wednesday,19.94,Grade Celsius,
0,1.46,W/m^2,5:58:34,28/6/17,Day of week:,Wednesday,19.87,Grade Celsius,
0,2.92,W/m^2,5:58:37,28/6/17,Day of week:,Wednesday,19.94,Grade Celsius,
0,2.92,W/m^2,5:58:40,28/6/17,Day of week:,Wednesday,19.94,Grade Celsius,
0,5.84,W/m^2,5:58:43,28/6/17,Day of week:,Wednesday,19.94,Grade Celsius,
1,2.92,W/m^2,5:58:46,28/6/17,Day of week:,Wednesday,19.94,Grade Celsius,
0,4.38,W/m^2,5:58:49,28/6/17,Day of week:,Wednesday,19.94,Grade Celsius,
0,0.00,W/m^2,5:58:52,28/6/17,Day of week:,Wednesday,19.94,Grade Celsius,
0,0.00,W/m^2,5:58:55,28/6/17,Day of week:,Wednesday,19.94,Grade Celsius,
1,2.92,W/m^2,5:58:58,28/6/17,Day of week:,Wednesday,19.94,Grade Celsius,
0,2.92,W/m^2,5:59:01,28/6/17,Day of week:,Wednesday,19.94,Grade Celsius,
0,5.84,W/m^2,5:59:04,28/6/17,Day of week:,Wednesday,19.94,Grade Celsius,
1,1.46,W/m^2,5:59:08,28/6/17,Day of week:,Wednesday,19.94,Grade Celsius,
1,5.84,W/m^2,5:59:11,28/6/17,Day of week:,Wednesday,19.94,Grade Celsius,
0,2.92,W/m^2,5:59:14,28/6/17,Day of week:,Wednesday,19.94,Grade Celsius,
0,2.92,W/m^2,5:59:17,28/6/17,Day of week:,Wednesday,19.94,Grade Celsius,
0,0.00,W/m^2,5:59:20,28/6/17,Day of week:,Wednesday,19.94,Grade Celsius,
1,1.46,W/m^2,5:59:23,28/6/17,Day of week:,Wednesday,19.94,Grade Celsius,
1,0.00,W/m^2,5:59:26,28/6/17,Day of week:,Wednesday,19.94,Grade Celsius,
1,2.92,W/m^2,5:59:29,28/6/17,Day of week:,Wednesday,19.94,Grade Celsius,
1,2.92,W/m^2,5:59:32,28/6/17,Day of week:,Wednesday,19.94,Grade Celsius,
1,2.92,W/m^2,5:59:35,28/6/17,Day of week:,Wednesday,19.94,Grade Celsius,
1,2.92,W/m^2,5:59:38,28/6/17,Day of week:,Wednesday,19.94,Grade Celsius,
1,5.84,W/m^2,5:59:41,28/6/17,Day of week:,Wednesday,19.94,Grade Celsius,
0,5.84,W/m^2,5:59:44,28/6/17,Day of week:,Wednesday,19.94,Grade Celsius,
0,5.84,W/m^2,5:59:47,28/6/17,Day of week:,Wednesday,19.94,Grade Celsius,
0,1.46,W/m^2,5:59:50,28/6/17,Day of week:,Wednesday,19.94,Grade Celsius,
0,2.92,W/m^2,5:59:53,28/6/17,Day of week:,Wednesday,19.94,Grade Celsius,
0,0.00,W/m^2,5:59:56,28/6/17,Day of week:,Wednesday,19.94,Grade Celsius,
0,1.46,W/m^2,6:00:00,28/6/17,Day of week:,Wednesday,19.94,Grade Celsius,
1,1.46,W/m^2,6:00:03,28/6/17,Day of week:,Wednesday,19.94,Grade Celsius,
0,2.92,W/m^2,6:00:06,28/6/17,Day of week:,Wednesday,19.94,Grade Celsius,
2,2.92,W/m^2,6:00:09,28/6/17,Day of week:,Wednesday,19.94,Grade Celsius,
1,5.84,W/m^2,6:00:12,28/6/17,Day of week:,Wednesday,19.94,Grade Celsius,
1,5.84,W/m^2,6:00:15,28/6/17,Day of week:,Wednesday,19.94,Grade Celsius,
1,5.84,W/m^2,6:00:18,28/6/17,Day of week:,Wednesday,19.94,Grade Celsius,
2,5.84,W/m^2,6:00:21,28/6/17,Day of week:,Wednesday,19.94,Grade Celsius,
0,1.46,W/m^2,6:00:24,28/6/17,Day of week:,Wednesday,19.94,Grade Celsius,
0,2.92,W/m^2,6:00:27,28/6/17,Day of week:,Wednesday,19.94,Grade Celsius,
0,2.92,W/m^2,6:00:30,28/6/17,Day of week:,Wednesday,19.94,Grade Celsius,
1,2.92,W/m^2,6:00:33,28/6/17,Day of week:,Wednesday,19.94,Grade Celsius,
1,2.92,W/m^2,6:00:36,28/6/17,Day of week:,Wednesday,19.94,Grade Celsius,
1,5.84,W/m^2,6:00:39,28/6/17,Day of week:,Wednesday,19.94,Grade Celsius,
1,5.84,W/m^2,6:00:42,28/6/17,Day of week:,Wednesday,19.94,Grade Celsius,
0,1.46,W/m^2,6:00:45,28/6/17,Day of week:,Wednesday,19.94,Grade Celsius,
2,5.84,W/m^2,6:00:48,28/6/17,Day of week:,Wednesday,19.94,Grade Celsius,
0,5.84,W/m^2,6:00:52,28/6/17,Day of week:,Wednesday,19.94,Grade Celsius,
1,0.00,W/m^2,6:00:55,28/6/17,Day of week:,Wednesday,19.94,Grade Celsius,
1,0.00,W/m^2,6:00:58,28/6/17,Day of week:,Wednesday,19.94,Grade Celsius,
1,1.46,W/m^2,6:01:01,28/6/17,Day of week:,Wednesday,19.94,Grade Celsius,
1,5.84,W/m^2,6:01:04,28/6/17,Day of week:,Wednesday,19.94,Grade Celsius,
0,4.38,W/m^2,6:01:07,28/6/17,Day of week:,Wednesday,19.94,Grade Celsius,
0,2.92,W/m^2,6:01:10,28/6/17,Day of week:,Wednesday,19.94,Grade Celsius,
0,2.92,W/m^2,6:01:13,28/6/17,Day of week:,Wednesday,19.94,Grade Celsius,
0,2.92,W/m^2,6:01:16,28/6/17,Day of week:,Wednesday,19.94,Grade Celsius,
0,2.92,W/m^2,6:01:19,28/6/17,Day of week:,Wednesday,19.94,Grade Celsius,
1,2.92,W/m^2,6:01:22,28/6/17,Day of week:,Wednesday,19.94,Grade Celsius,
1,5.84,W/m^2,6:01:25,28/6/17,Day of week:,Wednesday,19.94,Grade Celsius,
1,5.84,W/m^2,6:01:28,28/6/17,Day of week:,Wednesday,19.94,Grade Celsius,
0,5.84,W/m^2,6:01:31,28/6/17,Day of week:,Wednesday,19.94,Grade Celsius,
0,1.46,W/m^2,6:01:34,28/6/17,Day of week:,Wednesday,19.94,Grade Celsius,
0,2.92,W/m^2,6:01:37,28/6/17,Day of week:,Wednesday,19.94,Grade Celsius,
0,1.46,W/m^2,6:01:41,28/6/17,Day of week:,Wednesday,19.94,Grade Celsius,
0,1.46,W/m^2,6:01:44,28/6/17,Day of week:,Wednesday,19.87,Grade Celsius,
1,4.38,W/m^2,6:01:47,28/6/17,Day of week:,Wednesday,19.94,Grade Celsius,
1,5.84,W/m^2,6:01:50,28/6/17,Day of week:,Wednesday,19.87,Grade Celsius,
2,4.38,W/m^2,6:01:53,28/6/17,Day of week:,Wednesday,19.94,Grade Celsius,
2,5.84,W/m^2,6:01:56,28/6/17,Day of week:,Wednesday,19.94,Grade Celsius,
2,4.38,W/m^2,6:01:59,28/6/17,Day of week:,Wednesday,19.87,Grade Celsius,
1,5.84,W/m^2,6:02:02,28/6/17,Day of week:,Wednesday,19.87,Grade Celsius,
2,5.84,W/m^2,6:02:05,28/6/17,Day of week:,Wednesday,19.87,Grade Celsius,
0,2.92,W/m^2,6:02:08,28/6/17,Day of week:,Wednesday,19.94,Grade Celsius,
0,2.92,W/m^2,6:02:11,28/6/17,Day of week:,Wednesday,19.87,Grade Celsius,
1,5.84,W/m^2,6:02:14,28/6/17,Day of week:,Wednesday,19.87,Grade Celsius,
2,5.84,W/m^2,6:02:17,28/6/17,Day of week:,Wednesday,19.87,Grade Celsius,
1,5.84,W/m^2,6:02:20,28/6/17,Day of week:,Wednesday,19.87,Grade Celsius,
1,5.84,W/m^2,6:02:23,28/6/17,Day of week:,Wednesday,19.87,Grade Celsius,
1,5.84,W/m^2,6:02:26,28/6/17,Day of week:,Wednesday,19.87,Grade Celsius,
1,1.46,W/m^2,6:02:30,28/6/17,Day of week:,Wednesday,19.87,Grade Celsius,
2,5.84,W/m^2,6:02:33,28/6/17,Day of week:,Wednesday,19.87,Grade Celsius,
2,5.84,W/m^2,6:02:36,28/6/17,Day of week:,Wednesday,19.87,Grade Celsius,
1,5.84,W/m^2,6:02:39,28/6/17,Day of week:,Wednesday,19.87,Grade Celsius,
2,5.84,W/m^2,6:02:42,28/6/17,Day of week:,Wednesday,19.87,Grade Celsius,
1,5.84,W/m^2,6:02:45,28/6/17,Day of week:,Wednesday,19.87,Grade Celsius,
1,5.84,W/m^2,6:02:48,28/6/17,Day of week:,Wednesday,19.87,Grade Celsius,
1,0.00,W/m^2,6:02:51,28/6/17,Day of week:,Wednesday,19.87,Grade Celsius,
2,5.84,W/m^2,6:02:54,28/6/17,Day of week:,Wednesday,19.87,Grade Celsius,
2,5.84,W/m^2,6:02:57,28/6/17,Day of week:,Wednesday,19.87,Grade Celsius,
1,5.84,W/m^2,6:03:00,28/6/17,Day of week:,Wednesday,19.87,Grade Celsius,
2,5.84,W/m^2,6:03:03,28/6/17,Day of week:,Wednesday,19.87,Grade Celsius,
0,5.84,W/m^2,6:03:06,28/6/17,Day of week:,Wednesday,19.87,Grade Celsius,
2,2.92,W/m^2,6:03:09,28/6/17,Day of week:,Wednesday,19.87,Grade Celsius,
1,5.84,W/m^2,6:03:12,28/6/17,Day of week:,Wednesday,19.87,Grade Celsius,
2,11.69,W/m^2,6:03:15,28/6/17,Day of week:,Wednesday,19.87,Grade Celsius,
1,7.30,W/m^2,6:03:18,28/6/17,Day of week:,Wednesday,19.94,Grade Celsius,
1,5.84,W/m^2,6:03:22,28/6/17,Day of week:,Wednesday,19.94,Grade Celsius,
1,2.92,W/m^2,6:03:25,28/6/17,Day of week:,Wednesday,19.87,Grade Celsius,
0,5.84,W/m^2,6:03:28,28/6/17,Day of week:,Wednesday,19.94,Grade Celsius,
1,1.46,W/m^2,6:03:31,28/6/17,Day of week:,Wednesday,19.87,Grade Celsius,
1,5.84,W/m^2,6:03:34,28/6/17,Day of week:,Wednesday,19.94,Grade Celsius,
0,5.84,W/m^2,6:03:37,28/6/17,Day of week:,Wednesday,19.87,Grade Celsius,
1,2.92,W/m^2,6:03:40,28/6/17,Day of week:,Wednesday,19.87,Grade Celsius,
1,2.92,W/m^2,6:03:43,28/6/17,Day of week:,Wednesday,19.87,Grade Celsius,
0,5.84,W/m^2,6:03:46,28/6/17,Day of week:,Wednesday,19.87,Grade Celsius,
0,4.38,W/m^2,6:03:49,28/6/17,Day of week:,Wednesday,19.87,Grade Celsius,
3,2.92,W/m^2,6:03:52,28/6/17,Day of week:,Wednesday,19.87,Grade Celsius,
2,5.84,W/m^2,6:03:55,28/6/17,Day of week:,Wednesday,19.87,Grade Celsius,
0,5.84,W/m^2,6:03:58,28/6/17,Day of week:,Wednesday,19.87,Grade Celsius,
1,5.84,W/m^2,6:04:01,28/6/17,Day of week:,Wednesday,19.87,Grade Celsius,
3,5.84,W/m^2,6:04:04,28/6/17,Day of week:,Wednesday,19.87,Grade Celsius,
3,7.30,W/m^2,6:04:07,28/6/17,Day of week:,Wednesday,19.87,Grade Celsius,
2,7.30,W/m^2,6:04:11,28/6/17,Day of week:,Wednesday,19.87,Grade Celsius,
3,5.84,W/m^2,6:04:14,28/6/17,Day of week:,Wednesday,19.87,Grade Celsius,
1,5.84,W/m^2,6:04:17,28/6/17,Day of week:,Wednesday,19.87,Grade Celsius,
0,5.84,W/m^2,6:04:20,28/6/17,Day of week:,Wednesday,19.87,Grade Celsius,
0,2.92,W/m^2,6:04:23,28/6/17,Day of week:,Wednesday,19.87,Grade Celsius,
0,2.92,W/m^2,6:04:26,28/6/17,Day of week:,Wednesday,19.87,Grade Celsius,
1,5.84,W/m^2,6:04:29,28/6/17,Day of week:,Wednesday,19.87,Grade Celsius,
1,5.84,W/m^2,6:04:32,28/6/17,Day of week:,Wednesday,19.87,Grade Celsius,
3,2.92,W/m^2,6:04:35,28/6/17,Day of week:,Wednesday,19.87,Grade Celsius,
3,5.84,W/m^2,6:04:38,28/6/17,Day of week:,Wednesday,19.87,Grade Celsius,
3,5.84,W/m^2,6:04:41,28/6/17,Day of week:,Wednesday,19.87,Grade Celsius,
2,5.84,W/m^2,6:04:44,28/6/17,Day of week:,Wednesday,19.87,Grade Celsius,
2,5.84,W/m^2,6:04:47,28/6/17,Day of week:,Wednesday,19.87,Grade Celsius,
1,7.30,W/m^2,6:04:50,28/6/17,Day of week:,Wednesday,19.87,Grade Celsius,
1,5.84,W/m^2,6:04:53,28/6/17,Day of week:,Wednesday,19.87,Grade Celsius,
1,11.69,W/m^2,6:04:56,28/6/17,Day of week:,Wednesday,19.87,Grade Celsius,
1,5.84,W/m^2,6:04:59,28/6/17,Day of week:,Wednesday,19.87,Grade Celsius,
3,1.46,W/m^2,6:05:03,28/6/17,Day of week:,Wednesday,19.87,Grade Celsius,
3,5.84,W/m^2,6:05:06,28/6/17,Day of week:,Wednesday,19.87,Grade Celsius,
3,2.92,W/m^2,6:05:09,28/6/17,Day of week:,Wednesday,19.87,Grade Celsius,
1,4.38,W/m^2,6:05:12,28/6/17,Day of week:,Wednesday,19.87,Grade Celsius,
3,5.84,W/m^2,6:05:15,28/6/17,Day of week:,Wednesday,19.87,Grade Celsius,
3,5.84,W/m^2,6:05:18,28/6/17,Day of week:,Wednesday,19.87,Grade Celsius,
1,4.38,W/m^2,6:05:21,28/6/17,Day of week:,Wednesday,19.87,Grade Celsius,
2,5.84,W/m^2,6:05:24,28/6/17,Day of week:,Wednesday,19.87,Grade Celsius,
1,5.84,W/m^2,6:05:27,28/6/17,Day of week:,Wednesday,19.87,Grade Celsius,
1,5.84,W/m^2,6:05:30,28/6/17,Day of week:,Wednesday,19.87,Grade Celsius,
2,5.84,W/m^2,6:05:33,28/6/17,Day of week:,Wednesday,19.87,Grade Celsius,
1,5.84,W/m^2,6:05:36,28/6/17,Day of week:,Wednesday,19.87,Grade Celsius,
4,7.30,W/m^2,6:05:39,28/6/17,Day of week:,Wednesday,19.87,Grade Celsius,
3,7.30,W/m^2,6:05:42,28/6/17,Day of week:,Wednesday,19.87,Grade Celsius,
4,5.84,W/m^2,6:05:45,28/6/17,Day of week:,Wednesday,19.87,Grade Celsius,
3,11.69,W/m^2,6:05:48,28/6/17,Day of week:,Wednesday,19.87,Grade Celsius,
2,7.30,W/m^2,6:05:51,28/6/17,Day of week:,Wednesday,19.87,Grade Celsius,
2,5.84,W/m^2,6:05:55,28/6/17,Day of week:,Wednesday,19.87,Grade Celsius,
1,5.84,W/m^2,6:05:58,28/6/17,Day of week:,Wednesday,19.87,Grade Celsius,
3,7.30,W/m^2,6:06:01,28/6/17,Day of week:,Wednesday,19.87,Grade Celsius,
3,11.69,W/m^2,6:06:04,28/6/17,Day of week:,Wednesday,19.87,Grade Celsius,
2,7.30,W/m^2,6:06:07,28/6/17,Day of week:,Wednesday,19.87,Grade Celsius,
3,5.84,W/m^2,6:06:10,28/6/17,Day of week:,Wednesday,19.87,Grade Celsius,
2,5.84,W/m^2,6:06:13,28/6/17,Day of week:,Wednesday,19.87,Grade Celsius,
2,4.38,W/m^2,6:06:16,28/6/17,Day of week:,Wednesday,19.87,Grade Celsius,
3,5.84,W/m^2,6:06:19,28/6/17,Day of week:,Wednesday,19.87,Grade Celsius,
2,11.69,W/m^2,6:06:22,28/6/17,Day of week:,Wednesday,19.87,Grade Celsius,
2,5.84,W/m^2,6:06:25,28/6/17,Day of week:,Wednesday,19.87,Grade Celsius,
2,5.84,W/m^2,6:06:28,28/6/17,Day of week:,Wednesday,19.87,Grade Celsius,
1,5.84,W/m^2,6:06:31,28/6/17,Day of week:,Wednesday,19.87,Grade Celsius,
2,5.84,W/m^2,6:06:34,28/6/17,Day of week:,Wednesday,19.87,Grade Celsius,
2,5.84,W/m^2,6:06:37,28/6/17,Day of week:,Wednesday,19.87,Grade Celsius,
2,5.84,W/m^2,6:06:40,28/6/17,Day of week:,Wednesday,19.87,Grade Celsius,
4,5.84,W/m^2,6:06:43,28/6/17,Day of week:,Wednesday,19.87,Grade Celsius,
3,7.30,W/m^2,6:06:47,28/6/17,Day of week:,Wednesday,19.87,Grade Celsius,
4,11.69,W/m^2,6:06:50,28/6/17,Day of week:,Wednesday,19.87,Grade Celsius,
2,7.30,W/m^2,6:06:53,28/6/17,Day of week:,Wednesday,19.87,Grade Celsius,
3,7.30,W/m^2,6:06:56,28/6/17,Day of week:,Wednesday,19.87,Grade Celsius,
3,7.30,W/m^2,6:06:59,28/6/17,Day of week:,Wednesday,19.87,Grade Celsius,
3,7.30,W/m^2,6:07:02,28/6/17,Day of week:,Wednesday,19.87,Grade Celsius,
2,5.84,W/m^2,6:07:05,28/6/17,Day of week:,Wednesday,19.87,Grade Celsius,
1,5.84,W/m^2,6:07:08,28/6/17,Day of week:,Wednesday,19.87,Grade Celsius,
1,5.84,W/m^2,6:07:11,28/6/17,Day of week:,Wednesday,19.87,Grade Celsius,
1,5.84,W/m^2,6:07:14,28/6/17,Day of week:,Wednesday,19.87,Grade Celsius,
1,5.84,W/m^2,6:07:17,28/6/17,Day of week:,Wednesday,19.87,Grade Celsius,
3,5.84,W/m^2,6:07:20,28/6/17,Day of week:,Wednesday,19.87,Grade Celsius,
2,11.69,W/m^2,6:07:23,28/6/17,Day of week:,Wednesday,19.94,Grade Celsius,
3,11.69,W/m^2,6:07:26,28/6/17,Day of week:,Wednesday,19.87,Grade Celsius,
3,7.30,W/m^2,6:07:30,28/6/17,Day of week:,Wednesday,19.94,Grade Celsius,
3,5.84,W/m^2,6:07:33,28/6/17,Day of week:,Wednesday,19.94,Grade Celsius,
3,5.84,W/m^2,6:07:36,28/6/17,Day of week:,Wednesday,19.94,Grade Celsius,
2,5.84,W/m^2,6:07:39,28/6/17,Day of week:,Wednesday,19.87,Grade Celsius,
2,5.84,W/m^2,6:07:42,28/6/17,Day of week:,Wednesday,19.94,Grade Celsius,
3,5.84,W/m^2,6:07:45,28/6/17,Day of week:,Wednesday,19.94,Grade Celsius,
4,11.69,W/m^2,6:07:48,28/6/17,Day of week:,Wednesday,19.94,Grade Celsius,
5,7.30,W/m^2,6:07:51,28/6/17,Day of week:,Wednesday,19.94,Grade Celsius,
3,11.69,W/m^2,6:07:54,28/6/17,Day of week:,Wednesday,19.94,Grade Celsius,
3,11.69,W/m^2,6:07:57,28/6/17,Day of week:,Wednesday,19.87,Grade Celsius,
3,7.30,W/m^2,6:08:00,28/6/17,Day of week:,Wednesday,19.94,Grade Celsius,
3,5.84,W/m^2,6:08:03,28/6/17,Day of week:,Wednesday,19.94,Grade Celsius,
3,7.30,W/m^2,6:08:06,28/6/17,Day of week:,Wednesday,19.94,Grade Celsius,
5,11.69,W/m^2,6:08:09,28/6/17,Day of week:,Wednesday,19.94,Grade Celsius,
4,11.69,W/m^2,6:08:12,28/6/17,Day of week:,Wednesday,19.94,Grade Celsius,
4,11.69,W/m^2,6:08:15,28/6/17,Day of week:,Wednesday,19.87,Grade Celsius,
5,11.69,W/m^2,6:08:19,28/6/17,Day of week:,Wednesday,19.94,Grade Celsius,
1,11.69,W/m^2,6:08:22,28/6/17,Day of week:,Wednesday,19.87,Grade Celsius,
5,8.76,W/m^2,6:08:25,28/6/17,Day of week:,Wednesday,19.87,Grade Celsius,
5,8.76,W/m^2,6:08:28,28/6/17,Day of week:,Wednesday,19.87,Grade Celsius,
2,5.84,W/m^2,6:08:31,28/6/17,Day of week:,Wednesday,19.87,Grade Celsius,
3,5.84,W/m^2,6:08:34,28/6/17,Day of week:,Wednesday,19.94,Grade Celsius,
4,5.84,W/m^2,6:08:37,28/6/17,Day of week:,Wednesday,19.94,Grade Celsius,
3,5.84,W/m^2,6:08:40,28/6/17,Day of week:,Wednesday,19.94,Grade Celsius,
4,11.69,W/m^2,6:08:43,28/6/17,Day of week:,Wednesday,19.94,Grade Celsius,
5,11.69,W/m^2,6:08:46,28/6/17,Day of week:,Wednesday,19.94,Grade Celsius,
6,11.69,W/m^2,6:08:49,28/6/17,Day of week:,Wednesday,19.94,Grade Celsius,
3,11.69,W/m^2,6:08:52,28/6/17,Day of week:,Wednesday,19.94,Grade Celsius,
3,7.30,W/m^2,6:08:55,28/6/17,Day of week:,Wednesday,19.94,Grade Celsius,
5,7.30,W/m^2,6:08:58,28/6/17,Day of week:,Wednesday,19.94,Grade Celsius,
5,11.69,W/m^2,6:09:01,28/6/17,Day of week:,Wednesday,19.94,Grade Celsius,
6,11.69,W/m^2,6:09:04,28/6/17,Day of week:,Wednesday,19.94,Grade Celsius,
5,11.69,W/m^2,6:09:08,28/6/17,Day of week:,Wednesday,19.94,Grade Celsius,
3,5.84,W/m^2,6:09:11,28/6/17,Day of week:,Wednesday,19.94,Grade Celsius,
4,5.84,W/m^2,6:09:14,28/6/17,Day of week:,Wednesday,19.94,Grade Celsius,
5,11.69,W/m^2,6:09:17,28/6/17,Day of week:,Wednesday,19.94,Grade Celsius,
5,11.69,W/m^2,6:09:20,28/6/17,Day of week:,Wednesday,19.94,Grade Celsius,
5,11.69,W/m^2,6:09:23,28/6/17,Day of week:,Wednesday,19.94,Grade Celsius,
5,11.69,W/m^2,6:09:26,28/6/17,Day of week:,Wednesday,19.94,Grade Celsius,
3,11.69,W/m^2,6:09:29,28/6/17,Day of week:,Wednesday,19.94,Grade Celsius,
4,7.30,W/m^2,6:09:32,28/6/17,Day of week:,Wednesday,19.94,Grade Celsius,
3,7.30,W/m^2,6:09:35,28/6/17,Day of week:,Wednesday,19.94,Grade Celsius,
4,11.69,W/m^2,6:09:38,28/6/17,Day of week:,Wednesday,19.94,Grade Celsius,
5,11.69,W/m^2,6:09:41,28/6/17,Day of week:,Wednesday,19.94,Grade Celsius,
5,11.69,W/m^2,6:09:44,28/6/17,Day of week:,Wednesday,19.94,Grade Celsius,
5,11.69,W/m^2,6:09:47,28/6/17,Day of week:,Wednesday,19.94,Grade Celsius,
4,11.69,W/m^2,6:09:50,28/6/17,Day of week:,Wednesday,19.94,Grade Celsius,
4,8.76,W/m^2,6:09:53,28/6/17,Day of week:,Wednesday,19.94,Grade Celsius,
5,7.30,W/m^2,6:09:56,28/6/17,Day of week:,Wednesday,20.00,Grade Celsius,
5,5.84,W/m^2,6:10:00,28/6/17,Day of week:,Wednesday,20.00,Grade Celsius,
5,7.30,W/m^2,6:10:03,28/6/17,Day of week:,Wednesday,20.00,Grade Celsius,
6,11.69,W/m^2,6:10:06,28/6/17,Day of week:,Wednesday,19.94,Grade Celsius,
4,8.76,W/m^2,6:10:09,28/6/17,Day of week:,Wednesday,20.00,Grade Celsius,
3,7.30,W/m^2,6:10:12,28/6/17,Day of week:,Wednesday,20.00,Grade Celsius,
5,11.69,W/m^2,6:10:15,28/6/17,Day of week:,Wednesday,20.00,Grade Celsius,
6,11.69,W/m^2,6:10:18,28/6/17,Day of week:,Wednesday,20.00,Grade Celsius,
6,11.69,W/m^2,6:10:21,28/6/17,Day of week:,Wednesday,20.00,Grade Celsius,
5,11.69,W/m^2,6:10:24,28/6/17,Day of week:,Wednesday,20.00,Grade Celsius,
5,11.69,W/m^2,6:10:27,28/6/17,Day of week:,Wednesday,19.94,Grade Celsius,
4,11.69,W/m^2,6:10:30,28/6/17,Day of week:,Wednesday,19.94,Grade Celsius,
3,11.69,W/m^2,6:10:33,28/6/17,Day of week:,Wednesday,20.00,Grade Celsius,
4,11.69,W/m^2,6:10:36,28/6/17,Day of week:,Wednesday,20.00,Grade Celsius,
5,11.69,W/m^2,6:10:39,28/6/17,Day of week:,Wednesday,19.94,Grade Celsius,
3,11.69,W/m^2,6:10:42,28/6/17,Day of week:,Wednesday,19.94,Grade Celsius,
5,11.69,W/m^2,6:10:45,28/6/17,Day of week:,Wednesday,19.94,Grade Celsius,
5,7.30,W/m^2,6:10:49,28/6/17,Day of week:,Wednesday,19.94,Grade Celsius,
6,11.69,W/m^2,6:10:52,28/6/17,Day of week:,Wednesday,19.94,Grade Celsius,
7,13.15,W/m^2,6:10:55,28/6/17,Day of week:,Wednesday,19.94,Grade Celsius,
5,11.69,W/m^2,6:10:58,28/6/17,Day of week:,Wednesday,19.94,Grade Celsius,
5,11.69,W/m^2,6:11:01,28/6/17,Day of week:,Wednesday,19.94,Grade Celsius,
4,11.69,W/m^2,6:11:04,28/6/17,Day of week:,Wednesday,19.94,Grade Celsius,
5,13.15,W/m^2,6:11:07,28/6/17,Day of week:,Wednesday,19.94,Grade Celsius,
3,11.69,W/m^2,6:11:10,28/6/17,Day of week:,Wednesday,19.94,Grade Celsius,
6,11.69,W/m^2,6:11:13,28/6/17,Day of week:,Wednesday,19.94,Grade Celsius,
6,11.69,W/m^2,6:11:16,28/6/17,Day of week:,Wednesday,19.94,Grade Celsius,
6,11.69,W/m^2,6:11:19,28/6/17,Day of week:,Wednesday,19.94,Grade Celsius,
5,11.69,W/m^2,6:11:22,28/6/17,Day of week:,Wednesday,20.00,Grade Celsius,
5,11.69,W/m^2,6:11:25,28/6/17,Day of week:,Wednesday,20.00,Grade Celsius,
5,11.69,W/m^2,6:11:28,28/6/17,Day of week:,Wednesday,20.00,Grade Celsius,
3,11.69,W/m^2,6:11:31,28/6/17,Day of week:,Wednesday,20.00,Grade Celsius,
3,11.69,W/m^2,6:11:34,28/6/17,Day of week:,Wednesday,20.00,Grade Celsius,
6,11.69,W/m^2,6:11:37,28/6/17,Day of week:,Wednesday,20.00,Grade Celsius,
6,11.69,W/m^2,6:11:41,28/6/17,Day of week:,Wednesday,20.00,Grade Celsius,
7,11.69,W/m^2,6:11:44,28/6/17,Day of week:,Wednesday,20.00,Grade Celsius,
7,11.69,W/m^2,6:11:47,28/6/17,Day of week:,Wednesday,20.00,Grade Celsius,
7,11.69,W/m^2,6:11:50,28/6/17,Day of week:,Wednesday,20.00,Grade Celsius,
6,11.69,W/m^2,6:11:53,28/6/17,Day of week:,Wednesday,20.00,Grade Celsius,
7,11.69,W/m^2,6:11:56,28/6/17,Day of week:,Wednesday,20.00,Grade Celsius,
6,11.69,W/m^2,6:11:59,28/6/17,Day of week:,Wednesday,20.00,Grade Celsius,
5,11.69,W/m^2,6:12:02,28/6/17,Day of week:,Wednesday,20.00,Grade Celsius,
6,11.69,W/m^2,6:12:05,28/6/17,Day of week:,Wednesday,20.00,Grade Celsius,
5,11.69,W/m^2,6:12:08,28/6/17,Day of week:,Wednesday,20.00,Grade Celsius,
5,11.69,W/m^2,6:12:11,28/6/17,Day of week:,Wednesday,20.00,Grade Celsius,
5,11.69,W/m^2,6:12:14,28/6/17,Day of week:,Wednesday,20.00,Grade Celsius,
5,11.69,W/m^2,6:12:17,28/6/17,Day of week:,Wednesday,20.00,Grade Celsius,
7,11.69,W/m^2,6:12:20,28/6/17,Day of week:,Wednesday,20.00,Grade Celsius,
7,11.69,W/m^2,6:12:23,28/6/17,Day of week:,Wednesday,20.00,Grade Celsius,
3,11.69,W/m^2,6:12:26,28/6/17,Day of week:,Wednesday,20.00,Grade Celsius,
6,11.69,W/m^2,6:12:30,28/6/17,Day of week:,Wednesday,20.00,Grade Celsius,
7,11.69,W/m^2,6:12:33,28/6/17,Day of week:,Wednesday,20.00,Grade Celsius,
7,14.61,W/m^2,6:12:36,28/6/17,Day of week:,Wednesday,20.00,Grade Celsius,
7,13.15,W/m^2,6:12:39,28/6/17,Day of week:,Wednesday,20.00,Grade Celsius,
7,14.61,W/m^2,6:12:42,28/6/17,Day of week:,Wednesday,20.00,Grade Celsius,
7,14.61,W/m^2,6:12:45,28/6/17,Day of week:,Wednesday,20.00,Grade Celsius,
7,14.61,W/m^2,6:12:48,28/6/17,Day of week:,Wednesday,20.06,Grade Celsius,
7,13.15,W/m^2,6:12:51,28/6/17,Day of week:,Wednesday,20.00,Grade Celsius,
6,16.07,W/m^2,6:12:54,28/6/17,Day of week:,Wednesday,20.06,Grade Celsius,
6,14.61,W/m^2,6:12:57,28/6/17,Day of week:,Wednesday,20.06,Grade Celsius,
5,11.69,W/m^2,6:13:00,28/6/17,Day of week:,Wednesday,20.06,Grade Celsius,
5,11.69,W/m^2,6:13:03,28/6/17,Day of week:,Wednesday,20.00,Grade Celsius,
5,11.69,W/m^2,6:13:06,28/6/17,Day of week:,Wednesday,20.06,Grade Celsius,
5,11.69,W/m^2,6:13:09,28/6/17,Day of week:,Wednesday,20.00,Grade Celsius,
6,11.69,W/m^2,6:13:12,28/6/17,Day of week:,Wednesday,20.06,Grade Celsius,
5,11.69,W/m^2,6:13:16,28/6/17,Day of week:,Wednesday,20.06,Grade Celsius,
7,11.69,W/m^2,6:13:19,28/6/17,Day of week:,Wednesday,20.00,Grade Celsius,
8,13.15,W/m^2,6:13:22,28/6/17,Day of week:,Wednesday,20.06,Grade Celsius,
8,14.61,W/m^2,6:13:25,28/6/17,Day of week:,Wednesday,20.06,Grade Celsius,
8,14.61,W/m^2,6:13:28,28/6/17,Day of week:,Wednesday,20.00,Grade Celsius,
8,13.15,W/m^2,6:13:31,28/6/17,Day of week:,Wednesday,20.00,Grade Celsius,
6,14.61,W/m^2,6:13:34,28/6/17,Day of week:,Wednesday,20.06,Grade Celsius,
8,13.15,W/m^2,6:13:37,28/6/17,Day of week:,Wednesday,20.00,Grade Celsius,
7,13.15,W/m^2,6:13:40,28/6/17,Day of week:,Wednesday,20.06,Grade Celsius,
6,11.69,W/m^2,6:13:43,28/6/17,Day of week:,Wednesday,20.00,Grade Celsius,
5,11.69,W/m^2,6:13:46,28/6/17,Day of week:,Wednesday,20.00,Grade Celsius,
5,11.69,W/m^2,6:13:49,28/6/17,Day of week:,Wednesday,20.00,Grade Celsius,
7,11.69,W/m^2,6:13:52,28/6/17,Day of week:,Wednesday,20.00,Grade Celsius,
7,11.69,W/m^2,6:13:55,28/6/17,Day of week:,Wednesday,20.00,Grade Celsius,
7,11.69,W/m^2,6:13:58,28/6/17,Day of week:,Wednesday,20.00,Grade Celsius,
7,11.69,W/m^2,6:14:01,28/6/17,Day of week:,Wednesday,20.00,Grade Celsius,
7,14.61,W/m^2,6:14:04,28/6/17,Day of week:,Wednesday,20.06,Grade Celsius,
6,17.53,W/m^2,6:14:08,28/6/17,Day of week:,Wednesday,20.06,Grade Celsius,
8,14.61,W/m^2,6:14:11,28/6/17,Day of week:,Wednesday,20.06,Grade Celsius,
7,14.61,W/m^2,6:14:14,28/6/17,Day of week:,Wednesday,20.06,Grade Celsius,
7,17.53,W/m^2,6:14:17,28/6/17,Day of week:,Wednesday,20.06,Grade Celsius,
6,14.61,W/m^2,6:14:20,28/6/17,Day of week:,Wednesday,20.06,Grade Celsius,
6,11.69,W/m^2,6:14:23,28/6/17,Day of week:,Wednesday,20.06,Grade Celsius,
8,11.69,W/m^2,6:14:26,28/6/17,Day of week:,Wednesday,20.06,Grade Celsius,
8,14.61,W/m^2,6:14:29,28/6/17,Day of week:,Wednesday,20.00,Grade Celsius,
7,14.61,W/m^2,6:14:32,28/6/17,Day of week:,Wednesday,20.06,Grade Celsius,
9,14.61,W/m^2,6:14:35,28/6/17,Day of week:,Wednesday,20.06,Grade Celsius,
8,16.07,W/m^2,6:14:38,28/6/17,Day of week:,Wednesday,20.06,Grade Celsius,
7,16.07,W/m^2,6:14:41,28/6/17,Day of week:,Wednesday,20.06,Grade Celsius,
7,14.61,W/m^2,6:14:44,28/6/17,Day of week:,Wednesday,20.06,Grade Celsius,
6,11.69,W/m^2,6:14:47,28/6/17,Day of week:,Wednesday,20.12,Grade Celsius,
6,13.15,W/m^2,6:14:50,28/6/17,Day of week:,Wednesday,20.12,Grade Celsius,
5,11.69,W/m^2,6:14:53,28/6/17,Day of week:,Wednesday,20.12,Grade Celsius,
6,5.84,W/m^2,6:14:57,28/6/17,Day of week:,Wednesday,20.12,Grade Celsius,
8,13.15,W/m^2,6:15:00,28/6/17,Day of week:,Wednesday,20.12,Grade Celsius,
7,11.69,W/m^2,6:15:03,28/6/17,Day of week:,Wednesday,20.12,Grade Celsius,
7,11.69,W/m^2,6:15:06,28/6/17,Day of week:,Wednesday,20.12,Grade Celsius,
8,14.61,W/m^2,6:15:09,28/6/17,Day of week:,Wednesday,20.12,Grade Celsius,
9,14.61,W/m^2,6:15:12,28/6/17,Day of week:,Wednesday,20.12,Grade Celsius,
10,14.61,W/m^2,6:15:15,28/6/17,Day of week:,Wednesday,20.12,Grade Celsius,
6,17.53,W/m^2,6:15:18,28/6/17,Day of week:,Wednesday,20.12,Grade Celsius,
6,17.53,W/m^2,6:15:21,28/6/17,Day of week:,Wednesday,20.12,Grade Celsius,
7,14.61,W/m^2,6:15:24,28/6/17,Day of week:,Wednesday,20.12,Grade Celsius,
9,13.15,W/m^2,6:15:27,28/6/17,Day of week:,Wednesday,20.12,Grade Celsius,
8,13.15,W/m^2,6:15:30,28/6/17,Day of week:,Wednesday,20.12,Grade Celsius,
9,14.61,W/m^2,6:15:33,28/6/17,Day of week:,Wednesday,20.12,Grade Celsius,
9,14.61,W/m^2,6:15:36,28/6/17,Day of week:,Wednesday,20.19,Grade Celsius,
7,14.61,W/m^2,6:15:39,28/6/17,Day of week:,Wednesday,20.19,Grade Celsius,
7,14.61,W/m^2,6:15:42,28/6/17,Day of week:,Wednesday,20.19,Grade Celsius,
7,14.61,W/m^2,6:15:45,28/6/17,Day of week:,Wednesday,20.19,Grade Celsius,
7,13.15,W/m^2,6:15:49,28/6/17,Day of week:,Wednesday,20.19,Grade Celsius,
7,11.69,W/m^2,6:15:52,28/6/17,Day of week:,Wednesday,20.19,Grade Celsius,
8,14.61,W/m^2,6:15:55,28/6/17,Day of week:,Wednesday,20.19,Grade Celsius,
7,13.15,W/m^2,6:15:58,28/6/17,Day of week:,Wednesday,20.19,Grade Celsius,
7,14.61,W/m^2,6:16:01,28/6/17,Day of week:,Wednesday,20.19,Grade Celsius,
6,11.69,W/m^2,6:16:04,28/6/17,Day of week:,Wednesday,20.19,Grade Celsius,
6,11.69,W/m^2,6:16:07,28/6/17,Day of week:,Wednesday,20.19,Grade Celsius,
7,14.61,W/m^2,6:16:10,28/6/17,Day of week:,Wednesday,20.19,Grade Celsius,
9,14.61,W/m^2,6:16:13,28/6/17,Day of week:,Wednesday,20.19,Grade Celsius,
8,16.07,W/m^2,6:16:16,28/6/17,Day of week:,Wednesday,20.19,Grade Celsius,
8,16.07,W/m^2,6:16:19,28/6/17,Day of week:,Wednesday,20.25,Grade Celsius,
9,17.53,W/m^2,6:16:22,28/6/17,Day of week:,Wednesday,20.25,Grade Celsius,
8,17.53,W/m^2,6:16:25,28/6/17,Day of week:,Wednesday,20.19,Grade Celsius,
8,17.53,W/m^2,6:16:28,28/6/17,Day of week:,Wednesday,20.19,Grade Celsius,
7,13.15,W/m^2,6:16:31,28/6/17,Day of week:,Wednesday,20.25,Grade Celsius,
8,11.69,W/m^2,6:16:34,28/6/17,Day of week:,Wednesday,20.25,Grade Celsius,
7,11.69,W/m^2,6:16:38,28/6/17,Day of week:,Wednesday,20.25,Grade Celsius,
7,13.15,W/m^2,6:16:41,28/6/17,Day of week:,Wednesday,20.25,Grade Celsius,
7,13.15,W/m^2,6:16:44,28/6/17,Day of week:,Wednesday,20.25,Grade Celsius,
6,14.61,W/m^2,6:16:47,28/6/17,Day of week:,Wednesday,20.25,Grade Celsius,
5,14.61,W/m^2,6:16:50,28/6/17,Day of week:,Wednesday,20.25,Grade Celsius,
9,17.53,W/m^2,6:16:53,28/6/17,Day of week:,Wednesday,20.25,Grade Celsius,
8,17.53,W/m^2,6:16:56,28/6/17,Day of week:,Wednesday,20.31,Grade Celsius,
9,17.53,W/m^2,6:16:59,28/6/17,Day of week:,Wednesday,20.31,Grade Celsius,
9,14.61,W/m^2,6:17:02,28/6/17,Day of week:,Wednesday,20.31,Grade Celsius,
8,17.53,W/m^2,6:17:05,28/6/17,Day of week:,Wednesday,20.31,Grade Celsius,
9,17.53,W/m^2,6:17:08,28/6/17,Day of week:,Wednesday,20.31,Grade Celsius,
8,17.53,W/m^2,6:17:11,28/6/17,Day of week:,Wednesday,20.25,Grade Celsius,
8,13.15,W/m^2,6:17:14,28/6/17,Day of week:,Wednesday,20.25,Grade Celsius,
7,16.07,W/m^2,6:17:17,28/6/17,Day of week:,Wednesday,20.25,Grade Celsius,
7,17.53,W/m^2,6:17:20,28/6/17,Day of week:,Wednesday,20.25,Grade Celsius,
8,13.15,W/m^2,6:17:23,28/6/17,Day of week:,Wednesday,20.25,Grade Celsius,
7,13.15,W/m^2,6:17:26,28/6/17,Day of week:,Wednesday,20.25,Grade Celsius,
8,13.15,W/m^2,6:17:30,28/6/17,Day of week:,Wednesday,20.31,Grade Celsius,
9,13.15,W/m^2,6:17:33,28/6/17,Day of week:,Wednesday,20.31,Grade Celsius,
8,13.15,W/m^2,6:17:36,28/6/17,Day of week:,Wednesday,20.31,Grade Celsius,
8,14.61,W/m^2,6:17:39,28/6/17,Day of week:,Wednesday,20.31,Grade Celsius,
9,11.69,W/m^2,6:17:42,28/6/17,Day of week:,Wednesday,20.31,Grade Celsius,
9,11.69,W/m^2,6:17:45,28/6/17,Day of week:,Wednesday,20.31,Grade Celsius,
9,11.69,W/m^2,6:17:48,28/6/17,Day of week:,Wednesday,20.31,Grade Celsius,
9,11.69,W/m^2,6:17:51,28/6/17,Day of week:,Wednesday,20.31,Grade Celsius,
8,17.53,W/m^2,6:17:54,28/6/17,Day of week:,Wednesday,20.31,Grade Celsius,
8,17.53,W/m^2,6:17:57,28/6/17,Day of week:,Wednesday,20.31,Grade Celsius,
8,11.69,W/m^2,6:18:00,28/6/17,Day of week:,Wednesday,20.31,Grade Celsius,
7,13.15,W/m^2,6:18:03,28/6/17,Day of week:,Wednesday,20.31,Grade Celsius,
8,13.15,W/m^2,6:18:06,28/6/17,Day of week:,Wednesday,20.31,Grade Celsius,
7,16.07,W/m^2,6:18:09,28/6/17,Day of week:,Wednesday,20.31,Grade Celsius,
7,17.53,W/m^2,6:18:12,28/6/17,Day of week:,Wednesday,20.31,Grade Celsius,
9,17.53,W/m^2,6:18:16,28/6/17,Day of week:,Wednesday,20.37,Grade Celsius,
11,17.53,W/m^2,6:18:19,28/6/17,Day of week:,Wednesday,20.37,Grade Celsius,
9,17.53,W/m^2,6:18:22,28/6/17,Day of week:,Wednesday,20.37,Grade Celsius,
9,17.53,W/m^2,6:18:25,28/6/17,Day of week:,Wednesday,20.37,Grade Celsius,
8,17.53,W/m^2,6:18:28,28/6/17,Day of week:,Wednesday,20.37,Grade Celsius,
8,17.53,W/m^2,6:18:31,28/6/17,Day of week:,Wednesday,20.37,Grade Celsius,
8,14.61,W/m^2,6:18:34,28/6/17,Day of week:,Wednesday,20.37,Grade Celsius,
10,14.61,W/m^2,6:18:37,28/6/17,Day of week:,Wednesday,20.37,Grade Celsius,
9,17.53,W/m^2,6:18:40,28/6/17,Day of week:,Wednesday,20.37,Grade Celsius,
10,17.53,W/m^2,6:18:43,28/6/17,Day of week:,Wednesday,20.37,Grade Celsius,
10,17.53,W/m^2,6:18:46,28/6/17,Day of week:,Wednesday,20.37,Grade Celsius,
9,17.53,W/m^2,6:18:49,28/6/17,Day of week:,Wednesday,20.37,Grade Celsius,
9,17.53,W/m^2,6:18:52,28/6/17,Day of week:,Wednesday,20.37,Grade Celsius,
11,16.07,W/m^2,6:18:55,28/6/17,Day of week:,Wednesday,20.37,Grade Celsius,
8,14.61,W/m^2,6:18:59,28/6/17,Day of week:,Wednesday,20.37,Grade Celsius,
9,17.53,W/m^2,6:19:02,28/6/17,Day of week:,Wednesday,20.44,Grade Celsius,
9,14.61,W/m^2,6:19:05,28/6/17,Day of week:,Wednesday,20.44,Grade Celsius,
8,13.15,W/m^2,6:19:08,28/6/17,Day of week:,Wednesday,20.44,Grade Celsius,
8,13.15,W/m^2,6:19:11,28/6/17,Day of week:,Wednesday,20.44,Grade Celsius,
8,14.61,W/m^2,6:19:14,28/6/17,Day of week:,Wednesday,20.44,Grade Celsius,
10,17.53,W/m^2,6:19:17,28/6/17,Day of week:,Wednesday,20.44,Grade Celsius,
10,17.53,W/m^2,6:19:20,28/6/17,Day of week:,Wednesday,20.44,Grade Celsius,
10,17.53,W/m^2,6:19:23,28/6/17,Day of week:,Wednesday,20.44,Grade Celsius,
10,14.61,W/m^2,6:19:26,28/6/17,Day of week:,Wednesday,20.44,Grade Celsius,
10,14.61,W/m^2,6:19:29,28/6/17,Day of week:,Wednesday,20.44,Grade Celsius,
9,23.37,W/m^2,6:19:32,28/6/17,Day of week:,Wednesday,20.50,Grade Celsius,
10,17.53,W/m^2,6:19:35,28/6/17,Day of week:,Wednesday,20.44,Grade Celsius,
8,14.61,W/m^2,6:19:38,28/6/17,Day of week:,Wednesday,20.44,Grade Celsius,
9,14.61,W/m^2,6:19:41,28/6/17,Day of week:,Wednesday,20.44,Grade Celsius,
8,14.61,W/m^2,6:19:44,28/6/17,Day of week:,Wednesday,20.44,Grade Celsius,
7,17.53,W/m^2,6:19:47,28/6/17,Day of week:,Wednesday,20.44,Grade Celsius,
9,17.53,W/m^2,6:19:51,28/6/17,Day of week:,Wednesday,20.50,Grade Celsius,
9,14.61,W/m^2,6:19:54,28/6/17,Day of week:,Wednesday,20.44,Grade Celsius,
10,14.61,W/m^2,6:19:57,28/6/17,Day of week:,Wednesday,20.44,Grade Celsius,
11,23.37,W/m^2,6:20:00,28/6/17,Day of week:,Wednesday,20.44,Grade Celsius,
11,23.37,W/m^2,6:20:03,28/6/17,Day of week:,Wednesday,20.44,Grade Celsius,
10,17.53,W/m^2,6:20:06,28/6/17,Day of week:,Wednesday,20.44,Grade Celsius,
10,23.37,W/m^2,6:20:09,28/6/17,Day of week:,Wednesday,20.44,Grade Celsius,
12,23.37,W/m^2,6:20:12,28/6/17,Day of week:,Wednesday,20.44,Grade Celsius,
11,17.53,W/m^2,6:20:15,28/6/17,Day of week:,Wednesday,20.37,Grade Celsius,
10,17.53,W/m^2,6:20:18,28/6/17,Day of week:,Wednesday,20.37,Grade Celsius,
9,17.53,W/m^2,6:20:21,28/6/17,Day of week:,Wednesday,20.37,Grade Celsius,
9,14.61,W/m^2,6:20:24,28/6/17,Day of week:,Wednesday,20.37,Grade Celsius,
9,14.61,W/m^2,6:20:27,28/6/17,Day of week:,Wednesday,20.37,Grade Celsius,
10,17.53,W/m^2,6:20:30,28/6/17,Day of week:,Wednesday,20.37,Grade Celsius,
10,16.07,W/m^2,6:20:33,28/6/17,Day of week:,Wednesday,20.44,Grade Celsius,
10,17.53,W/m^2,6:20:36,28/6/17,Day of week:,Wednesday,20.37,Grade Celsius,
11,17.53,W/m^2,6:20:40,28/6/17,Day of week:,Wednesday,20.44,Grade Celsius,
9,17.53,W/m^2,6:20:43,28/6/17,Day of week:,Wednesday,20.44,Grade Celsius,
9,17.53,W/m^2,6:20:46,28/6/17,Day of week:,Wednesday,20.44,Grade Celsius,
8,23.37,W/m^2,6:20:49,28/6/17,Day of week:,Wednesday,20.44,Grade Celsius,
9,16.07,W/m^2,6:20:52,28/6/17,Day of week:,Wednesday,20.44,Grade Celsius,
9,14.61,W/m^2,6:20:55,28/6/17,Day of week:,Wednesday,20.44,Grade Celsius,
9,16.07,W/m^2,6:20:58,28/6/17,Day of week:,Wednesday,20.44,Grade Celsius,
7,17.53,W/m^2,6:21:01,28/6/17,Day of week:,Wednesday,20.44,Grade Celsius,
9,17.53,W/m^2,6:21:04,28/6/17,Day of week:,Wednesday,20.44,Grade Celsius,
10,17.53,W/m^2,6:21:07,28/6/17,Day of week:,Wednesday,20.44,Grade Celsius,
9,17.53,W/m^2,6:21:10,28/6/17,Day of week:,Wednesday,20.44,Grade Celsius,
9,17.53,W/m^2,6:21:13,28/6/17,Day of week:,Wednesday,20.50,Grade Celsius,
9,17.53,W/m^2,6:21:16,28/6/17,Day of week:,Wednesday,20.50,Grade Celsius,
9,23.37,W/m^2,6:21:19,28/6/17,Day of week:,Wednesday,20.50,Grade Celsius,
8,17.53,W/m^2,6:21:22,28/6/17,Day of week:,Wednesday,20.50,Grade Celsius,
9,17.53,W/m^2,6:21:25,28/6/17,Day of week:,Wednesday,20.56,Grade Celsius,
9,17.53,W/m^2,6:21:29,28/6/17,Day of week:,Wednesday,20.50,Grade Celsius,
9,18.99,W/m^2,6:21:32,28/6/17,Day of week:,Wednesday,20.50,Grade Celsius,
9,17.53,W/m^2,6:21:35,28/6/17,Day of week:,Wednesday,20.50,Grade Celsius,
9,18.99,W/m^2,6:21:38,28/6/17,Day of week:,Wednesday,20.50,Grade Celsius,
9,18.99,W/m^2,6:21:41,28/6/17,Day of week:,Wednesday,20.50,Grade Celsius,
8,17.53,W/m^2,6:21:44,28/6/17,Day of week:,Wednesday,20.50,Grade Celsius,
9,17.53,W/m^2,6:21:47,28/6/17,Day of week:,Wednesday,20.50,Grade Celsius,
7,14.61,W/m^2,6:21:50,28/6/17,Day of week:,Wednesday,20.50,Grade Celsius,
9,17.53,W/m^2,6:21:53,28/6/17,Day of week:,Wednesday,20.50,Grade Celsius,
9,23.37,W/m^2,6:21:56,28/6/17,Day of week:,Wednesday,20.50,Grade Celsius,
9,17.53,W/m^2,6:21:59,28/6/17,Day of week:,Wednesday,20.50,Grade Celsius,
10,16.07,W/m^2,6:22:02,28/6/17,Day of week:,Wednesday,20.50,Grade Celsius,
11,14.61,W/m^2,6:22:05,28/6/17,Day of week:,Wednesday,20.50,Grade Celsius,
10,17.53,W/m^2,6:22:08,28/6/17,Day of week:,Wednesday,20.56,Grade Celsius,
10,17.53,W/m^2,6:22:11,28/6/17,Day of week:,Wednesday,20.56,Grade Celsius,
10,16.07,W/m^2,6:22:14,28/6/17,Day of week:,Wednesday,20.50,Grade Celsius,
10,17.53,W/m^2,6:22:17,28/6/17,Day of week:,Wednesday,20.56,Grade Celsius,
10,17.53,W/m^2,6:22:21,28/6/17,Day of week:,Wednesday,20.56,Grade Celsius,
9,23.37,W/m^2,6:22:24,28/6/17,Day of week:,Wednesday,20.56,Grade Celsius,
11,23.37,W/m^2,6:22:27,28/6/17,Day of week:,Wednesday,20.62,Grade Celsius,
11,17.53,W/m^2,6:22:30,28/6/17,Day of week:,Wednesday,20.56,Grade Celsius,
11,23.37,W/m^2,6:22:33,28/6/17,Day of week:,Wednesday,20.56,Grade Celsius,
11,17.53,W/m^2,6:22:36,28/6/17,Day of week:,Wednesday,20.62,Grade Celsius,
11,14.61,W/m^2,6:22:39,28/6/17,Day of week:,Wednesday,20.62,Grade Celsius,
9,16.07,W/m^2,6:22:42,28/6/17,Day of week:,Wednesday,20.62,Grade Celsius,
11,17.53,W/m^2,6:22:45,28/6/17,Day of week:,Wednesday,20.62,Grade Celsius,
11,17.53,W/m^2,6:22:48,28/6/17,Day of week:,Wednesday,20.62,Grade Celsius,
10,17.53,W/m^2,6:22:51,28/6/17,Day of week:,Wednesday,20.62,Grade Celsius,
11,17.53,W/m^2,6:22:54,28/6/17,Day of week:,Wednesday,20.56,Grade Celsius,
10,17.53,W/m^2,6:22:57,28/6/17,Day of week:,Wednesday,20.56,Grade Celsius,
11,18.99,W/m^2,6:23:00,28/6/17,Day of week:,Wednesday,20.56,Grade Celsius,
11,21.91,W/m^2,6:23:03,28/6/17,Day of week:,Wednesday,20.56,Grade Celsius,
11,17.53,W/m^2,6:23:07,28/6/17,Day of week:,Wednesday,20.56,Grade Celsius,
11,23.37,W/m^2,6:23:10,28/6/17,Day of week:,Wednesday,20.56,Grade Celsius,
11,23.37,W/m^2,6:23:13,28/6/17,Day of week:,Wednesday,20.56,Grade Celsius,
11,23.37,W/m^2,6:23:16,28/6/17,Day of week:,Wednesday,20.56,Grade Celsius,
13,23.37,W/m^2,6:23:19,28/6/17,Day of week:,Wednesday,20.56,Grade Celsius,
13,23.37,W/m^2,6:23:22,28/6/17,Day of week:,Wednesday,20.56,Grade Celsius,
13,23.37,W/m^2,6:23:25,28/6/17,Day of week:,Wednesday,20.56,Grade Celsius,
13,23.37,W/m^2,6:23:28,28/6/17,Day of week:,Wednesday,20.56,Grade Celsius,
13,23.37,W/m^2,6:23:31,28/6/17,Day of week:,Wednesday,20.62,Grade Celsius,
13,23.37,W/m^2,6:23:34,28/6/17,Day of week:,Wednesday,20.62,Grade Celsius,
12,23.37,W/m^2,6:23:37,28/6/17,Day of week:,Wednesday,20.62,Grade Celsius,
11,23.37,W/m^2,6:23:40,28/6/17,Day of week:,Wednesday,20.62,Grade Celsius,
11,18.99,W/m^2,6:23:43,28/6/17,Day of week:,Wednesday,20.62,Grade Celsius,
12,17.53,W/m^2,6:23:46,28/6/17,Day of week:,Wednesday,20.62,Grade Celsius,
11,23.37,W/m^2,6:23:49,28/6/17,Day of week:,Wednesday,20.62,Grade Celsius,
13,17.53,W/m^2,6:23:53,28/6/17,Day of week:,Wednesday,20.62,Grade Celsius,
12,17.53,W/m^2,6:23:56,28/6/17,Day of week:,Wednesday,20.62,Grade Celsius,
9,17.53,W/m^2,6:23:59,28/6/17,Day of week:,Wednesday,20.62,Grade Celsius,
11,23.37,W/m^2,6:24:02,28/6/17,Day of week:,Wednesday,20.69,Grade Celsius,
12,23.37,W/m^2,6:24:05,28/6/17,Day of week:,Wednesday,20.62,Grade Celsius,
10,18.99,W/m^2,6:24:08,28/6/17,Day of week:,Wednesday,20.69,Grade Celsius,
11,16.07,W/m^2,6:24:11,28/6/17,Day of week:,Wednesday,20.69,Grade Celsius,
11,23.37,W/m^2,6:24:14,28/6/17,Day of week:,Wednesday,20.69,Grade Celsius,
12,23.37,W/m^2,6:24:17,28/6/17,Day of week:,Wednesday,20.69,Grade Celsius,
11,21.91,W/m^2,6:24:20,28/6/17,Day of week:,Wednesday,20.69,Grade Celsius,
14,23.37,W/m^2,6:24:23,28/6/17,Day of week:,Wednesday,20.75,Grade Celsius,
14,23.37,W/m^2,6:24:26,28/6/17,Day of week:,Wednesday,20.75,Grade Celsius,
12,23.37,W/m^2,6:24:29,28/6/17,Day of week:,Wednesday,20.75,Grade Celsius,
14,23.37,W/m^2,6:24:32,28/6/17,Day of week:,Wednesday,20.75,Grade Celsius,
14,23.37,W/m^2,6:24:35,28/6/17,Day of week:,Wednesday,20.75,Grade Celsius,
12,17.53,W/m^2,6:24:38,28/6/17,Day of week:,Wednesday,20.69,Grade Celsius,
12,23.37,W/m^2,6:24:42,28/6/17,Day of week:,Wednesday,20.69,Grade Celsius,
10,23.37,W/m^2,6:24:45,28/6/17,Day of week:,Wednesday,20.69,Grade Celsius,
12,18.99,W/m^2,6:24:48,28/6/17,Day of week:,Wednesday,20.69,Grade Celsius,
14,23.37,W/m^2,6:24:51,28/6/17,Day of week:,Wednesday,20.69,Grade Celsius,
13,20.45,W/m^2,6:24:54,28/6/17,Day of week:,Wednesday,20.75,Grade Celsius,
11,23.37,W/m^2,6:24:57,28/6/17,Day of week:,Wednesday,20.75,Grade Celsius,
10,23.37,W/m^2,6:25:00,28/6/17,Day of week:,Wednesday,20.69,Grade Celsius,
11,23.37,W/m^2,6:25:03,28/6/17,Day of week:,Wednesday,20.69,Grade Celsius,
11,23.37,W/m^2,6:25:06,28/6/17,Day of week:,Wednesday,20.75,Grade Celsius,
13,23.37,W/m^2,6:25:09,28/6/17,Day of week:,Wednesday,20.75,Grade Celsius,
11,23.37,W/m^2,6:25:12,28/6/17,Day of week:,Wednesday,20.75,Grade Celsius,
13,23.37,W/m^2,6:25:15,28/6/17,Day of week:,Wednesday,20.75,Grade Celsius,
11,23.37,W/m^2,6:25:18,28/6/17,Day of week:,Wednesday,20.75,Grade Celsius,
11,23.37,W/m^2,6:25:21,28/6/17,Day of week:,Wednesday,20.69,Grade Celsius,
13,23.37,W/m^2,6:25:24,28/6/17,Day of week:,Wednesday,20.69,Grade Celsius,
12,23.37,W/m^2,6:25:27,28/6/17,Day of week:,Wednesday,20.69,Grade Celsius,
11,17.53,W/m^2,6:25:30,28/6/17,Day of week:,Wednesday,20.75,Grade Celsius,
11,23.37,W/m^2,6:25:34,28/6/17,Day of week:,Wednesday,20.75,Grade Celsius,
13,17.53,W/m^2,6:25:37,28/6/17,Day of week:,Wednesday,20.75,Grade Celsius,
12,23.37,W/m^2,6:25:40,28/6/17,Day of week:,Wednesday,20.75,Grade Celsius,
12,23.37,W/m^2,6:25:43,28/6/17,Day of week:,Wednesday,20.75,Grade Celsius,
13,23.37,W/m^2,6:25:46,28/6/17,Day of week:,Wednesday,20.69,Grade Celsius,
12,23.37,W/m^2,6:25:49,28/6/17,Day of week:,Wednesday,20.75,Grade Celsius,
12,23.37,W/m^2,6:25:52,28/6/17,Day of week:,Wednesday,20.75,Grade Celsius,
13,23.37,W/m^2,6:25:55,28/6/17,Day of week:,Wednesday,20.75,Grade Celsius,
13,18.99,W/m^2,6:25:58,28/6/17,Day of week:,Wednesday,20.75,Grade Celsius,
15,23.37,W/m^2,6:26:01,28/6/17,Day of week:,Wednesday,20.75,Grade Celsius,
13,23.37,W/m^2,6:26:04,28/6/17,Day of week:,Wednesday,20.75,Grade Celsius,
12,23.37,W/m^2,6:26:07,28/6/17,Day of week:,Wednesday,20.75,Grade Celsius,
11,23.37,W/m^2,6:26:10,28/6/17,Day of week:,Wednesday,20.75,Grade Celsius,
12,20.45,W/m^2,6:26:13,28/6/17,Day of week:,Wednesday,20.69,Grade Celsius,
11,23.37,W/m^2,6:26:16,28/6/17,Day of week:,Wednesday,20.69,Grade Celsius,
11,23.37,W/m^2,6:26:19,28/6/17,Day of week:,Wednesday,20.69,Grade Celsius,
11,23.37,W/m^2,6:26:23,28/6/17,Day of week:,Wednesday,20.69,Grade Celsius,
13,23.37,W/m^2,6:26:26,28/6/17,Day of week:,Wednesday,20.69,Grade Celsius,
13,23.37,W/m^2,6:26:29,28/6/17,Day of week:,Wednesday,20.75,Grade Celsius,
11,23.37,W/m^2,6:26:32,28/6/17,Day of week:,Wednesday,20.69,Grade Celsius,
11,23.37,W/m^2,6:26:35,28/6/17,Day of week:,Wednesday,20.62,Grade Celsius,
12,23.37,W/m^2,6:26:38,28/6/17,Day of week:,Wednesday,20.69,Grade Celsius,
11,23.37,W/m^2,6:26:41,28/6/17,Day of week:,Wednesday,20.62,Grade Celsius,
11,23.37,W/m^2,6:26:44,28/6/17,Day of week:,Wednesday,20.62,Grade Celsius,
11,23.37,W/m^2,6:26:47,28/6/17,Day of week:,Wednesday,20.62,Grade Celsius,
11,23.37,W/m^2,6:26:50,28/6/17,Day of week:,Wednesday,20.62,Grade Celsius,
14,23.37,W/m^2,6:26:53,28/6/17,Day of week:,Wednesday,20.62,Grade Celsius,
13,23.37,W/m^2,6:26:56,28/6/17,Day of week:,Wednesday,20.62,Grade Celsius,
14,23.37,W/m^2,6:26:59,28/6/17,Day of week:,Wednesday,20.69,Grade Celsius,
14,23.37,W/m^2,6:27:02,28/6/17,Day of week:,Wednesday,20.62,Grade Celsius,
13,23.37,W/m^2,6:27:05,28/6/17,Day of week:,Wednesday,20.62,Grade Celsius,
13,23.37,W/m^2,6:27:08,28/6/17,Day of week:,Wednesday,20.62,Grade Celsius,
14,23.37,W/m^2,6:27:12,28/6/17,Day of week:,Wednesday,20.62,Grade Celsius,
14,23.37,W/m^2,6:27:15,28/6/17,Day of week:,Wednesday,20.62,Grade Celsius,
15,23.37,W/m^2,6:27:18,28/6/17,Day of week:,Wednesday,20.69,Grade Celsius,
14,23.37,W/m^2,6:27:21,28/6/17,Day of week:,Wednesday,20.69,Grade Celsius,
13,23.37,W/m^2,6:27:24,28/6/17,Day of week:,Wednesday,20.69,Grade Celsius,
13,23.37,W/m^2,6:27:27,28/6/17,Day of week:,Wednesday,20.69,Grade Celsius,
13,23.37,W/m^2,6:27:30,28/6/17,Day of week:,Wednesday,20.69,Grade Celsius,
14,23.37,W/m^2,6:27:33,28/6/17,Day of week:,Wednesday,20.69,Grade Celsius,
13,17.53,W/m^2,6:27:36,28/6/17,Day of week:,Wednesday,20.69,Grade Celsius,
13,23.37,W/m^2,6:27:39,28/6/17,Day of week:,Wednesday,20.69,Grade Celsius,
13,23.37,W/m^2,6:27:42,28/6/17,Day of week:,Wednesday,20.69,Grade Celsius,
13,23.37,W/m^2,6:27:45,28/6/17,Day of week:,Wednesday,20.69,Grade Celsius,
13,17.53,W/m^2,6:27:48,28/6/17,Day of week:,Wednesday,20.62,Grade Celsius,
13,23.37,W/m^2,6:27:51,28/6/17,Day of week:,Wednesday,20.69,Grade Celsius,
10,23.37,W/m^2,6:27:54,28/6/17,Day of week:,Wednesday,20.62,Grade Celsius,
11,23.37,W/m^2,6:27:58,28/6/17,Day of week:,Wednesday,20.69,Grade Celsius,
14,23.37,W/m^2,6:28:01,28/6/17,Day of week:,Wednesday,20.69,Grade Celsius,
12,23.37,W/m^2,6:28:04,28/6/17,Day of week:,Wednesday,20.69,Grade Celsius,
11,23.37,W/m^2,6:28:07,28/6/17,Day of week:,Wednesday,20.69,Grade Celsius,
15,23.37,W/m^2,6:28:10,28/6/17,Day of week:,Wednesday,20.69,Grade Celsius,
15,23.37,W/m^2,6:28:13,28/6/17,Day of week:,Wednesday,20.69,Grade Celsius,
13,20.45,W/m^2,6:28:16,28/6/17,Day of week:,Wednesday,20.69,Grade Celsius,
11,23.37,W/m^2,6:28:19,28/6/17,Day of week:,Wednesday,20.69,Grade Celsius,
13,26.29,W/m^2,6:28:22,28/6/17,Day of week:,Wednesday,20.69,Grade Celsius,
15,23.37,W/m^2,6:28:25,28/6/17,Day of week:,Wednesday,20.62,Grade Celsius,
15,29.21,W/m^2,6:28:28,28/6/17,Day of week:,Wednesday,20.62,Grade Celsius,
15,23.37,W/m^2,6:28:31,28/6/17,Day of week:,Wednesday,20.62,Grade Celsius,
15,24.83,W/m^2,6:28:34,28/6/17,Day of week:,Wednesday,20.69,Grade Celsius,
14,23.37,W/m^2,6:28:37,28/6/17,Day of week:,Wednesday,20.69,Grade Celsius,
15,24.83,W/m^2,6:28:40,28/6/17,Day of week:,Wednesday,20.69,Grade Celsius,
15,26.29,W/m^2,6:28:43,28/6/17,Day of week:,Wednesday,20.69,Grade Celsius,
16,20.45,W/m^2,6:28:47,28/6/17,Day of week:,Wednesday,20.69,Grade Celsius,
16,24.83,W/m^2,6:28:50,28/6/17,Day of week:,Wednesday,20.69,Grade Celsius,
13,26.29,W/m^2,6:28:53,28/6/17,Day of week:,Wednesday,20.69,Grade Celsius,
15,24.83,W/m^2,6:28:56,28/6/17,Day of week:,Wednesday,20.69,Grade Celsius,
14,23.37,W/m^2,6:28:59,28/6/17,Day of week:,Wednesday,20.69,Grade Celsius,
14,23.37,W/m^2,6:29:02,28/6/17,Day of week:,Wednesday,20.75,Grade Celsius,
14,26.29,W/m^2,6:29:05,28/6/17,Day of week:,Wednesday,20.75,Grade Celsius,
15,23.37,W/m^2,6:29:08,28/6/17,Day of week:,Wednesday,20.75,Grade Celsius,
12,23.37,W/m^2,6:29:11,28/6/17,Day of week:,Wednesday,20.75,Grade Celsius,
16,23.37,W/m^2,6:29:14,28/6/17,Day of week:,Wednesday,20.75,Grade Celsius,
14,23.37,W/m^2,6:29:17,28/6/17,Day of week:,Wednesday,20.75,Grade Celsius,
11,23.37,W/m^2,6:29:20,28/6/17,Day of week:,Wednesday,20.75,Grade Celsius,
14,24.83,W/m^2,6:29:23,28/6/17,Day of week:,Wednesday,20.75,Grade Celsius,
12,23.37,W/m^2,6:29:26,28/6/17,Day of week:,Wednesday,20.75,Grade Celsius,
17,24.83,W/m^2,6:29:30,28/6/17,Day of week:,Wednesday,20.75,Grade Celsius,
14,24.83,W/m^2,6:29:33,28/6/17,Day of week:,Wednesday,20.75,Grade Celsius,
16,24.83,W/m^2,6:29:36,28/6/17,Day of week:,Wednesday,20.75,Grade Celsius,
16,24.83,W/m^2,6:29:39,28/6/17,Day of week:,Wednesday,20.75,Grade Celsius,
17,26.29,W/m^2,6:29:42,28/6/17,Day of week:,Wednesday,20.75,Grade Celsius,
16,23.37,W/m^2,6:29:45,28/6/17,Day of week:,Wednesday,20.75,Grade Celsius,
15,26.29,W/m^2,6:29:48,28/6/17,Day of week:,Wednesday,20.75,Grade Celsius,
15,23.37,W/m^2,6:29:51,28/6/17,Day of week:,Wednesday,20.75,Grade Celsius,
13,23.37,W/m^2,6:29:54,28/6/17,Day of week:,Wednesday,20.75,Grade Celsius,
12,23.37,W/m^2,6:29:57,28/6/17,Day of week:,Wednesday,20.69,Grade Celsius,
16,24.83,W/m^2,6:30:00,28/6/17,Day of week:,Wednesday,20.75,Grade Celsius,
17,23.37,W/m^2,6:30:03,28/6/17,Day of week:,Wednesday,20.69,Grade Celsius,
16,23.37,W/m^2,6:30:06,28/6/17,Day of week:,Wednesday,20.69,Grade Celsius,
15,23.37,W/m^2,6:30:09,28/6/17,Day of week:,Wednesday,20.69,Grade Celsius,
14,23.37,W/m^2,6:30:12,28/6/17,Day of week:,Wednesday,20.69,Grade Celsius,
15,23.37,W/m^2,6:30:15,28/6/17,Day of week:,Wednesday,20.62,Grade Celsius,
15,23.37,W/m^2,6:30:19,28/6/17,Day of week:,Wednesday,20.69,Grade Celsius,
13,23.37,W/m^2,6:30:22,28/6/17,Day of week:,Wednesday,20.69,Grade Celsius,
15,26.29,W/m^2,6:30:25,28/6/17,Day of week:,Wednesday,20.69,Grade Celsius,
13,26.29,W/m^2,6:30:28,28/6/17,Day of week:,Wednesday,20.69,Grade Celsius,
15,23.37,W/m^2,6:30:31,28/6/17,Day of week:,Wednesday,20.69,Grade Celsius,
15,29.21,W/m^2,6:30:34,28/6/17,Day of week:,Wednesday,20.69,Grade Celsius,
17,29.21,W/m^2,6:30:37,28/6/17,Day of week:,Wednesday,20.69,Grade Celsius,
17,26.29,W/m^2,6:30:40,28/6/17,Day of week:,Wednesday,20.69,Grade Celsius,
17,24.83,W/m^2,6:30:43,28/6/17,Day of week:,Wednesday,20.69,Grade Celsius,
15,29.21,W/m^2,6:30:46,28/6/17,Day of week:,Wednesday,20.69,Grade Celsius,
19,23.37,W/m^2,6:30:49,28/6/17,Day of week:,Wednesday,20.69,Grade Celsius,
18,23.37,W/m^2,6:30:52,28/6/17,Day of week:,Wednesday,20.75,Grade Celsius,
17,26.29,W/m^2,6:30:55,28/6/17,Day of week:,Wednesday,20.75,Grade Celsius,
16,26.29,W/m^2,6:30:58,28/6/17,Day of week:,Wednesday,20.75,Grade Celsius,
17,26.29,W/m^2,6:31:01,28/6/17,Day of week:,Wednesday,20.75,Grade Celsius,
18,26.29,W/m^2,6:31:04,28/6/17,Day of week:,Wednesday,20.75,Grade Celsius,
15,23.37,W/m^2,6:31:08,28/6/17,Day of week:,Wednesday,20.75,Grade Celsius,
17,29.21,W/m^2,6:31:11,28/6/17,Day of week:,Wednesday,20.75,Grade Celsius,
17,23.37,W/m^2,6:31:14,28/6/17,Day of week:,Wednesday,20.75,Grade Celsius,
17,23.37,W/m^2,6:31:17,28/6/17,Day of week:,Wednesday,20.75,Grade Celsius,
17,23.37,W/m^2,6:31:20,28/6/17,Day of week:,Wednesday,20.75,Grade Celsius,
17,29.21,W/m^2,6:31:23,28/6/17,Day of week:,Wednesday,20.75,Grade Celsius,
16,29.21,W/m^2,6:31:26,28/6/17,Day of week:,Wednesday,20.75,Grade Celsius,
17,29.21,W/m^2,6:31:29,28/6/17,Day of week:,Wednesday,20.75,Grade Celsius,
18,23.37,W/m^2,6:31:32,28/6/17,Day of week:,Wednesday,20.75,Grade Celsius,
15,24.83,W/m^2,6:31:35,28/6/17,Day of week:,Wednesday,20.75,Grade Celsius,
16,26.29,W/m^2,6:31:38,28/6/17,Day of week:,Wednesday,20.75,Grade Celsius,
19,23.37,W/m^2,6:31:41,28/6/17,Day of week:,Wednesday,20.69,Grade Celsius,
16,24.83,W/m^2,6:31:44,28/6/17,Day of week:,Wednesday,20.69,Grade Celsius,
15,24.83,W/m^2,6:31:47,28/6/17,Day of week:,Wednesday,20.75,Grade Celsius,
16,29.21,W/m^2,6:31:50,28/6/17,Day of week:,Wednesday,20.75,Grade Celsius,
18,24.83,W/m^2,6:31:53,28/6/17,Day of week:,Wednesday,20.75,Grade Celsius,
15,23.37,W/m^2,6:31:57,28/6/17,Day of week:,Wednesday,20.75,Grade Celsius,
19,29.21,W/m^2,6:32:00,28/6/17,Day of week:,Wednesday,20.75,Grade Celsius,
16,29.21,W/m^2,6:32:03,28/6/17,Day of week:,Wednesday,20.75,Grade Celsius,
19,24.83,W/m^2,6:32:06,28/6/17,Day of week:,Wednesday,20.75,Grade Celsius,
17,26.29,W/m^2,6:32:09,28/6/17,Day of week:,Wednesday,20.75,Grade Celsius,
17,29.21,W/m^2,6:32:12,28/6/17,Day of week:,Wednesday,20.75,Grade Celsius,
16,23.37,W/m^2,6:32:15,28/6/17,Day of week:,Wednesday,20.75,Grade Celsius,
16,29.21,W/m^2,6:32:18,28/6/17,Day of week:,Wednesday,20.75,Grade Celsius,
15,29.21,W/m^2,6:32:21,28/6/17,Day of week:,Wednesday,20.75,Grade Celsius,
19,26.29,W/m^2,6:32:24,28/6/17,Day of week:,Wednesday,20.75,Grade Celsius,
18,23.37,W/m^2,6:32:27,28/6/17,Day of week:,Wednesday,20.69,Grade Celsius,
19,23.37,W/m^2,6:32:30,28/6/17,Day of week:,Wednesday,20.69,Grade Celsius,
14,24.83,W/m^2,6:32:33,28/6/17,Day of week:,Wednesday,20.69,Grade Celsius,
14,26.29,W/m^2,6:32:36,28/6/17,Day of week:,Wednesday,20.75,Grade Celsius,
16,23.37,W/m^2,6:32:39,28/6/17,Day of week:,Wednesday,20.75,Grade Celsius,
16,26.29,W/m^2,6:32:42,28/6/17,Day of week:,Wednesday,20.75,Grade Celsius,
18,26.29,W/m^2,6:32:46,28/6/17,Day of week:,Wednesday,20.75,Grade Celsius,
17,26.29,W/m^2,6:32:49,28/6/17,Day of week:,Wednesday,20.75,Grade Celsius,
17,23.37,W/m^2,6:32:52,28/6/17,Day of week:,Wednesday,20.81,Grade Celsius,
17,23.37,W/m^2,6:32:55,28/6/17,Day of week:,Wednesday,20.81,Grade Celsius,
19,29.21,W/m^2,6:32:58,28/6/17,Day of week:,Wednesday,20.81,Grade Celsius,
19,26.29,W/m^2,6:33:01,28/6/17,Day of week:,Wednesday,20.81,Grade Celsius,
17,26.29,W/m^2,6:33:04,28/6/17,Day of week:,Wednesday,20.81,Grade Celsius,
15,29.21,W/m^2,6:33:07,28/6/17,Day of week:,Wednesday,20.81,Grade Celsius,
17,29.21,W/m^2,6:33:10,28/6/17,Day of week:,Wednesday,20.81,Grade Celsius,
17,29.21,W/m^2,6:33:13,28/6/17,Day of week:,Wednesday,20.81,Grade Celsius,
17,29.21,W/m^2,6:33:16,28/6/17,Day of week:,Wednesday,20.81,Grade Celsius,
17,26.29,W/m^2,6:33:19,28/6/17,Day of week:,Wednesday,20.81,Grade Celsius,
20,29.21,W/m^2,6:33:22,28/6/17,Day of week:,Wednesday,20.81,Grade Celsius,
18,32.13,W/m^2,6:33:25,28/6/17,Day of week:,Wednesday,20.81,Grade Celsius,
19,30.67,W/m^2,6:33:28,28/6/17,Day of week:,Wednesday,20.75,Grade Celsius,
19,29.21,W/m^2,6:33:31,28/6/17,Day of week:,Wednesday,20.81,Grade Celsius,
18,29.21,W/m^2,6:33:35,28/6/17,Day of week:,Wednesday,20.75,Grade Celsius,
17,32.13,W/m^2,6:33:38,28/6/17,Day of week:,Wednesday,20.75,Grade Celsius,
18,23.37,W/m^2,6:33:41,28/6/17,Day of week:,Wednesday,20.75,Grade Celsius,
19,29.21,W/m^2,6:33:44,28/6/17,Day of week:,Wednesday,20.75,Grade Celsius,
20,24.83,W/m^2,6:33:47,28/6/17,Day of week:,Wednesday,20.75,Grade Celsius,
16,29.21,W/m^2,6:33:50,28/6/17,Day of week:,Wednesday,20.75,Grade Celsius,
17,35.06,W/m^2,6:33:53,28/6/17,Day of week:,Wednesday,20.69,Grade Celsius,
17,26.29,W/m^2,6:33:56,28/6/17,Day of week:,Wednesday,20.69,Grade Celsius,
17,26.29,W/m^2,6:33:59,28/6/17,Day of week:,Wednesday,20.69,Grade Celsius,
17,24.83,W/m^2,6:34:02,28/6/17,Day of week:,Wednesday,20.69,Grade Celsius,
19,32.13,W/m^2,6:34:05,28/6/17,Day of week:,Wednesday,20.75,Grade Celsius,
18,29.21,W/m^2,6:34:08,28/6/17,Day of week:,Wednesday,20.69,Grade Celsius,
15,30.67,W/m^2,6:34:11,28/6/17,Day of week:,Wednesday,20.75,Grade Celsius,
17,29.21,W/m^2,6:34:14,28/6/17,Day of week:,Wednesday,20.75,Grade Celsius,
15,29.21,W/m^2,6:34:17,28/6/17,Day of week:,Wednesday,20.75,Grade Celsius,
18,30.67,W/m^2,6:34:20,28/6/17,Day of week:,Wednesday,20.75,Grade Celsius,
20,26.29,W/m^2,6:34:24,28/6/17,Day of week:,Wednesday,20.75,Grade Celsius,
21,26.29,W/m^2,6:34:27,28/6/17,Day of week:,Wednesday,20.75,Grade Celsius,
22,29.21,W/m^2,6:34:30,28/6/17,Day of week:,Wednesday,20.75,Grade Celsius,
19,35.06,W/m^2,6:34:33,28/6/17,Day of week:,Wednesday,20.75,Grade Celsius,
20,29.21,W/m^2,6:34:36,28/6/17,Day of week:,Wednesday,20.75,Grade Celsius,
16,29.21,W/m^2,6:34:39,28/6/17,Day of week:,Wednesday,20.75,Grade Celsius,
17,26.29,W/m^2,6:34:42,28/6/17,Day of week:,Wednesday,20.75,Grade Celsius,
16,29.21,W/m^2,6:34:45,28/6/17,Day of week:,Wednesday,20.75,Grade Celsius,
19,29.21,W/m^2,6:34:48,28/6/17,Day of week:,Wednesday,20.75,Grade Celsius,
18,29.21,W/m^2,6:34:51,28/6/17,Day of week:,Wednesday,20.75,Grade Celsius,
19,35.06,W/m^2,6:34:54,28/6/17,Day of week:,Wednesday,20.75,Grade Celsius,
16,30.67,W/m^2,6:34:57,28/6/17,Day of week:,Wednesday,20.69,Grade Celsius,
19,29.21,W/m^2,6:35:00,28/6/17,Day of week:,Wednesday,20.69,Grade Celsius,
17,35.06,W/m^2,6:35:03,28/6/17,Day of week:,Wednesday,20.69,Grade Celsius,
20,29.21,W/m^2,6:35:06,28/6/17,Day of week:,Wednesday,20.69,Grade Celsius,
23,26.29,W/m^2,6:35:10,28/6/17,Day of week:,Wednesday,20.62,Grade Celsius,
18,27.75,W/m^2,6:35:13,28/6/17,Day of week:,Wednesday,20.62,Grade Celsius,
17,35.06,W/m^2,6:35:16,28/6/17,Day of week:,Wednesday,20.62,Grade Celsius,
16,35.06,W/m^2,6:35:19,28/6/17,Day of week:,Wednesday,20.56,Grade Celsius,
22,29.21,W/m^2,6:35:22,28/6/17,Day of week:,Wednesday,20.62,Grade Celsius,
19,23.37,W/m^2,6:35:25,28/6/17,Day of week:,Wednesday,20.62,Grade Celsius,
19,30.67,W/m^2,6:35:28,28/6/17,Day of week:,Wednesday,20.62,Grade Celsius,
17,24.83,W/m^2,6:35:31,28/6/17,Day of week:,Wednesday,20.62,Grade Celsius,
21,29.21,W/m^2,6:35:34,28/6/17,Day of week:,Wednesday,20.69,Grade Celsius,
18,29.21,W/m^2,6:35:37,28/6/17,Day of week:,Wednesday,20.62,Grade Celsius,
19,30.67,W/m^2,6:35:40,28/6/17,Day of week:,Wednesday,20.69,Grade Celsius,
18,30.67,W/m^2,6:35:43,28/6/17,Day of week:,Wednesday,20.69,Grade Celsius,
19,23.37,W/m^2,6:35:46,28/6/17,Day of week:,Wednesday,20.62,Grade Celsius,
19,29.21,W/m^2,6:35:49,28/6/17,Day of week:,Wednesday,20.62,Grade Celsius,
18,23.37,W/m^2,6:35:52,28/6/17,Day of week:,Wednesday,20.62,Grade Celsius,
18,24.83,W/m^2,6:35:55,28/6/17,Day of week:,Wednesday,20.62,Grade Celsius,
19,24.83,W/m^2,6:35:58,28/6/17,Day of week:,Wednesday,20.62,Grade Celsius,
21,26.29,W/m^2,6:36:02,28/6/17,Day of week:,Wednesday,20.69,Grade Celsius,
19,35.06,W/m^2,6:36:05,28/6/17,Day of week:,Wednesday,20.69,Grade Celsius,
21,32.13,W/m^2,6:36:08,28/6/17,Day of week:,Wednesday,20.69,Grade Celsius,
19,35.06,W/m^2,6:36:11,28/6/17,Day of week:,Wednesday,20.69,Grade Celsius,
20,35.06,W/m^2,6:36:14,28/6/17,Day of week:,Wednesday,20.69,Grade Celsius,
22,35.06,W/m^2,6:36:17,28/6/17,Day of week:,Wednesday,20.69,Grade Celsius,
17,35.06,W/m^2,6:36:20,28/6/17,Day of week:,Wednesday,20.69,Grade Celsius,
21,29.21,W/m^2,6:36:23,28/6/17,Day of week:,Wednesday,20.69,Grade Celsius,
21,29.21,W/m^2,6:36:26,28/6/17,Day of week:,Wednesday,20.69,Grade Celsius,
23,29.21,W/m^2,6:36:29,28/6/17,Day of week:,Wednesday,20.69,Grade Celsius,
19,30.67,W/m^2,6:36:32,28/6/17,Day of week:,Wednesday,20.69,Grade Celsius,
22,35.06,W/m^2,6:36:35,28/6/17,Day of week:,Wednesday,20.69,Grade Celsius,
19,36.52,W/m^2,6:36:38,28/6/17,Day of week:,Wednesday,20.69,Grade Celsius,
18,26.29,W/m^2,6:36:41,28/6/17,Day of week:,Wednesday,20.69,Grade Celsius,
19,29.21,W/m^2,6:36:44,28/6/17,Day of week:,Wednesday,20.69,Grade Celsius,
17,29.21,W/m^2,6:36:47,28/6/17,Day of week:,Wednesday,20.69,Grade Celsius,
21,35.06,W/m^2,6:36:51,28/6/17,Day of week:,Wednesday,20.69,Grade Celsius,
20,35.06,W/m^2,6:36:54,28/6/17,Day of week:,Wednesday,20.69,Grade Celsius,
24,30.67,W/m^2,6:36:57,28/6/17,Day of week:,Wednesday,20.69,Grade Celsius,
19,36.52,W/m^2,6:37:00,28/6/17,Day of week:,Wednesday,20.69,Grade Celsius,
21,29.21,W/m^2,6:37:03,28/6/17,Day of week:,Wednesday,20.69,Grade Celsius,
22,29.21,W/m^2,6:37:06,28/6/17,Day of week:,Wednesday,20.69,Grade Celsius,
17,35.06,W/m^2,6:37:09,28/6/17,Day of week:,Wednesday,20.69,Grade Celsius,
21,29.21,W/m^2,6:37:12,28/6/17,Day of week:,Wednesday,20.62,Grade Celsius,
25,35.06,W/m^2,6:37:15,28/6/17,Day of week:,Wednesday,20.69,Grade Celsius,
21,30.67,W/m^2,6:37:18,28/6/17,Day of week:,Wednesday,20.69,Grade Celsius,
20,35.06,W/m^2,6:37:21,28/6/17,Day of week:,Wednesday,20.69,Grade Celsius,
20,35.06,W/m^2,6:37:24,28/6/17,Day of week:,Wednesday,20.69,Grade Celsius,
15,29.21,W/m^2,6:37:27,28/6/17,Day of week:,Wednesday,20.69,Grade Celsius,
18,35.06,W/m^2,6:37:30,28/6/17,Day of week:,Wednesday,20.69,Grade Celsius,
18,35.06,W/m^2,6:37:33,28/6/17,Day of week:,Wednesday,20.69,Grade Celsius,
21,35.06,W/m^2,6:37:36,28/6/17,Day of week:,Wednesday,20.69,Grade Celsius,
18,35.06,W/m^2,6:37:40,28/6/17,Day of week:,Wednesday,20.69,Grade Celsius,
21,29.21,W/m^2,6:37:43,28/6/17,Day of week:,Wednesday,20.69,Grade Celsius,
23,29.21,W/m^2,6:37:46,28/6/17,Day of week:,Wednesday,20.69,Grade Celsius,
23,35.06,W/m^2,6:37:49,28/6/17,Day of week:,Wednesday,20.69,Grade Celsius,
22,35.06,W/m^2,6:37:52,28/6/17,Day of week:,Wednesday,20.69,Grade Celsius,
24,35.06,W/m^2,6:37:55,28/6/17,Day of week:,Wednesday,20.62,Grade Celsius,
23,35.06,W/m^2,6:37:58,28/6/17,Day of week:,Wednesday,20.69,Grade Celsius,
22,36.52,W/m^2,6:38:01,28/6/17,Day of week:,Wednesday,20.69,Grade Celsius,
19,29.21,W/m^2,6:38:04,28/6/17,Day of week:,Wednesday,20.69,Grade Celsius,
19,35.06,W/m^2,6:38:07,28/6/17,Day of week:,Wednesday,20.69,Grade Celsius,
21,29.21,W/m^2,6:38:10,28/6/17,Day of week:,Wednesday,20.62,Grade Celsius,
24,35.06,W/m^2,6:38:13,28/6/17,Day of week:,Wednesday,20.69,Grade Celsius,
21,35.06,W/m^2,6:38:16,28/6/17,Day of week:,Wednesday,20.69,Grade Celsius,
21,35.06,W/m^2,6:38:19,28/6/17,Day of week:,Wednesday,20.69,Grade Celsius,
17,35.06,W/m^2,6:38:22,28/6/17,Day of week:,Wednesday,20.62,Grade Celsius,
24,37.98,W/m^2,6:38:25,28/6/17,Day of week:,Wednesday,20.62,Grade Celsius,
25,40.90,W/m^2,6:38:29,28/6/17,Day of week:,Wednesday,20.62,Grade Celsius,
23,35.06,W/m^2,6:38:32,28/6/17,Day of week:,Wednesday,20.62,Grade Celsius,
26,35.06,W/m^2,6:38:35,28/6/17,Day of week:,Wednesday,20.62,Grade Celsius,
23,29.21,W/m^2,6:38:38,28/6/17,Day of week:,Wednesday,20.62,Grade Celsius,
20,29.21,W/m^2,6:38:41,28/6/17,Day of week:,Wednesday,20.62,Grade Celsius,
22,35.06,W/m^2,6:38:44,28/6/17,Day of week:,Wednesday,20.69,Grade Celsius,
21,30.67,W/m^2,6:38:47,28/6/17,Day of week:,Wednesday,20.62,Grade Celsius,
17,35.06,W/m^2,6:38:50,28/6/17,Day of week:,Wednesday,20.69,Grade Celsius,
21,36.52,W/m^2,6:38:53,28/6/17,Day of week:,Wednesday,20.69,Grade Celsius,
18,30.67,W/m^2,6:38:56,28/6/17,Day of week:,Wednesday,20.69,Grade Celsius,
21,35.06,W/m^2,6:38:59,28/6/17,Day of week:,Wednesday,20.69,Grade Celsius,
24,35.06,W/m^2,6:39:02,28/6/17,Day of week:,Wednesday,20.69,Grade Celsius,
23,37.98,W/m^2,6:39:05,28/6/17,Day of week:,Wednesday,20.69,Grade Celsius,
19,35.06,W/m^2,6:39:08,28/6/17,Day of week:,Wednesday,20.69,Grade Celsius,
19,36.52,W/m^2,6:39:11,28/6/17,Day of week:,Wednesday,20.69,Grade Celsius,
21,35.06,W/m^2,6:39:14,28/6/17,Day of week:,Wednesday,20.69,Grade Celsius,
18,35.06,W/m^2,6:39:18,28/6/17,Day of week:,Wednesday,20.69,Grade Celsius,
18,40.90,W/m^2,6:39:21,28/6/17,Day of week:,Wednesday,20.69,Grade Celsius,
23,36.52,W/m^2,6:39:24,28/6/17,Day of week:,Wednesday,20.69,Grade Celsius,
24,35.06,W/m^2,6:39:27,28/6/17,Day of week:,Wednesday,20.69,Grade Celsius,
27,29.21,W/m^2,6:39:30,28/6/17,Day of week:,Wednesday,20.69,Grade Celsius,
25,40.90,W/m^2,6:39:33,28/6/17,Day of week:,Wednesday,20.69,Grade Celsius,
23,36.52,W/m^2,6:39:36,28/6/17,Day of week:,Wednesday,20.69,Grade Celsius,
19,35.06,W/m^2,6:39:39,28/6/17,Day of week:,Wednesday,20.69,Grade Celsius,
25,29.21,W/m^2,6:39:42,28/6/17,Day of week:,Wednesday,20.75,Grade Celsius,
17,35.06,W/m^2,6:39:45,28/6/17,Day of week:,Wednesday,20.69,Grade Celsius,
24,29.21,W/m^2,6:39:48,28/6/17,Day of week:,Wednesday,20.69,Grade Celsius,
17,37.98,W/m^2,6:39:51,28/6/17,Day of week:,Wednesday,20.69,Grade Celsius,
19,35.06,W/m^2,6:39:54,28/6/17,Day of week:,Wednesday,20.69,Grade Celsius,
24,35.06,W/m^2,6:39:57,28/6/17,Day of week:,Wednesday,20.69,Grade Celsius,
23,35.06,W/m^2,6:40:00,28/6/17,Day of week:,Wednesday,20.69,Grade Celsius,
23,26.29,W/m^2,6:40:03,28/6/17,Day of week:,Wednesday,20.69,Grade Celsius,
18,35.06,W/m^2,6:40:07,28/6/17,Day of week:,Wednesday,20.69,Grade Celsius,
21,35.06,W/m^2,6:40:10,28/6/17,Day of week:,Wednesday,20.69,Grade Celsius,
23,35.06,W/m^2,6:40:13,28/6/17,Day of week:,Wednesday,20.69,Grade Celsius,
26,46.74,W/m^2,6:40:16,28/6/17,Day of week:,Wednesday,20.69,Grade Celsius,
22,35.06,W/m^2,6:40:19,28/6/17,Day of week:,Wednesday,20.69,Grade Celsius,
20,30.67,W/m^2,6:40:22,28/6/17,Day of week:,Wednesday,20.69,Grade Celsius,
23,36.52,W/m^2,6:40:25,28/6/17,Day of week:,Wednesday,20.69,Grade Celsius,
22,35.06,W/m^2,6:40:28,28/6/17,Day of week:,Wednesday,20.75,Grade Celsius,
19,40.90,W/m^2,6:40:31,28/6/17,Day of week:,Wednesday,20.75,Grade Celsius,
23,40.90,W/m^2,6:40:34,28/6/17,Day of week:,Wednesday,20.75,Grade Celsius,
19,46.74,W/m^2,6:40:37,28/6/17,Day of week:,Wednesday,20.75,Grade Celsius,
19,35.06,W/m^2,6:40:40,28/6/17,Day of week:,Wednesday,20.75,Grade Celsius,
25,35.06,W/m^2,6:40:43,28/6/17,Day of week:,Wednesday,20.75,Grade Celsius,
21,36.52,W/m^2,6:40:47,28/6/17,Day of week:,Wednesday,20.75,Grade Celsius,
21,30.67,W/m^2,6:40:50,28/6/17,Day of week:,Wednesday,20.75,Grade Celsius,
24,39.44,W/m^2,6:40:53,28/6/17,Day of week:,Wednesday,20.75,Grade Celsius,
24,35.06,W/m^2,6:40:56,28/6/17,Day of week:,Wednesday,20.75,Grade Celsius,
20,36.52,W/m^2,6:40:59,28/6/17,Day of week:,Wednesday,20.75,Grade Celsius,
20,30.67,W/m^2,6:41:02,28/6/17,Day of week:,Wednesday,20.81,Grade Celsius,
21,35.06,W/m^2,6:41:05,28/6/17,Day of week:,Wednesday,20.81,Grade Celsius,
25,35.06,W/m^2,6:41:08,28/6/17,Day of week:,Wednesday,20.81,Grade Celsius,
20,35.06,W/m^2,6:41:11,28/6/17,Day of week:,Wednesday,20.81,Grade Celsius,
24,35.06,W/m^2,6:41:14,28/6/17,Day of week:,Wednesday,20.81,Grade Celsius,
19,35.06,W/m^2,6:41:17,28/6/17,Day of week:,Wednesday,20.81,Grade Celsius,
27,35.06,W/m^2,6:41:20,28/6/17,Day of week:,Wednesday,20.81,Grade Celsius,
20,35.06,W/m^2,6:41:23,28/6/17,Day of week:,Wednesday,20.81,Grade Celsius,
23,29.21,W/m^2,6:41:26,28/6/17,Day of week:,Wednesday,20.81,Grade Celsius,
23,35.06,W/m^2,6:41:29,28/6/17,Day of week:,Wednesday,20.81,Grade Celsius,
26,37.98,W/m^2,6:41:32,28/6/17,Day of week:,Wednesday,20.81,Grade Celsius,
23,29.21,W/m^2,6:41:35,28/6/17,Day of week:,Wednesday,20.75,Grade Celsius,
21,37.98,W/m^2,6:41:39,28/6/17,Day of week:,Wednesday,20.75,Grade Celsius,
19,40.90,W/m^2,6:41:42,28/6/17,Day of week:,Wednesday,20.75,Grade Celsius,
24,46.74,W/m^2,6:41:45,28/6/17,Day of week:,Wednesday,20.75,Grade Celsius,
24,35.06,W/m^2,6:41:48,28/6/17,Day of week:,Wednesday,20.69,Grade Celsius,
25,35.06,W/m^2,6:41:51,28/6/17,Day of week:,Wednesday,20.75,Grade Celsius,
24,46.74,W/m^2,6:41:54,28/6/17,Day of week:,Wednesday,20.69,Grade Celsius,
24,36.52,W/m^2,6:41:57,28/6/17,Day of week:,Wednesday,20.69,Grade Celsius,
23,36.52,W/m^2,6:42:00,28/6/17,Day of week:,Wednesday,20.69,Grade Celsius,
25,37.98,W/m^2,6:42:03,28/6/17,Day of week:,Wednesday,20.69,Grade Celsius,
19,35.06,W/m^2,6:42:06,28/6/17,Day of week:,Wednesday,20.69,Grade Celsius,
19,35.06,W/m^2,6:42:09,28/6/17,Day of week:,Wednesday,20.69,Grade Celsius,
23,40.90,W/m^2,6:42:12,28/6/17,Day of week:,Wednesday,20.69,Grade Celsius,
26,35.06,W/m^2,6:42:15,28/6/17,Day of week:,Wednesday,20.69,Grade Celsius,
28,30.67,W/m^2,6:42:18,28/6/17,Day of week:,Wednesday,20.69,Grade Celsius,
20,29.21,W/m^2,6:42:21,28/6/17,Day of week:,Wednesday,20.69,Grade Celsius,
28,40.90,W/m^2,6:42:24,28/6/17,Day of week:,Wednesday,20.69,Grade Celsius,
21,35.06,W/m^2,6:42:28,28/6/17,Day of week:,Wednesday,20.69,Grade Celsius,
25,35.06,W/m^2,6:42:31,28/6/17,Day of week:,Wednesday,20.69,Grade Celsius,
30,40.90,W/m^2,6:42:34,28/6/17,Day of week:,Wednesday,20.69,Grade Celsius,
24,35.06,W/m^2,6:42:37,28/6/17,Day of week:,Wednesday,20.69,Grade Celsius,
25,46.74,W/m^2,6:42:40,28/6/17,Day of week:,Wednesday,20.69,Grade Celsius,
24,40.90,W/m^2,6:42:43,28/6/17,Day of week:,Wednesday,20.69,Grade Celsius,
22,40.90,W/m^2,6:42:46,28/6/17,Day of week:,Wednesday,20.69,Grade Celsius,
26,40.90,W/m^2,6:42:49,28/6/17,Day of week:,Wednesday,20.69,Grade Celsius,
26,40.90,W/m^2,6:42:52,28/6/17,Day of week:,Wednesday,20.75,Grade Celsius,
25,46.74,W/m^2,6:42:55,28/6/17,Day of week:,Wednesday,20.75,Grade Celsius,
23,35.06,W/m^2,6:42:58,28/6/17,Day of week:,Wednesday,20.75,Grade Celsius,
23,37.98,W/m^2,6:43:01,28/6/17,Day of week:,Wednesday,20.81,Grade Celsius,
29,40.90,W/m^2,6:43:04,28/6/17,Day of week:,Wednesday,20.81,Grade Celsius,
24,46.74,W/m^2,6:43:07,28/6/17,Day of week:,Wednesday,20.81,Grade Celsius,
29,36.52,W/m^2,6:43:10,28/6/17,Day of week:,Wednesday,20.81,Grade Celsius,
26,37.98,W/m^2,6:43:14,28/6/17,Day of week:,Wednesday,20.81,Grade Celsius,
26,40.90,W/m^2,6:43:17,28/6/17,Day of week:,Wednesday,20.81,Grade Celsius,
21,40.90,W/m^2,6:43:20,28/6/17,Day of week:,Wednesday,20.75,Grade Celsius,
26,40.90,W/m^2,6:43:23,28/6/17,Day of week:,Wednesday,20.75,Grade Celsius,
27,46.74,W/m^2,6:43:26,28/6/17,Day of week:,Wednesday,20.75,Grade Celsius,
27,37.98,W/m^2,6:43:29,28/6/17,Day of week:,Wednesday,20.75,Grade Celsius,
27,35.06,W/m^2,6:43:32,28/6/17,Day of week:,Wednesday,20.75,Grade Celsius,
27,46.74,W/m^2,6:43:35,28/6/17,Day of week:,Wednesday,20.75,Grade Celsius,
26,40.90,W/m^2,6:43:38,28/6/17,Day of week:,Wednesday,20.75,Grade Celsius,
27,40.90,W/m^2,6:43:41,28/6/17,Day of week:,Wednesday,20.75,Grade Celsius,
22,46.74,W/m^2,6:43:44,28/6/17,Day of week:,Wednesday,20.81,Grade Celsius,
26,39.44,W/m^2,6:43:47,28/6/17,Day of week:,Wednesday,20.81,Grade Celsius,
29,30.67,W/m^2,6:43:50,28/6/17,Day of week:,Wednesday,20.81,Grade Celsius,
24,27.75,W/m^2,6:43:53,28/6/17,Day of week:,Wednesday,20.87,Grade Celsius,
25,35.06,W/m^2,6:43:56,28/6/17,Day of week:,Wednesday,20.87,Grade Celsius,
25,46.74,W/m^2,6:43:59,28/6/17,Day of week:,Wednesday,20.87,Grade Celsius,
26,46.74,W/m^2,6:44:03,28/6/17,Day of week:,Wednesday,20.94,Grade Celsius,
26,40.90,W/m^2,6:44:06,28/6/17,Day of week:,Wednesday,20.94,Grade Celsius,
28,37.98,W/m^2,6:44:09,28/6/17,Day of week:,Wednesday,20.94,Grade Celsius,
25,49.66,W/m^2,6:44:12,28/6/17,Day of week:,Wednesday,20.94,Grade Celsius,
27,46.74,W/m^2,6:44:15,28/6/17,Day of week:,Wednesday,21.00,Grade Celsius,
26,40.90,W/m^2,6:44:18,28/6/17,Day of week:,Wednesday,21.00,Grade Celsius,
28,46.74,W/m^2,6:44:21,28/6/17,Day of week:,Wednesday,21.00,Grade Celsius,
25,46.74,W/m^2,6:44:24,28/6/17,Day of week:,Wednesday,21.00,Grade Celsius,
27,46.74,W/m^2,6:44:27,28/6/17,Day of week:,Wednesday,21.00,Grade Celsius,
27,46.74,W/m^2,6:44:30,28/6/17,Day of week:,Wednesday,21.00,Grade Celsius,
25,40.90,W/m^2,6:44:33,28/6/17,Day of week:,Wednesday,21.00,Grade Celsius,
22,46.74,W/m^2,6:44:36,28/6/17,Day of week:,Wednesday,21.00,Grade Celsius,
23,37.98,W/m^2,6:44:39,28/6/17,Day of week:,Wednesday,21.00,Grade Celsius,
31,46.74,W/m^2,6:44:42,28/6/17,Day of week:,Wednesday,21.00,Grade Celsius,
27,40.90,W/m^2,6:44:45,28/6/17,Day of week:,Wednesday,20.94,Grade Celsius,
25,37.98,W/m^2,6:44:48,28/6/17,Day of week:,Wednesday,20.94,Grade Celsius,
26,36.52,W/m^2,6:44:52,28/6/17,Day of week:,Wednesday,20.94,Grade Celsius,
22,46.74,W/m^2,6:44:55,28/6/17,Day of week:,Wednesday,20.94,Grade Celsius,
27,40.90,W/m^2,6:44:58,28/6/17,Day of week:,Wednesday,20.94,Grade Celsius,
28,46.74,W/m^2,6:45:01,28/6/17,Day of week:,Wednesday,20.94,Grade Celsius,
23,46.74,W/m^2,6:45:04,28/6/17,Day of week:,Wednesday,20.87,Grade Celsius,
25,46.74,W/m^2,6:45:07,28/6/17,Day of week:,Wednesday,20.87,Grade Celsius,
22,46.74,W/m^2,6:45:10,28/6/17,Day of week:,Wednesday,20.87,Grade Celsius,
27,46.74,W/m^2,6:45:13,28/6/17,Day of week:,Wednesday,20.87,Grade Celsius,
24,40.90,W/m^2,6:45:16,28/6/17,Day of week:,Wednesday,20.87,Grade Celsius,
27,37.98,W/m^2,6:45:19,28/6/17,Day of week:,Wednesday,20.87,Grade Celsius,
28,35.06,W/m^2,6:45:22,28/6/17,Day of week:,Wednesday,20.87,Grade Celsius,
29,40.90,W/m^2,6:45:25,28/6/17,Day of week:,Wednesday,20.87,Grade Celsius,
23,39.44,W/m^2,6:45:28,28/6/17,Day of week:,Wednesday,20.87,Grade Celsius,
28,36.52,W/m^2,6:45:31,28/6/17,Day of week:,Wednesday,20.87,Grade Celsius,
21,37.98,W/m^2,6:45:34,28/6/17,Day of week:,Wednesday,20.81,Grade Celsius,
25,37.98,W/m^2,6:45:37,28/6/17,Day of week:,Wednesday,20.81,Grade Celsius,
25,30.67,W/m^2,6:45:40,28/6/17,Day of week:,Wednesday,20.87,Grade Celsius,
27,40.90,W/m^2,6:45:44,28/6/17,Day of week:,Wednesday,20.87,Grade Celsius,
27,36.52,W/m^2,6:45:47,28/6/17,Day of week:,Wednesday,20.87,Grade Celsius,
30,40.90,W/m^2,6:45:50,28/6/17,Day of week:,Wednesday,20.87,Grade Celsius,
29,40.90,W/m^2,6:45:53,28/6/17,Day of week:,Wednesday,20.87,Grade Celsius,
22,42.36,W/m^2,6:45:56,28/6/17,Day of week:,Wednesday,20.87,Grade Celsius,
26,46.74,W/m^2,6:45:59,28/6/17,Day of week:,Wednesday,20.87,Grade Celsius,
31,42.36,W/m^2,6:46:02,28/6/17,Day of week:,Wednesday,20.81,Grade Celsius,
27,40.90,W/m^2,6:46:05,28/6/17,Day of week:,Wednesday,20.87,Grade Celsius,
26,46.74,W/m^2,6:46:08,28/6/17,Day of week:,Wednesday,20.87,Grade Celsius,
26,37.98,W/m^2,6:46:11,28/6/17,Day of week:,Wednesday,20.87,Grade Celsius,
26,46.74,W/m^2,6:46:14,28/6/17,Day of week:,Wednesday,20.87,Grade Celsius,
25,37.98,W/m^2,6:46:17,28/6/17,Day of week:,Wednesday,20.87,Grade Celsius,
29,46.74,W/m^2,6:46:20,28/6/17,Day of week:,Wednesday,20.94,Grade Celsius,
27,46.74,W/m^2,6:46:23,28/6/17,Day of week:,Wednesday,20.87,Grade Celsius,
28,36.52,W/m^2,6:46:26,28/6/17,Day of week:,Wednesday,20.87,Grade Celsius,
27,46.74,W/m^2,6:46:30,28/6/17,Day of week:,Wednesday,20.87,Grade Celsius,
26,46.74,W/m^2,6:46:33,28/6/17,Day of week:,Wednesday,20.87,Grade Celsius,
25,46.74,W/m^2,6:46:36,28/6/17,Day of week:,Wednesday,20.87,Grade Celsius,
25,35.06,W/m^2,6:46:39,28/6/17,Day of week:,Wednesday,20.87,Grade Celsius,
29,46.74,W/m^2,6:46:42,28/6/17,Day of week:,Wednesday,20.87,Grade Celsius,
27,30.67,W/m^2,6:46:45,28/6/17,Day of week:,Wednesday,20.87,Grade Celsius,
25,40.90,W/m^2,6:46:48,28/6/17,Day of week:,Wednesday,20.87,Grade Celsius,
22,46.74,W/m^2,6:46:51,28/6/17,Day of week:,Wednesday,20.87,Grade Celsius,
28,46.74,W/m^2,6:46:54,28/6/17,Day of week:,Wednesday,20.87,Grade Celsius,
31,40.90,W/m^2,6:46:57,28/6/17,Day of week:,Wednesday,20.81,Grade Celsius,
29,40.90,W/m^2,6:47:00,28/6/17,Day of week:,Wednesday,20.81,Grade Celsius,
25,46.74,W/m^2,6:47:03,28/6/17,Day of week:,Wednesday,20.81,Grade Celsius,
25,29.21,W/m^2,6:47:06,28/6/17,Day of week:,Wednesday,20.81,Grade Celsius,
26,46.74,W/m^2,6:47:09,28/6/17,Day of week:,Wednesday,20.81,Grade Celsius,
26,46.74,W/m^2,6:47:12,28/6/17,Day of week:,Wednesday,20.81,Grade Celsius,
29,35.06,W/m^2,6:47:15,28/6/17,Day of week:,Wednesday,20.81,Grade Celsius,
25,42.36,W/m^2,6:47:19,28/6/17,Day of week:,Wednesday,20.81,Grade Celsius,
25,40.90,W/m^2,6:47:22,28/6/17,Day of week:,Wednesday,20.81,Grade Celsius,
26,40.90,W/m^2,6:47:25,28/6/17,Day of week:,Wednesday,20.81,Grade Celsius,
29,46.74,W/m^2,6:47:28,28/6/17,Day of week:,Wednesday,20.81,Grade Celsius,
29,35.06,W/m^2,6:47:31,28/6/17,Day of week:,Wednesday,20.81,Grade Celsius,
29,36.52,W/m^2,6:47:34,28/6/17,Day of week:,Wednesday,20.75,Grade Celsius,
28,32.13,W/m^2,6:47:37,28/6/17,Day of week:,Wednesday,20.75,Grade Celsius,
27,37.98,W/m^2,6:47:40,28/6/17,Day of week:,Wednesday,20.81,Grade Celsius,
26,40.90,W/m^2,6:47:43,28/6/17,Day of week:,Wednesday,20.75,Grade Celsius,
31,35.06,W/m^2,6:47:46,28/6/17,Day of week:,Wednesday,20.81,Grade Celsius,
31,37.98,W/m^2,6:47:49,28/6/17,Day of week:,Wednesday,20.81,Grade Celsius,
28,46.74,W/m^2,6:47:52,28/6/17,Day of week:,Wednesday,20.81,Grade Celsius,
29,36.52,W/m^2,6:47:55,28/6/17,Day of week:,Wednesday,20.81,Grade Celsius,
28,46.74,W/m^2,6:47:58,28/6/17,Day of week:,Wednesday,20.81,Grade Celsius,
28,37.98,W/m^2,6:48:01,28/6/17,Day of week:,Wednesday,20.87,Grade Celsius,
27,30.67,W/m^2,6:48:05,28/6/17,Day of week:,Wednesday,20.87,Grade Celsius,
26,40.90,W/m^2,6:48:08,28/6/17,Day of week:,Wednesday,20.87,Grade Celsius,
25,46.74,W/m^2,6:48:11,28/6/17,Day of week:,Wednesday,20.87,Grade Celsius,
31,46.74,W/m^2,6:48:14,28/6/17,Day of week:,Wednesday,20.87,Grade Celsius,
32,46.74,W/m^2,6:48:17,28/6/17,Day of week:,Wednesday,20.87,Grade Celsius,
27,30.67,W/m^2,6:48:20,28/6/17,Day of week:,Wednesday,20.87,Grade Celsius,
28,46.74,W/m^2,6:48:23,28/6/17,Day of week:,Wednesday,20.87,Grade Celsius,
27,46.74,W/m^2,6:48:26,28/6/17,Day of week:,Wednesday,20.87,Grade Celsius,
24,40.90,W/m^2,6:48:29,28/6/17,Day of week:,Wednesday,20.87,Grade Celsius,
27,40.90,W/m^2,6:48:32,28/6/17,Day of week:,Wednesday,20.87,Grade Celsius,
23,46.74,W/m^2,6:48:35,28/6/17,Day of week:,Wednesday,20.87,Grade Celsius,
24,40.90,W/m^2,6:48:38,28/6/17,Day of week:,Wednesday,20.87,Grade Celsius,
31,46.74,W/m^2,6:48:41,28/6/17,Day of week:,Wednesday,20.87,Grade Celsius,
25,46.74,W/m^2,6:48:44,28/6/17,Day of week:,Wednesday,20.94,Grade Celsius,
28,46.74,W/m^2,6:48:47,28/6/17,Day of week:,Wednesday,20.94,Grade Celsius,
33,37.98,W/m^2,6:48:50,28/6/17,Day of week:,Wednesday,20.87,Grade Celsius,
28,35.06,W/m^2,6:48:54,28/6/17,Day of week:,Wednesday,20.87,Grade Celsius,
29,36.52,W/m^2,6:48:57,28/6/17,Day of week:,Wednesday,20.94,Grade Celsius,
24,46.74,W/m^2,6:49:00,28/6/17,Day of week:,Wednesday,20.87,Grade Celsius,
23,46.74,W/m^2,6:49:03,28/6/17,Day of week:,Wednesday,20.94,Grade Celsius,
24,46.74,W/m^2,6:49:06,28/6/17,Day of week:,Wednesday,20.94,Grade Celsius,
27,46.74,W/m^2,6:49:09,28/6/17,Day of week:,Wednesday,20.94,Grade Celsius,
29,42.36,W/m^2,6:49:12,28/6/17,Day of week:,Wednesday,20.94,Grade Celsius,
27,46.74,W/m^2,6:49:15,28/6/17,Day of week:,Wednesday,20.94,Grade Celsius,
30,46.74,W/m^2,6:49:18,28/6/17,Day of week:,Wednesday,20.94,Grade Celsius,
33,36.52,W/m^2,6:49:21,28/6/17,Day of week:,Wednesday,20.94,Grade Celsius,
28,36.52,W/m^2,6:49:24,28/6/17,Day of week:,Wednesday,20.94,Grade Celsius,
29,52.58,W/m^2,6:49:27,28/6/17,Day of week:,Wednesday,20.94,Grade Celsius,
28,37.98,W/m^2,6:49:30,28/6/17,Day of week:,Wednesday,20.94,Grade Celsius,
29,42.36,W/m^2,6:49:33,28/6/17,Day of week:,Wednesday,20.94,Grade Celsius,
27,35.06,W/m^2,6:49:36,28/6/17,Day of week:,Wednesday,20.94,Grade Celsius,
32,37.98,W/m^2,6:49:39,28/6/17,Day of week:,Wednesday,20.94,Grade Celsius,
22,46.74,W/m^2,6:49:42,28/6/17,Day of week:,Wednesday,20.94,Grade Celsius,
28,46.74,W/m^2,6:49:46,28/6/17,Day of week:,Wednesday,20.94,Grade Celsius,
29,36.52,W/m^2,6:49:49,28/6/17,Day of week:,Wednesday,20.94,Grade Celsius,
31,46.74,W/m^2,6:49:52,28/6/17,Day of week:,Wednesday,20.94,Grade Celsius,
33,37.98,W/m^2,6:49:55,28/6/17,Day of week:,Wednesday,20.94,Grade Celsius,
23,46.74,W/m^2,6:49:58,28/6/17,Day of week:,Wednesday,20.94,Grade Celsius,
24,46.74,W/m^2,6:50:01,28/6/17,Day of week:,Wednesday,20.94,Grade Celsius,
30,35.06,W/m^2,6:50:04,28/6/17,Day of week:,Wednesday,20.94,Grade Celsius,
29,46.74,W/m^2,6:50:07,28/6/17,Day of week:,Wednesday,20.94,Grade Celsius,
29,46.74,W/m^2,6:50:10,28/6/17,Day of week:,Wednesday,20.87,Grade Celsius,
27,37.98,W/m^2,6:50:13,28/6/17,Day of week:,Wednesday,20.87,Grade Celsius,
27,40.90,W/m^2,6:50:16,28/6/17,Day of week:,Wednesday,20.87,Grade Celsius,
26,40.90,W/m^2,6:50:19,28/6/17,Day of week:,Wednesday,20.87,Grade Celsius,
28,40.90,W/m^2,6:50:22,28/6/17,Day of week:,Wednesday,20.87,Grade Celsius,
27,35.06,W/m^2,6:50:25,28/6/17,Day of week:,Wednesday,20.87,Grade Celsius,
24,46.74,W/m^2,6:50:28,28/6/17,Day of week:,Wednesday,20.87,Grade Celsius,
27,40.90,W/m^2,6:50:31,28/6/17,Day of week:,Wednesday,20.87,Grade Celsius,
26,46.74,W/m^2,6:50:35,28/6/17,Day of week:,Wednesday,20.87,Grade Celsius,
25,46.74,W/m^2,6:50:38,28/6/17,Day of week:,Wednesday,20.87,Grade Celsius,
28,46.74,W/m^2,6:50:41,28/6/17,Day of week:,Wednesday,20.94,Grade Celsius,
24,46.74,W/m^2,6:50:44,28/6/17,Day of week:,Wednesday,20.94,Grade Celsius,
25,46.74,W/m^2,6:50:47,28/6/17,Day of week:,Wednesday,20.94,Grade Celsius,
24,40.90,W/m^2,6:50:50,28/6/17,Day of week:,Wednesday,20.94,Grade Celsius,
25,42.36,W/m^2,6:50:53,28/6/17,Day of week:,Wednesday,20.94,Grade Celsius,
26,42.36,W/m^2,6:50:56,28/6/17,Day of week:,Wednesday,20.94,Grade Celsius,
30,46.74,W/m^2,6:50:59,28/6/17,Day of week:,Wednesday,20.94,Grade Celsius,
26,46.74,W/m^2,6:51:02,28/6/17,Day of week:,Wednesday,21.00,Grade Celsius,
26,46.74,W/m^2,6:51:05,28/6/17,Day of week:,Wednesday,21.00,Grade Celsius,
28,46.74,W/m^2,6:51:08,28/6/17,Day of week:,Wednesday,21.00,Grade Celsius,
28,46.74,W/m^2,6:51:11,28/6/17,Day of week:,Wednesday,20.94,Grade Celsius,
25,46.74,W/m^2,6:51:14,28/6/17,Day of week:,Wednesday,20.94,Grade Celsius,
28,46.74,W/m^2,6:51:18,28/6/17,Day of week:,Wednesday,21.00,Grade Celsius,
21,46.74,W/m^2,6:51:21,28/6/17,Day of week:,Wednesday,21.00,Grade Celsius,
27,46.74,W/m^2,6:51:24,28/6/17,Day of week:,Wednesday,21.00,Grade Celsius,
27,40.90,W/m^2,6:51:27,28/6/17,Day of week:,Wednesday,21.00,Grade Celsius,
21,48.20,W/m^2,6:51:30,28/6/17,Day of week:,Wednesday,20.94,Grade Celsius,
27,37.98,W/m^2,6:51:33,28/6/17,Day of week:,Wednesday,20.94,Grade Celsius,
23,40.90,W/m^2,6:51:36,28/6/17,Day of week:,Wednesday,20.94,Grade Celsius,
28,35.06,W/m^2,6:51:39,28/6/17,Day of week:,Wednesday,20.94,Grade Celsius,
26,40.90,W/m^2,6:51:42,28/6/17,Day of week:,Wednesday,20.94,Grade Celsius,
23,46.74,W/m^2,6:51:45,28/6/17,Day of week:,Wednesday,20.94,Grade Celsius,
27,37.98,W/m^2,6:51:48,28/6/17,Day of week:,Wednesday,20.94,Grade Celsius,
31,40.90,W/m^2,6:51:51,28/6/17,Day of week:,Wednesday,20.94,Grade Celsius,
26,40.90,W/m^2,6:51:54,28/6/17,Day of week:,Wednesday,20.94,Grade Celsius,
27,40.90,W/m^2,6:51:57,28/6/17,Day of week:,Wednesday,20.94,Grade Celsius,
30,35.06,W/m^2,6:52:00,28/6/17,Day of week:,Wednesday,20.94,Grade Celsius,
25,46.74,W/m^2,6:52:03,28/6/17,Day of week:,Wednesday,21.00,Grade Celsius,
28,40.90,W/m^2,6:52:07,28/6/17,Day of week:,Wednesday,21.00,Grade Celsius,
28,46.74,W/m^2,6:52:10,28/6/17,Day of week:,Wednesday,20.94,Grade Celsius,
27,37.98,W/m^2,6:52:13,28/6/17,Day of week:,Wednesday,20.94,Grade Celsius,
26,40.90,W/m^2,6:52:16,28/6/17,Day of week:,Wednesday,20.94,Grade Celsius,
25,40.90,W/m^2,6:52:19,28/6/17,Day of week:,Wednesday,20.94,Grade Celsius,
28,46.74,W/m^2,6:52:22,28/6/17,Day of week:,Wednesday,20.94,Grade Celsius,
26,35.06,W/m^2,6:52:25,28/6/17,Day of week:,Wednesday,21.00,Grade Celsius,
25,46.74,W/m^2,6:52:28,28/6/17,Day of week:,Wednesday,21.00,Grade Celsius,
26,40.90,W/m^2,6:52:31,28/6/17,Day of week:,Wednesday,20.94,Grade Celsius,
30,49.66,W/m^2,6:52:34,28/6/17,Day of week:,Wednesday,21.00,Grade Celsius,
22,40.90,W/m^2,6:52:37,28/6/17,Day of week:,Wednesday,21.00,Grade Celsius,
28,35.06,W/m^2,6:52:40,28/6/17,Day of week:,Wednesday,21.00,Grade Celsius,
29,46.74,W/m^2,6:52:43,28/6/17,Day of week:,Wednesday,21.00,Grade Celsius,
21,35.06,W/m^2,6:52:46,28/6/17,Day of week:,Wednesday,21.00,Grade Celsius,
21,46.74,W/m^2,6:52:49,28/6/17,Day of week:,Wednesday,21.00,Grade Celsius,
28,35.06,W/m^2,6:52:53,28/6/17,Day of week:,Wednesday,21.00,Grade Celsius,
24,40.90,W/m^2,6:52:56,28/6/17,Day of week:,Wednesday,21.00,Grade Celsius,
27,40.90,W/m^2,6:52:59,28/6/17,Day of week:,Wednesday,21.00,Grade Celsius,
27,40.90,W/m^2,6:53:02,28/6/17,Day of week:,Wednesday,21.06,Grade Celsius,
24,46.74,W/m^2,6:53:05,28/6/17,Day of week:,Wednesday,21.06,Grade Celsius,
26,36.52,W/m^2,6:53:08,28/6/17,Day of week:,Wednesday,21.12,Grade Celsius,
26,46.74,W/m^2,6:53:11,28/6/17,Day of week:,Wednesday,21.12,Grade Celsius,
25,40.90,W/m^2,6:53:14,28/6/17,Day of week:,Wednesday,21.12,Grade Celsius,
30,40.90,W/m^2,6:53:17,28/6/17,Day of week:,Wednesday,21.12,Grade Celsius,
27,40.90,W/m^2,6:53:20,28/6/17,Day of week:,Wednesday,21.19,Grade Celsius,
24,46.74,W/m^2,6:53:23,28/6/17,Day of week:,Wednesday,21.19,Grade Celsius,
28,46.74,W/m^2,6:53:26,28/6/17,Day of week:,Wednesday,21.19,Grade Celsius,
24,46.74,W/m^2,6:53:29,28/6/17,Day of week:,Wednesday,21.12,Grade Celsius,
32,46.74,W/m^2,6:53:32,28/6/17,Day of week:,Wednesday,21.12,Grade Celsius,
29,46.74,W/m^2,6:53:35,28/6/17,Day of week:,Wednesday,21.19,Grade Celsius,
22,35.06,W/m^2,6:53:38,28/6/17,Day of week:,Wednesday,21.19,Grade Celsius,
31,40.90,W/m^2,6:53:42,28/6/17,Day of week:,Wednesday,21.19,Grade Celsius,
27,46.74,W/m^2,6:53:45,28/6/17,Day of week:,Wednesday,21.19,Grade Celsius,
27,46.74,W/m^2,6:53:48,28/6/17,Day of week:,Wednesday,21.19,Grade Celsius,
28,46.74,W/m^2,6:53:51,28/6/17,Day of week:,Wednesday,21.19,Grade Celsius,
29,46.74,W/m^2,6:53:54,28/6/17,Day of week:,Wednesday,21.19,Grade Celsius,
29,37.98,W/m^2,6:53:57,28/6/17,Day of week:,Wednesday,21.19,Grade Celsius,
32,46.74,W/m^2,6:54:00,28/6/17,Day of week:,Wednesday,21.19,Grade Celsius,
32,52.58,W/m^2,6:54:03,28/6/17,Day of week:,Wednesday,21.19,Grade Celsius,
25,46.74,W/m^2,6:54:06,28/6/17,Day of week:,Wednesday,21.19,Grade Celsius,
27,39.44,W/m^2,6:54:09,28/6/17,Day of week:,Wednesday,21.19,Grade Celsius,
22,46.74,W/m^2,6:54:12,28/6/17,Day of week:,Wednesday,21.12,Grade Celsius,
27,46.74,W/m^2,6:54:15,28/6/17,Day of week:,Wednesday,21.06,Grade Celsius,
28,40.90,W/m^2,6:54:18,28/6/17,Day of week:,Wednesday,21.06,Grade Celsius,
27,40.90,W/m^2,6:54:21,28/6/17,Day of week:,Wednesday,21.06,Grade Celsius,
27,48.20,W/m^2,6:54:24,28/6/17,Day of week:,Wednesday,21.06,Grade Celsius,
26,40.90,W/m^2,6:54:27,28/6/17,Day of week:,Wednesday,21.06,Grade Celsius,
27,46.74,W/m^2,6:54:31,28/6/17,Day of week:,Wednesday,21.06,Grade Celsius,
33,40.90,W/m^2,6:54:34,28/6/17,Day of week:,Wednesday,21.00,Grade Celsius,
27,35.06,W/m^2,6:54:37,28/6/17,Day of week:,Wednesday,21.06,Grade Celsius,
28,46.74,W/m^2,6:54:40,28/6/17,Day of week:,Wednesday,21.00,Grade Celsius,
19,39.44,W/m^2,6:54:43,28/6/17,Day of week:,Wednesday,21.00,Grade Celsius,
29,46.74,W/m^2,6:54:46,28/6/17,Day of week:,Wednesday,21.00,Grade Celsius,
30,46.74,W/m^2,6:54:49,28/6/17,Day of week:,Wednesday,21.00,Grade Celsius,
29,48.20,W/m^2,6:54:52,28/6/17,Day of week:,Wednesday,21.00,Grade Celsius,
29,46.74,W/m^2,6:54:55,28/6/17,Day of week:,Wednesday,21.00,Grade Celsius,
29,46.74,W/m^2,6:54:58,28/6/17,Day of week:,Wednesday,21.00,Grade Celsius,
29,46.74,W/m^2,6:55:01,28/6/17,Day of week:,Wednesday,21.00,Grade Celsius,
23,46.74,W/m^2,6:55:04,28/6/17,Day of week:,Wednesday,21.00,Grade Celsius,
27,46.74,W/m^2,6:55:07,28/6/17,Day of week:,Wednesday,21.00,Grade Celsius,
21,35.06,W/m^2,6:55:10,28/6/17,Day of week:,Wednesday,21.00,Grade Celsius,
21,40.90,W/m^2,6:55:13,28/6/17,Day of week:,Wednesday,21.00,Grade Celsius,
27,37.98,W/m^2,6:55:16,28/6/17,Day of week:,Wednesday,21.00,Grade Celsius,
29,40.90,W/m^2,6:55:19,28/6/17,Day of week:,Wednesday,21.06,Grade Celsius,
26,32.13,W/m^2,6:55:23,28/6/17,Day of week:,Wednesday,21.06,Grade Celsius,
30,46.74,W/m^2,6:55:26,28/6/17,Day of week:,Wednesday,21.06,Grade Celsius,
30,39.44,W/m^2,6:55:29,28/6/17,Day of week:,Wednesday,21.06,Grade Celsius,
30,46.74,W/m^2,6:55:32,28/6/17,Day of week:,Wednesday,21.06,Grade Celsius,
29,46.74,W/m^2,6:55:35,28/6/17,Day of week:,Wednesday,21.06,Grade Celsius,
27,37.98,W/m^2,6:55:38,28/6/17,Day of week:,Wednesday,21.06,Grade Celsius,
30,35.06,W/m^2,6:55:41,28/6/17,Day of week:,Wednesday,21.06,Grade Celsius,
23,46.74,W/m^2,6:55:44,28/6/17,Day of week:,Wednesday,21.12,Grade Celsius,
27,46.74,W/m^2,6:55:47,28/6/17,Day of week:,Wednesday,21.12,Grade Celsius,
25,46.74,W/m^2,6:55:50,28/6/17,Day of week:,Wednesday,21.12,Grade Celsius,
22,37.98,W/m^2,6:55:53,28/6/17,Day of week:,Wednesday,21.12,Grade Celsius,
27,37.98,W/m^2,6:55:56,28/6/17,Day of week:,Wednesday,21.12,Grade Celsius,
27,37.98,W/m^2,6:55:59,28/6/17,Day of week:,Wednesday,21.12,Grade Celsius,
25,42.36,W/m^2,6:56:02,28/6/17,Day of week:,Wednesday,21.12,Grade Celsius,
27,36.52,W/m^2,6:56:05,28/6/17,Day of week:,Wednesday,21.12,Grade Celsius,
28,35.06,W/m^2,6:56:08,28/6/17,Day of week:,Wednesday,21.06,Grade Celsius,
27,46.74,W/m^2,6:56:12,28/6/17,Day of week:,Wednesday,21.12,Grade Celsius,
28,46.74,W/m^2,6:56:15,28/6/17,Day of week:,Wednesday,21.06,Grade Celsius,
28,46.74,W/m^2,6:56:18,28/6/17,Day of week:,Wednesday,21.12,Grade Celsius,
29,40.90,W/m^2,6:56:21,28/6/17,Day of week:,Wednesday,21.12,Grade Celsius,
29,46.74,W/m^2,6:56:24,28/6/17,Day of week:,Wednesday,21.12,Grade Celsius,
27,43.82,W/m^2,6:56:27,28/6/17,Day of week:,Wednesday,21.12,Grade Celsius,
29,46.74,W/m^2,6:56:30,28/6/17,Day of week:,Wednesday,21.12,Grade Celsius,
30,46.74,W/m^2,6:56:33,28/6/17,Day of week:,Wednesday,21.12,Grade Celsius,
28,40.90,W/m^2,6:56:36,28/6/17,Day of week:,Wednesday,21.12,Grade Celsius,
32,35.06,W/m^2,6:56:39,28/6/17,Day of week:,Wednesday,21.12,Grade Celsius,
27,46.74,W/m^2,6:56:42,28/6/17,Day of week:,Wednesday,21.12,Grade Celsius,
32,46.74,W/m^2,6:56:45,28/6/17,Day of week:,Wednesday,21.12,Grade Celsius,
27,35.06,W/m^2,6:56:48,28/6/17,Day of week:,Wednesday,21.19,Grade Celsius,
23,40.90,W/m^2,6:56:51,28/6/17,Day of week:,Wednesday,21.19,Grade Celsius,
23,40.90,W/m^2,6:56:54,28/6/17,Day of week:,Wednesday,21.19,Grade Celsius,
25,40.90,W/m^2,6:56:58,28/6/17,Day of week:,Wednesday,21.19,Grade Celsius,
27,37.98,W/m^2,6:57:01,28/6/17,Day of week:,Wednesday,21.19,Grade Celsius,
27,52.58,W/m^2,6:57:04,28/6/17,Day of week:,Wednesday,21.25,Grade Celsius,
27,37.98,W/m^2,6:57:07,28/6/17,Day of week:,Wednesday,21.25,Grade Celsius,
21,46.74,W/m^2,6:57:10,28/6/17,Day of week:,Wednesday,21.25,Grade Celsius,
28,46.74,W/m^2,6:57:13,28/6/17,Day of week:,Wednesday,21.25,Grade Celsius,
25,40.90,W/m^2,6:57:16,28/6/17,Day of week:,Wednesday,21.25,Grade Celsius,
20,46.74,W/m^2,6:57:19,28/6/17,Day of week:,Wednesday,21.25,Grade Celsius,
28,35.06,W/m^2,6:57:22,28/6/17,Day of week:,Wednesday,21.25,Grade Celsius,
25,46.74,W/m^2,6:57:25,28/6/17,Day of week:,Wednesday,21.31,Grade Celsius,
23,46.74,W/m^2,6:57:28,28/6/17,Day of week:,Wednesday,21.25,Grade Celsius,
33,40.90,W/m^2,6:57:31,28/6/17,Day of week:,Wednesday,21.25,Grade Celsius,
22,36.52,W/m^2,6:57:34,28/6/17,Day of week:,Wednesday,21.19,Grade Celsius,
27,40.90,W/m^2,6:57:37,28/6/17,Day of week:,Wednesday,21.19,Grade Celsius,
21,39.44,W/m^2,6:57:40,28/6/17,Day of week:,Wednesday,21.19,Grade Celsius,
28,36.52,W/m^2,6:57:43,28/6/17,Day of week:,Wednesday,21.19,Grade Celsius,
26,39.44,W/m^2,6:57:47,28/6/17,Day of week:,Wednesday,21.19,Grade Celsius,
30,40.90,W/m^2,6:57:50,28/6/17,Day of week:,Wednesday,21.19,Grade Celsius,
27,46.74,W/m^2,6:57:53,28/6/17,Day of week:,Wednesday,21.19,Grade Celsius,
22,40.90,W/m^2,6:57:56,28/6/17,Day of week:,Wednesday,21.12,Grade Celsius,
27,40.90,W/m^2,6:57:59,28/6/17,Day of week:,Wednesday,21.12,Grade Celsius,
27,46.74,W/m^2,6:58:02,28/6/17,Day of week:,Wednesday,21.12,Grade Celsius,
24,46.74,W/m^2,6:58:05,28/6/17,Day of week:,Wednesday,21.12,Grade Celsius,
28,40.90,W/m^2,6:58:08,28/6/17,Day of week:,Wednesday,21.12,Grade Celsius,
24,46.74,W/m^2,6:58:11,28/6/17,Day of week:,Wednesday,21.19,Grade Celsius,
26,36.52,W/m^2,6:58:14,28/6/17,Day of week:,Wednesday,21.12,Grade Celsius,
29,40.90,W/m^2,6:58:17,28/6/17,Day of week:,Wednesday,21.19,Grade Celsius,
25,49.66,W/m^2,6:58:20,28/6/17,Day of week:,Wednesday,21.19,Grade Celsius,
33,46.74,W/m^2,6:58:23,28/6/17,Day of week:,Wednesday,21.19,Grade Celsius,
24,39.44,W/m^2,6:58:26,28/6/17,Day of week:,Wednesday,21.25,Grade Celsius,
27,46.74,W/m^2,6:58:29,28/6/17,Day of week:,Wednesday,21.25,Grade Celsius,
23,40.90,W/m^2,6:58:32,28/6/17,Day of week:,Wednesday,21.25,Grade Celsius,
27,40.90,W/m^2,6:58:36,28/6/17,Day of week:,Wednesday,21.25,Grade Celsius,
24,35.06,W/m^2,6:58:39,28/6/17,Day of week:,Wednesday,21.25,Grade Celsius,
26,46.74,W/m^2,6:58:42,28/6/17,Day of week:,Wednesday,21.25,Grade Celsius,
31,46.74,W/m^2,6:58:45,28/6/17,Day of week:,Wednesday,21.25,Grade Celsius,
25,36.52,W/m^2,6:58:48,28/6/17,Day of week:,Wednesday,21.25,Grade Celsius,
28,46.74,W/m^2,6:58:51,28/6/17,Day of week:,Wednesday,21.25,Grade Celsius,
23,40.90,W/m^2,6:58:54,28/6/17,Day of week:,Wednesday,21.25,Grade Celsius,
27,40.90,W/m^2,6:58:57,28/6/17,Day of week:,Wednesday,21.25,Grade Celsius,
26,35.06,W/m^2,6:59:00,28/6/17,Day of week:,Wednesday,21.25,Grade Celsius,
25,46.74,W/m^2,6:59:03,28/6/17,Day of week:,Wednesday,21.25,Grade Celsius,
28,37.98,W/m^2,6:59:06,28/6/17,Day of week:,Wednesday,21.25,Grade Celsius,
28,46.74,W/m^2,6:59:09,28/6/17,Day of week:,Wednesday,21.25,Grade Celsius,
29,46.74,W/m^2,6:59:12,28/6/17,Day of week:,Wednesday,21.25,Grade Celsius,
24,35.06,W/m^2,6:59:15,28/6/17,Day of week:,Wednesday,21.31,Grade Celsius,
24,35.06,W/m^2,6:59:18,28/6/17,Day of week:,Wednesday,21.31,Grade Celsius,
27,40.90,W/m^2,6:59:21,28/6/17,Day of week:,Wednesday,21.31,Grade Celsius,
21,40.90,W/m^2,6:59:25,28/6/17,Day of week:,Wednesday,21.37,Grade Celsius,
27,46.74,W/m^2,6:59:28,28/6/17,Day of week:,Wednesday,21.37,Grade Celsius,
27,46.74,W/m^2,6:59:31,28/6/17,Day of week:,Wednesday,21.37,Grade Celsius,
27,51.12,W/m^2,6:59:34,28/6/17,Day of week:,Wednesday,21.37,Grade Celsius,
27,51.12,W/m^2,6:59:37,28/6/17,Day of week:,Wednesday,21.37,Grade Celsius,
21,46.74,W/m^2,6:59:40,28/6/17,Day of week:,Wednesday,21.44,Grade Celsius,
27,46.74,W/m^2,6:59:43,28/6/17,Day of week:,Wednesday,21.44,Grade Celsius,
25,40.90,W/m^2,6:59:46,28/6/17,Day of week:,Wednesday,21.37,Grade Celsius,
28,46.74,W/m^2,6:59:49,28/6/17,Day of week:,Wednesday,21.37,Grade Celsius,
27,36.52,W/m^2,6:59:52,28/6/17,Day of week:,Wednesday,21.44,Grade Celsius,
24,37.98,W/m^2,6:59:55,28/6/17,Day of week:,Wednesday,21.37,Grade Celsius,
24,39.44,W/m^2,6:59:58,28/6/17,Day of week:,Wednesday,21.37,Grade Celsius,
27,40.90,W/m^2,7:00:01,28/6/17,Day of week:,Wednesday,21.31,Grade Celsius,
28,46.74,W/m^2,7:00:04,28/6/17,Day of week:,Wednesday,21.31,Grade Celsius,
27,39.44,W/m^2,7:00:07,28/6/17,Day of week:,Wednesday,21.37,Grade Celsius,
29,39.44,W/m^2,7:00:10,28/6/17,Day of week:,Wednesday,21.37,Grade Celsius,
27,36.52,W/m^2,7:00:14,28/6/17,Day of week:,Wednesday,21.31,Grade Celsius,
22,36.52,W/m^2,7:00:17,28/6/17,Day of week:,Wednesday,21.31,Grade Celsius,
30,42.36,W/m^2,7:00:20,28/6/17,Day of week:,Wednesday,21.31,Grade Celsius,
31,40.90,W/m^2,7:00:23,28/6/17,Day of week:,Wednesday,21.31,Grade Celsius,
28,35.06,W/m^2,7:00:26,28/6/17,Day of week:,Wednesday,21.25,Grade Celsius,
27,40.90,W/m^2,7:00:29,28/6/17,Day of week:,Wednesday,21.25,Grade Celsius,
27,46.74,W/m^2,7:00:32,28/6/17,Day of week:,Wednesday,21.25,Grade Celsius,
29,40.90,W/m^2,7:00:35,28/6/17,Day of week:,Wednesday,21.25,Grade Celsius,
27,40.90,W/m^2,7:00:38,28/6/17,Day of week:,Wednesday,21.25,Grade Celsius,
29,46.74,W/m^2,7:00:41,28/6/17,Day of week:,Wednesday,21.25,Grade Celsius,
28,46.74,W/m^2,7:00:44,28/6/17,Day of week:,Wednesday,21.31,Grade Celsius,
27,40.90,W/m^2,7:00:47,28/6/17,Day of week:,Wednesday,21.31,Grade Celsius,
27,46.74,W/m^2,7:00:50,28/6/17,Day of week:,Wednesday,21.31,Grade Celsius,
31,46.74,W/m^2,7:00:53,28/6/17,Day of week:,Wednesday,21.31,Grade Celsius,
27,40.90,W/m^2,7:00:56,28/6/17,Day of week:,Wednesday,21.31,Grade Celsius,
29,46.74,W/m^2,7:00:59,28/6/17,Day of week:,Wednesday,21.31,Grade Celsius,
26,46.74,W/m^2,7:01:03,28/6/17,Day of week:,Wednesday,21.31,Grade Celsius,
26,36.52,W/m^2,7:01:06,28/6/17,Day of week:,Wednesday,21.31,Grade Celsius,
24,46.74,W/m^2,7:01:09,28/6/17,Day of week:,Wednesday,21.31,Grade Celsius,
31,46.74,W/m^2,7:01:12,28/6/17,Day of week:,Wednesday,21.31,Grade Celsius,
29,46.74,W/m^2,7:01:15,28/6/17,Day of week:,Wednesday,21.31,Grade Celsius,
29,37.98,W/m^2,7:01:18,28/6/17,Day of week:,Wednesday,21.25,Grade Celsius,
30,46.74,W/m^2,7:01:21,28/6/17,Day of week:,Wednesday,21.25,Grade Celsius,
28,52.58,W/m^2,7:01:24,28/6/17,Day of week:,Wednesday,21.25,Grade Celsius,
33,52.58,W/m^2,7:01:27,28/6/17,Day of week:,Wednesday,21.25,Grade Celsius,
27,46.74,W/m^2,7:01:30,28/6/17,Day of week:,Wednesday,21.25,Grade Celsius,
29,46.74,W/m^2,7:01:33,28/6/17,Day of week:,Wednesday,21.25,Grade Celsius,
29,46.74,W/m^2,7:01:36,28/6/17,Day of week:,Wednesday,21.25,Grade Celsius,
30,51.12,W/m^2,7:01:39,28/6/17,Day of week:,Wednesday,21.25,Grade Celsius,
29,36.52,W/m^2,7:01:42,28/6/17,Day of week:,Wednesday,21.25,Grade Celsius,
33,46.74,W/m^2,7:01:45,28/6/17,Day of week:,Wednesday,21.19,Grade Celsius,
29,46.74,W/m^2,7:01:48,28/6/17,Day of week:,Wednesday,21.19,Grade Celsius,
31,46.74,W/m^2,7:01:51,28/6/17,Day of week:,Wednesday,21.19,Grade Celsius,
31,46.74,W/m^2,7:01:55,28/6/17,Day of week:,Wednesday,21.12,Grade Celsius,
34,54.04,W/m^2,7:01:58,28/6/17,Day of week:,Wednesday,21.19,Grade Celsius,
29,46.74,W/m^2,7:02:01,28/6/17,Day of week:,Wednesday,21.19,Grade Celsius,
32,46.74,W/m^2,7:02:04,28/6/17,Day of week:,Wednesday,21.19,Grade Celsius,
32,48.20,W/m^2,7:02:07,28/6/17,Day of week:,Wednesday,21.25,Grade Celsius,
34,49.66,W/m^2,7:02:10,28/6/17,Day of week:,Wednesday,21.25,Grade Celsius,
26,46.74,W/m^2,7:02:13,28/6/17,Day of week:,Wednesday,21.31,Grade Celsius,
29,46.74,W/m^2,7:02:16,28/6/17,Day of week:,Wednesday,21.31,Grade Celsius,
30,46.74,W/m^2,7:02:19,28/6/17,Day of week:,Wednesday,21.37,Grade Celsius,
32,46.74,W/m^2,7:02:22,28/6/17,Day of week:,Wednesday,21.31,Grade Celsius,
30,48.20,W/m^2,7:02:25,28/6/17,Day of week:,Wednesday,21.37,Grade Celsius,
32,46.74,W/m^2,7:02:28,28/6/17,Day of week:,Wednesday,21.37,Grade Celsius,
30,58.43,W/m^2,7:02:32,28/6/17,Day of week:,Wednesday,21.44,Grade Celsius,
32,37.98,W/m^2,7:02:35,28/6/17,Day of week:,Wednesday,21.44,Grade Celsius,
31,46.74,W/m^2,7:02:38,28/6/17,Day of week:,Wednesday,21.37,Grade Celsius,
27,46.74,W/m^2,7:02:41,28/6/17,Day of week:,Wednesday,21.44,Grade Celsius,
27,46.74,W/m^2,7:02:44,28/6/17,Day of week:,Wednesday,21.44,Grade Celsius,
32,49.66,W/m^2,7:02:47,28/6/17,Day of week:,Wednesday,21.44,Grade Celsius,
31,46.74,W/m^2,7:02:50,28/6/17,Day of week:,Wednesday,21.50,Grade Celsius,
25,46.74,W/m^2,7:02:53,28/6/17,Day of week:,Wednesday,21.50,Grade Celsius,
33,54.04,W/m^2,7:02:56,28/6/17,Day of week:,Wednesday,21.44,Grade Celsius,
28,46.74,W/m^2,7:02:59,28/6/17,Day of week:,Wednesday,21.44,Grade Celsius,
29,46.74,W/m^2,7:03:02,28/6/17,Day of week:,Wednesday,21.44,Grade Celsius,
27,46.74,W/m^2,7:03:05,28/6/17,Day of week:,Wednesday,21.44,Grade Celsius,
29,36.52,W/m^2,7:03:08,28/6/17,Day of week:,Wednesday,21.44,Grade Celsius,
23,52.58,W/m^2,7:03:11,28/6/17,Day of week:,Wednesday,21.44,Grade Celsius,
33,46.74,W/m^2,7:03:14,28/6/17,Day of week:,Wednesday,21.44,Grade Celsius,
30,46.74,W/m^2,7:03:17,28/6/17,Day of week:,Wednesday,21.44,Grade Celsius,
32,36.52,W/m^2,7:03:20,28/6/17,Day of week:,Wednesday,21.44,Grade Celsius,
29,54.04,W/m^2,7:03:24,28/6/17,Day of week:,Wednesday,21.44,Grade Celsius,
32,36.52,W/m^2,7:03:27,28/6/17,Day of week:,Wednesday,21.44,Grade Celsius,
27,40.90,W/m^2,7:03:30,28/6/17,Day of week:,Wednesday,21.37,Grade Celsius,
28,48.20,W/m^2,7:03:33,28/6/17,Day of week:,Wednesday,21.37,Grade Celsius,
28,35.06,W/m^2,7:03:36,28/6/17,Day of week:,Wednesday,21.37,Grade Celsius,
31,46.74,W/m^2,7:03:39,28/6/17,Day of week:,Wednesday,21.37,Grade Celsius,
27,46.74,W/m^2,7:03:42,28/6/17,Day of week:,Wednesday,21.37,Grade Celsius,
29,46.74,W/m^2,7:03:45,28/6/17,Day of week:,Wednesday,21.37,Grade Celsius,
27,36.52,W/m^2,7:03:48,28/6/17,Day of week:,Wednesday,21.37,Grade Celsius,
26,46.74,W/m^2,7:03:51,28/6/17,Day of week:,Wednesday,21.37,Grade Celsius,
29,46.74,W/m^2,7:03:54,28/6/17,Day of week:,Wednesday,21.37,Grade Celsius,
30,46.74,W/m^2,7:03:57,28/6/17,Day of week:,Wednesday,21.37,Grade Celsius,
28,35.06,W/m^2,7:04:00,28/6/17,Day of week:,Wednesday,21.37,Grade Celsius,
32,46.74,W/m^2,7:04:03,28/6/17,Day of week:,Wednesday,21.44,Grade Celsius,
33,35.06,W/m^2,7:04:06,28/6/17,Day of week:,Wednesday,21.37,Grade Celsius,
36,51.12,W/m^2,7:04:09,28/6/17,Day of week:,Wednesday,21.37,Grade Celsius,
24,35.06,W/m^2,7:04:13,28/6/17,Day of week:,Wednesday,21.37,Grade Celsius,
30,46.74,W/m^2,7:04:16,28/6/17,Day of week:,Wednesday,21.37,Grade Celsius,
28,46.74,W/m^2,7:04:19,28/6/17,Day of week:,Wednesday,21.37,Grade Celsius,
31,40.90,W/m^2,7:04:22,28/6/17,Day of week:,Wednesday,21.37,Grade Celsius,
29,35.06,W/m^2,7:04:25,28/6/17,Day of week:,Wednesday,21.37,Grade Celsius,
23,46.74,W/m^2,7:04:28,28/6/17,Day of week:,Wednesday,21.37,Grade Celsius,
27,46.74,W/m^2,7:04:31,28/6/17,Day of week:,Wednesday,21.31,Grade Celsius,
34,46.74,W/m^2,7:04:34,28/6/17,Day of week:,Wednesday,21.31,Grade Celsius,
29,46.74,W/m^2,7:04:37,28/6/17,Day of week:,Wednesday,21.31,Grade Celsius,
25,46.74,W/m^2,7:04:40,28/6/17,Day of week:,Wednesday,21.31,Grade Celsius,
24,40.90,W/m^2,7:04:43,28/6/17,Day of week:,Wednesday,21.31,Grade Celsius,
29,40.90,W/m^2,7:04:46,28/6/17,Day of week:,Wednesday,21.31,Grade Celsius,
29,46.74,W/m^2,7:04:49,28/6/17,Day of week:,Wednesday,21.31,Grade Celsius,
29,46.74,W/m^2,7:04:52,28/6/17,Day of week:,Wednesday,21.31,Grade Celsius,
30,46.74,W/m^2,7:04:55,28/6/17,Day of week:,Wednesday,21.31,Grade Celsius,
28,46.74,W/m^2,7:04:58,28/6/17,Day of week:,Wednesday,21.31,Grade Celsius,
25,46.74,W/m^2,7:05:02,28/6/17,Day of week:,Wednesday,21.31,Grade Celsius,
32,46.74,W/m^2,7:05:05,28/6/17,Day of week:,Wednesday,21.31,Grade Celsius,
29,49.66,W/m^2,7:05:08,28/6/17,Day of week:,Wednesday,21.31,Grade Celsius,
30,46.74,W/m^2,7:05:11,28/6/17,Day of week:,Wednesday,21.37,Grade Celsius,
28,37.98,W/m^2,7:05:14,28/6/17,Day of week:,Wednesday,21.37,Grade Celsius,
26,46.74,W/m^2,7:05:17,28/6/17,Day of week:,Wednesday,21.37,Grade Celsius,
32,46.74,W/m^2,7:05:20,28/6/17,Day of week:,Wednesday,21.37,Grade Celsius,
32,46.74,W/m^2,7:05:23,28/6/17,Day of week:,Wednesday,21.37,Grade Celsius,
28,46.74,W/m^2,7:05:26,28/6/17,Day of week:,Wednesday,21.37,Grade Celsius,
29,37.98,W/m^2,7:05:29,28/6/17,Day of week:,Wednesday,21.37,Grade Celsius,
32,46.74,W/m^2,7:05:32,28/6/17,Day of week:,Wednesday,21.37,Grade Celsius,
29,46.74,W/m^2,7:05:35,28/6/17,Day of week:,Wednesday,21.44,Grade Celsius,
26,46.74,W/m^2,7:05:38,28/6/17,Day of week:,Wednesday,21.44,Grade Celsius,
31,49.66,W/m^2,7:05:41,28/6/17,Day of week:,Wednesday,21.37,Grade Celsius,
30,46.74,W/m^2,7:05:44,28/6/17,Day of week:,Wednesday,21.37,Grade Celsius,
30,46.74,W/m^2,7:05:47,28/6/17,Day of week:,Wednesday,21.37,Grade Celsius,
33,46.74,W/m^2,7:05:51,28/6/17,Day of week:,Wednesday,21.37,Grade Celsius,
37,54.04,W/m^2,7:05:54,28/6/17,Day of week:,Wednesday,21.37,Grade Celsius,
32,46.74,W/m^2,7:05:57,28/6/17,Day of week:,Wednesday,21.37,Grade Celsius,
29,46.74,W/m^2,7:06:00,28/6/17,Day of week:,Wednesday,21.37,Grade Celsius,
29,48.20,W/m^2,7:06:03,28/6/17,Day of week:,Wednesday,21.37,Grade Celsius,
33,48.20,W/m^2,7:06:06,28/6/17,Day of week:,Wednesday,21.37,Grade Celsius,
34,49.66,W/m^2,7:06:09,28/6/17,Day of week:,Wednesday,21.37,Grade Celsius,
34,46.74,W/m^2,7:06:12,28/6/17,Day of week:,Wednesday,21.37,Grade Celsius,
37,46.74,W/m^2,7:06:15,28/6/17,Day of week:,Wednesday,21.37,Grade Celsius,
32,58.43,W/m^2,7:06:18,28/6/17,Day of week:,Wednesday,21.37,Grade Celsius,
31,49.66,W/m^2,7:06:21,28/6/17,Day of week:,Wednesday,21.37,Grade Celsius,
29,39.44,W/m^2,7:06:24,28/6/17,Day of week:,Wednesday,21.37,Grade Celsius,
36,52.58,W/m^2,7:06:27,28/6/17,Day of week:,Wednesday,21.37,Grade Celsius,
31,52.58,W/m^2,7:06:30,28/6/17,Day of week:,Wednesday,21.37,Grade Celsius,
26,52.58,W/m^2,7:06:33,28/6/17,Day of week:,Wednesday,21.37,Grade Celsius,
27,46.74,W/m^2,7:06:36,28/6/17,Day of week:,Wednesday,21.37,Grade Celsius,
28,49.66,W/m^2,7:06:40,28/6/17,Day of week:,Wednesday,21.37,Grade Celsius,
31,49.66,W/m^2,7:06:43,28/6/17,Day of week:,Wednesday,21.37,Grade Celsius,
31,48.20,W/m^2,7:06:46,28/6/17,Day of week:,Wednesday,21.37,Grade Celsius,
32,48.20,W/m^2,7:06:49,28/6/17,Day of week:,Wednesday,21.37,Grade Celsius,
28,46.74,W/m^2,7:06:52,28/6/17,Day of week:,Wednesday,21.37,Grade Celsius,
30,48.20,W/m^2,7:06:55,28/6/17,Day of week:,Wednesday,21.37,Grade Celsius,
31,46.74,W/m^2,7:06:58,28/6/17,Day of week:,Wednesday,21.37,Grade Celsius,
31,48.20,W/m^2,7:07:01,28/6/17,Day of week:,Wednesday,21.37,Grade Celsius,
29,51.12,W/m^2,7:07:04,28/6/17,Day of week:,Wednesday,21.37,Grade Celsius,
36,40.90,W/m^2,7:07:07,28/6/17,Day of week:,Wednesday,21.37,Grade Celsius,
32,49.66,W/m^2,7:07:10,28/6/17,Day of week:,Wednesday,21.37,Grade Celsius,
39,52.58,W/m^2,7:07:13,28/6/17,Day of week:,Wednesday,21.37,Grade Celsius,
33,49.66,W/m^2,7:07:16,28/6/17,Day of week:,Wednesday,21.37,Grade Celsius,
34,51.12,W/m^2,7:07:19,28/6/17,Day of week:,Wednesday,21.37,Grade Celsius,
33,55.50,W/m^2,7:07:22,28/6/17,Day of week:,Wednesday,21.44,Grade Celsius,
34,58.43,W/m^2,7:07:25,28/6/17,Day of week:,Wednesday,21.44,Grade Celsius,
31,52.58,W/m^2,7:07:29,28/6/17,Day of week:,Wednesday,21.44,Grade Celsius,
33,58.43,W/m^2,7:07:32,28/6/17,Day of week:,Wednesday,21.50,Grade Celsius,
34,52.58,W/m^2,7:07:35,28/6/17,Day of week:,Wednesday,21.50,Grade Celsius,
34,46.74,W/m^2,7:07:38,28/6/17,Day of week:,Wednesday,21.44,Grade Celsius,
41,59.89,W/m^2,7:07:41,28/6/17,Day of week:,Wednesday,21.44,Grade Celsius,
34,46.74,W/m^2,7:07:44,28/6/17,Day of week:,Wednesday,21.50,Grade Celsius,
36,51.12,W/m^2,7:07:47,28/6/17,Day of week:,Wednesday,21.44,Grade Celsius,
33,52.58,W/m^2,7:07:50,28/6/17,Day of week:,Wednesday,21.50,Grade Celsius,
41,52.58,W/m^2,7:07:53,28/6/17,Day of week:,Wednesday,21.44,Grade Celsius,
31,52.58,W/m^2,7:07:56,28/6/17,Day of week:,Wednesday,21.50,Grade Celsius,
36,52.58,W/m^2,7:07:59,28/6/17,Day of week:,Wednesday,21.50,Grade Celsius,
36,54.04,W/m^2,7:08:02,28/6/17,Day of week:,Wednesday,21.50,Grade Celsius,
33,52.58,W/m^2,7:08:05,28/6/17,Day of week:,Wednesday,21.50,Grade Celsius,
33,51.12,W/m^2,7:08:08,28/6/17,Day of week:,Wednesday,21.50,Grade Celsius,
34,48.20,W/m^2,7:08:11,28/6/17,Day of week:,Wednesday,21.50,Grade Celsius,
35,52.58,W/m^2,7:08:15,28/6/17,Day of week:,Wednesday,21.56,Grade Celsius,
34,59.89,W/m^2,7:08:18,28/6/17,Day of week:,Wednesday,21.56,Grade Celsius,
34,52.58,W/m^2,7:08:21,28/6/17,Day of week:,Wednesday,21.56,Grade Celsius,
34,58.43,W/m^2,7:08:24,28/6/17,Day of week:,Wednesday,21.62,Grade Celsius,
36,52.58,W/m^2,7:08:27,28/6/17,Day of week:,Wednesday,21.62,Grade Celsius,
36,51.12,W/m^2,7:08:30,28/6/17,Day of week:,Wednesday,21.62,Grade Celsius,
40,58.43,W/m^2,7:08:33,28/6/17,Day of week:,Wednesday,21.62,Grade Celsius,
34,49.66,W/m^2,7:08:36,28/6/17,Day of week:,Wednesday,21.62,Grade Celsius,
35,51.12,W/m^2,7:08:39,28/6/17,Day of week:,Wednesday,21.62,Grade Celsius,
35,51.12,W/m^2,7:08:42,28/6/17,Day of week:,Wednesday,21.62,Grade Celsius,
42,49.66,W/m^2,7:08:45,28/6/17,Day of week:,Wednesday,21.69,Grade Celsius,
35,46.74,W/m^2,7:08:48,28/6/17,Day of week:,Wednesday,21.69,Grade Celsius,
37,54.04,W/m^2,7:08:51,28/6/17,Day of week:,Wednesday,21.69,Grade Celsius,
37,54.04,W/m^2,7:08:54,28/6/17,Day of week:,Wednesday,21.69,Grade Celsius,
38,55.50,W/m^2,7:08:57,28/6/17,Day of week:,Wednesday,21.69,Grade Celsius,
38,54.04,W/m^2,7:09:00,28/6/17,Day of week:,Wednesday,21.75,Grade Celsius,
39,46.74,W/m^2,7:09:04,28/6/17,Day of week:,Wednesday,21.75,Grade Celsius,
43,46.74,W/m^2,7:09:07,28/6/17,Day of week:,Wednesday,21.75,Grade Celsius,
28,58.43,W/m^2,7:09:10,28/6/17,Day of week:,Wednesday,21.81,Grade Celsius,
39,61.35,W/m^2,7:09:13,28/6/17,Day of week:,Wednesday,21.81,Grade Celsius,
38,52.58,W/m^2,7:09:16,28/6/17,Day of week:,Wednesday,21.87,Grade Celsius,
35,58.43,W/m^2,7:09:19,28/6/17,Day of week:,Wednesday,21.87,Grade Celsius,
40,64.27,W/m^2,7:09:22,28/6/17,Day of week:,Wednesday,21.94,Grade Celsius,
39,58.43,W/m^2,7:09:25,28/6/17,Day of week:,Wednesday,21.94,Grade Celsius,
39,58.43,W/m^2,7:09:28,28/6/17,Day of week:,Wednesday,21.94,Grade Celsius,
42,58.43,W/m^2,7:09:31,28/6/17,Day of week:,Wednesday,22.00,Grade Celsius,
43,61.35,W/m^2,7:09:34,28/6/17,Day of week:,Wednesday,21.94,Grade Celsius,
38,58.43,W/m^2,7:09:37,28/6/17,Day of week:,Wednesday,21.94,Grade Celsius,
37,58.43,W/m^2,7:09:40,28/6/17,Day of week:,Wednesday,21.94,Grade Celsius,
39,58.43,W/m^2,7:09:43,28/6/17,Day of week:,Wednesday,22.00,Grade Celsius,
41,58.43,W/m^2,7:09:46,28/6/17,Day of week:,Wednesday,22.00,Grade Celsius,
38,58.43,W/m^2,7:09:49,28/6/17,Day of week:,Wednesday,22.00,Grade Celsius,
38,58.43,W/m^2,7:09:53,28/6/17,Day of week:,Wednesday,21.94,Grade Celsius,
40,59.89,W/m^2,7:09:56,28/6/17,Day of week:,Wednesday,21.87,Grade Celsius,
41,62.81,W/m^2,7:09:59,28/6/17,Day of week:,Wednesday,21.87,Grade Celsius,
43,61.35,W/m^2,7:10:02,28/6/17,Day of week:,Wednesday,21.81,Grade Celsius,
42,70.11,W/m^2,7:10:05,28/6/17,Day of week:,Wednesday,21.81,Grade Celsius,
35,70.11,W/m^2,7:10:08,28/6/17,Day of week:,Wednesday,21.87,Grade Celsius,
43,61.35,W/m^2,7:10:11,28/6/17,Day of week:,Wednesday,21.87,Grade Celsius,
45,65.73,W/m^2,7:10:14,28/6/17,Day of week:,Wednesday,21.94,Grade Celsius,
39,58.43,W/m^2,7:10:17,28/6/17,Day of week:,Wednesday,22.00,Grade Celsius,
39,49.66,W/m^2,7:10:20,28/6/17,Day of week:,Wednesday,22.00,Grade Celsius,
33,58.43,W/m^2,7:10:23,28/6/17,Day of week:,Wednesday,22.12,Grade Celsius,
38,58.43,W/m^2,7:10:26,28/6/17,Day of week:,Wednesday,22.12,Grade Celsius,
40,58.43,W/m^2,7:10:29,28/6/17,Day of week:,Wednesday,22.12,Grade Celsius,
41,51.12,W/m^2,7:10:32,28/6/17,Day of week:,Wednesday,22.25,Grade Celsius,
42,54.04,W/m^2,7:10:35,28/6/17,Day of week:,Wednesday,22.25,Grade Celsius,
43,65.73,W/m^2,7:10:38,28/6/17,Day of week:,Wednesday,22.25,Grade Celsius,
41,59.89,W/m^2,7:10:42,28/6/17,Day of week:,Wednesday,22.25,Grade Celsius,
41,59.89,W/m^2,7:10:45,28/6/17,Day of week:,Wednesday,22.25,Grade Celsius,
36,64.27,W/m^2,7:10:48,28/6/17,Day of week:,Wednesday,22.25,Grade Celsius,
49,61.35,W/m^2,7:10:51,28/6/17,Day of week:,Wednesday,22.31,Grade Celsius,
39,61.35,W/m^2,7:10:54,28/6/17,Day of week:,Wednesday,22.31,Grade Celsius,
35,70.11,W/m^2,7:10:57,28/6/17,Day of week:,Wednesday,22.31,Grade Celsius,
39,58.43,W/m^2,7:11:00,28/6/17,Day of week:,Wednesday,22.31,Grade Celsius,
40,52.58,W/m^2,7:11:03,28/6/17,Day of week:,Wednesday,22.37,Grade Celsius,
43,54.04,W/m^2,7:11:06,28/6/17,Day of week:,Wednesday,22.37,Grade Celsius,
40,58.43,W/m^2,7:11:09,28/6/17,Day of week:,Wednesday,22.44,Grade Celsius,
43,64.27,W/m^2,7:11:12,28/6/17,Day of week:,Wednesday,22.50,Grade Celsius,
41,58.43,W/m^2,7:11:15,28/6/17,Day of week:,Wednesday,22.56,Grade Celsius,
46,70.11,W/m^2,7:11:18,28/6/17,Day of week:,Wednesday,22.56,Grade Celsius,
40,58.43,W/m^2,7:11:21,28/6/17,Day of week:,Wednesday,22.56,Grade Celsius,
40,61.35,W/m^2,7:11:24,28/6/17,Day of week:,Wednesday,22.62,Grade Celsius,
46,73.03,W/m^2,7:11:27,28/6/17,Day of week:,Wednesday,22.56,Grade Celsius,
42,58.43,W/m^2,7:11:30,28/6/17,Day of week:,Wednesday,22.50,Grade Celsius,
39,59.89,W/m^2,7:11:34,28/6/17,Day of week:,Wednesday,22.50,Grade Celsius,
39,61.35,W/m^2,7:11:37,28/6/17,Day of week:,Wednesday,22.50,Grade Celsius,
38,61.35,W/m^2,7:11:40,28/6/17,Day of week:,Wednesday,22.56,Grade Celsius,
38,61.35,W/m^2,7:11:43,28/6/17,Day of week:,Wednesday,22.56,Grade Celsius,
35,64.27,W/m^2,7:11:46,28/6/17,Day of week:,Wednesday,22.62,Grade Celsius,
38,75.95,W/m^2,7:11:49,28/6/17,Day of week:,Wednesday,22.50,Grade Celsius,
38,58.43,W/m^2,7:11:52,28/6/17,Day of week:,Wednesday,22.50,Grade Celsius,
34,52.58,W/m^2,7:11:55,28/6/17,Day of week:,Wednesday,22.44,Grade Celsius,
33,54.04,W/m^2,7:11:58,28/6/17,Day of week:,Wednesday,22.37,Grade Celsius,
40,58.43,W/m^2,7:12:01,28/6/17,Day of week:,Wednesday,22.31,Grade Celsius,
40,52.58,W/m^2,7:12:04,28/6/17,Day of week:,Wednesday,22.31,Grade Celsius,
40,54.04,W/m^2,7:12:07,28/6/17,Day of week:,Wednesday,22.31,Grade Celsius,
40,58.43,W/m^2,7:12:10,28/6/17,Day of week:,Wednesday,22.31,Grade Celsius,
40,49.66,W/m^2,7:12:13,28/6/17,Day of week:,Wednesday,22.31,Grade Celsius,
40,58.43,W/m^2,7:12:16,28/6/17,Day of week:,Wednesday,22.25,Grade Celsius,
38,64.27,W/m^2,7:12:20,28/6/17,Day of week:,Wednesday,22.25,Grade Celsius,
40,73.03,W/m^2,7:12:23,28/6/17,Day of week:,Wednesday,22.31,Grade Celsius,
40,61.35,W/m^2,7:12:26,28/6/17,Day of week:,Wednesday,22.25,Grade Celsius,
41,58.43,W/m^2,7:12:29,28/6/17,Day of week:,Wednesday,22.19,Grade Celsius,
39,70.11,W/m^2,7:12:32,28/6/17,Day of week:,Wednesday,22.19,Grade Celsius,
32,64.27,W/m^2,7:12:35,28/6/17,Day of week:,Wednesday,22.12,Grade Celsius,
38,59.89,W/m^2,7:12:38,28/6/17,Day of week:,Wednesday,22.12,Grade Celsius,
39,59.89,W/m^2,7:12:41,28/6/17,Day of week:,Wednesday,22.19,Grade Celsius,
37,58.43,W/m^2,7:12:44,28/6/17,Day of week:,Wednesday,22.19,Grade Celsius,
38,55.50,W/m^2,7:12:47,28/6/17,Day of week:,Wednesday,22.19,Grade Celsius,
33,58.43,W/m^2,7:12:50,28/6/17,Day of week:,Wednesday,22.19,Grade Celsius,
37,58.43,W/m^2,7:12:53,28/6/17,Day of week:,Wednesday,22.12,Grade Celsius,
33,70.11,W/m^2,7:12:56,28/6/17,Day of week:,Wednesday,22.00,Grade Celsius,
41,65.73,W/m^2,7:12:59,28/6/17,Day of week:,Wednesday,22.00,Grade Celsius,
49,52.58,W/m^2,7:13:02,28/6/17,Day of week:,Wednesday,22.00,Grade Celsius,
45,73.03,W/m^2,7:13:05,28/6/17,Day of week:,Wednesday,22.00,Grade Celsius,
47,64.27,W/m^2,7:13:09,28/6/17,Day of week:,Wednesday,22.00,Grade Celsius,
49,61.35,W/m^2,7:13:12,28/6/17,Day of week:,Wednesday,22.00,Grade Celsius,
51,64.27,W/m^2,7:13:15,28/6/17,Day of week:,Wednesday,21.94,Grade Celsius,
41,70.11,W/m^2,7:13:18,28/6/17,Day of week:,Wednesday,21.87,Grade Celsius,
38,55.50,W/m^2,7:13:21,28/6/17,Day of week:,Wednesday,21.87,Grade Celsius,
43,58.43,W/m^2,7:13:24,28/6/17,Day of week:,Wednesday,21.94,Grade Celsius,
43,64.27,W/m^2,7:13:27,28/6/17,Day of week:,Wednesday,22.00,Grade Celsius,
38,64.27,W/m^2,7:13:30,28/6/17,Day of week:,Wednesday,22.00,Grade Celsius,
33,71.57,W/m^2,7:13:33,28/6/17,Day of week:,Wednesday,22.06,Grade Celsius,
39,64.27,W/m^2,7:13:36,28/6/17,Day of week:,Wednesday,22.12,Grade Celsius,
42,61.35,W/m^2,7:13:39,28/6/17,Day of week:,Wednesday,22.19,Grade Celsius,
41,58.43,W/m^2,7:13:42,28/6/17,Day of week:,Wednesday,22.25,Grade Celsius,
42,61.35,W/m^2,7:13:45,28/6/17,Day of week:,Wednesday,22.25,Grade Celsius,
38,59.89,W/m^2,7:13:49,28/6/17,Day of week:,Wednesday,22.31,Grade Celsius,
41,61.35,W/m^2,7:13:52,28/6/17,Day of week:,Wednesday,22.37,Grade Celsius,
40,64.27,W/m^2,7:13:55,28/6/17,Day of week:,Wednesday,22.44,Grade Celsius,
40,58.43,W/m^2,7:13:58,28/6/17,Day of week:,Wednesday,22.50,Grade Celsius,
43,52.58,W/m^2,7:14:01,28/6/17,Day of week:,Wednesday,22.56,Grade Celsius,
42,61.35,W/m^2,7:14:04,28/6/17,Day of week:,Wednesday,22.62,Grade Celsius,
44,70.11,W/m^2,7:14:07,28/6/17,Day of week:,Wednesday,22.69,Grade Celsius,
44,64.27,W/m^2,7:14:10,28/6/17,Day of week:,Wednesday,22.75,Grade Celsius,
50,67.19,W/m^2,7:14:13,28/6/17,Day of week:,Wednesday,22.81,Grade Celsius,
44,70.11,W/m^2,7:14:16,28/6/17,Day of week:,Wednesday,22.87,Grade Celsius,
47,62.81,W/m^2,7:14:19,28/6/17,Day of week:,Wednesday,22.94,Grade Celsius,
49,70.11,W/m^2,7:14:22,28/6/17,Day of week:,Wednesday,23.00,Grade Celsius,
46,65.73,W/m^2,7:14:25,28/6/17,Day of week:,Wednesday,23.00,Grade Celsius,
43,70.11,W/m^2,7:14:28,28/6/17,Day of week:,Wednesday,23.12,Grade Celsius,
38,65.73,W/m^2,7:14:31,28/6/17,Day of week:,Wednesday,23.19,Grade Celsius,
42,62.81,W/m^2,7:14:34,28/6/17,Day of week:,Wednesday,23.25,Grade Celsius,
45,58.43,W/m^2,7:14:37,28/6/17,Day of week:,Wednesday,23.25,Grade Celsius,
45,70.11,W/m^2,7:14:41,28/6/17,Day of week:,Wednesday,23.31,Grade Celsius,
38,70.11,W/m^2,7:14:44,28/6/17,Day of week:,Wednesday,23.37,Grade Celsius,
45,70.11,W/m^2,7:14:47,28/6/17,Day of week:,Wednesday,23.37,Grade Celsius,
46,70.11,W/m^2,7:14:50,28/6/17,Day of week:,Wednesday,23.37,Grade Celsius,
46,70.11,W/m^2,7:14:53,28/6/17,Day of week:,Wednesday,23.44,Grade Celsius,
45,70.11,W/m^2,7:14:56,28/6/17,Day of week:,Wednesday,23.50,Grade Celsius,
47,58.43,W/m^2,7:14:59,28/6/17,Day of week:,Wednesday,23.50,Grade Celsius,
47,70.11,W/m^2,7:15:02,28/6/17,Day of week:,Wednesday,23.56,Grade Celsius,
47,58.43,W/m^2,7:15:05,28/6/17,Day of week:,Wednesday,23.69,Grade Celsius,
48,71.57,W/m^2,7:15:08,28/6/17,Day of week:,Wednesday,23.75,Grade Celsius,
57,70.11,W/m^2,7:15:11,28/6/17,Day of week:,Wednesday,23.81,Grade Celsius,
48,71.57,W/m^2,7:15:14,28/6/17,Day of week:,Wednesday,23.81,Grade Celsius,
51,73.03,W/m^2,7:15:17,28/6/17,Day of week:,Wednesday,23.81,Grade Celsius,
46,61.35,W/m^2,7:15:20,28/6/17,Day of week:,Wednesday,23.81,Grade Celsius,
51,58.43,W/m^2,7:15:23,28/6/17,Day of week:,Wednesday,23.87,Grade Celsius,
44,81.80,W/m^2,7:15:26,28/6/17,Day of week:,Wednesday,23.87,Grade Celsius,
43,70.11,W/m^2,7:15:30,28/6/17,Day of week:,Wednesday,23.87,Grade Celsius,
48,70.11,W/m^2,7:15:33,28/6/17,Day of week:,Wednesday,23.94,Grade Celsius,
48,70.11,W/m^2,7:15:36,28/6/17,Day of week:,Wednesday,24.00,Grade Celsius,
48,64.27,W/m^2,7:15:39,28/6/17,Day of week:,Wednesday,24.00,Grade Celsius,
43,70.11,W/m^2,7:15:42,28/6/17,Day of week:,Wednesday,24.06,Grade Celsius,
41,75.95,W/m^2,7:15:45,28/6/17,Day of week:,Wednesday,24.12,Grade Celsius,
46,71.57,W/m^2,7:15:48,28/6/17,Day of week:,Wednesday,24.06,Grade Celsius,
44,70.11,W/m^2,7:15:51,28/6/17,Day of week:,Wednesday,24.06,Grade Celsius,
45,59.89,W/m^2,7:15:54,28/6/17,Day of week:,Wednesday,24.06,Grade Celsius,
47,64.27,W/m^2,7:15:57,28/6/17,Day of week:,Wednesday,24.00,Grade Celsius,
40,73.03,W/m^2,7:16:00,28/6/17,Day of week:,Wednesday,24.12,Grade Celsius,
54,73.03,W/m^2,7:16:03,28/6/17,Day of week:,Wednesday,24.12,Grade Celsius,
46,70.11,W/m^2,7:16:06,28/6/17,Day of week:,Wednesday,24.12,Grade Celsius,
55,70.11,W/m^2,7:16:09,28/6/17,Day of week:,Wednesday,24.19,Grade Celsius,
45,58.43,W/m^2,7:16:12,28/6/17,Day of week:,Wednesday,24.25,Grade Celsius,
46,61.35,W/m^2,7:16:15,28/6/17,Day of week:,Wednesday,24.25,Grade Celsius,
42,70.11,W/m^2,7:16:19,28/6/17,Day of week:,Wednesday,24.31,Grade Celsius,
48,73.03,W/m^2,7:16:22,28/6/17,Day of week:,Wednesday,24.37,Grade Celsius,
46,71.57,W/m^2,7:16:25,28/6/17,Day of week:,Wednesday,24.44,Grade Celsius,
44,61.35,W/m^2,7:16:28,28/6/17,Day of week:,Wednesday,24.50,Grade Celsius,
46,70.11,W/m^2,7:16:31,28/6/17,Day of week:,Wednesday,24.50,Grade Celsius,
41,62.81,W/m^2,7:16:34,28/6/17,Day of week:,Wednesday,24.62,Grade Celsius,
49,70.11,W/m^2,7:16:37,28/6/17,Day of week:,Wednesday,24.69,Grade Celsius,
50,70.11,W/m^2,7:16:40,28/6/17,Day of week:,Wednesday,24.81,Grade Celsius,
48,58.43,W/m^2,7:16:43,28/6/17,Day of week:,Wednesday,24.81,Grade Celsius,
51,73.03,W/m^2,7:16:46,28/6/17,Day of week:,Wednesday,24.94,Grade Celsius,
47,73.03,W/m^2,7:16:49,28/6/17,Day of week:,Wednesday,24.94,Grade Celsius,
47,70.11,W/m^2,7:16:52,28/6/17,Day of week:,Wednesday,25.00,Grade Celsius,
49,84.72,W/m^2,7:16:55,28/6/17,Day of week:,Wednesday,25.00,Grade Celsius,
47,71.57,W/m^2,7:16:58,28/6/17,Day of week:,Wednesday,25.00,Grade Celsius,
46,75.95,W/m^2,7:17:01,28/6/17,Day of week:,Wednesday,25.00,Grade Celsius,
46,70.11,W/m^2,7:17:04,28/6/17,Day of week:,Wednesday,24.94,Grade Celsius,
43,70.11,W/m^2,7:17:08,28/6/17,Day of week:,Wednesday,24.87,Grade Celsius,
47,73.03,W/m^2,7:17:11,28/6/17,Day of week:,Wednesday,24.87,Grade Celsius,
49,70.11,W/m^2,7:17:14,28/6/17,Day of week:,Wednesday,24.87,Grade Celsius,
48,62.81,W/m^2,7:17:17,28/6/17,Day of week:,Wednesday,24.87,Grade Celsius,
48,70.11,W/m^2,7:17:20,28/6/17,Day of week:,Wednesday,24.87,Grade Celsius,
57,62.81,W/m^2,7:17:23,28/6/17,Day of week:,Wednesday,24.94,Grade Celsius,
47,61.35,W/m^2,7:17:26,28/6/17,Day of week:,Wednesday,24.94,Grade Celsius,
48,81.80,W/m^2,7:17:29,28/6/17,Day of week:,Wednesday,25.00,Grade Celsius,
48,71.57,W/m^2,7:17:32,28/6/17,Day of week:,Wednesday,25.00,Grade Celsius,
48,71.57,W/m^2,7:17:35,28/6/17,Day of week:,Wednesday,25.12,Grade Celsius,
56,73.03,W/m^2,7:17:38,28/6/17,Day of week:,Wednesday,25.19,Grade Celsius,
47,81.80,W/m^2,7:17:41,28/6/17,Day of week:,Wednesday,25.25,Grade Celsius,
39,73.03,W/m^2,7:17:44,28/6/17,Day of week:,Wednesday,25.25,Grade Celsius,
41,73.03,W/m^2,7:17:47,28/6/17,Day of week:,Wednesday,25.31,Grade Celsius,
45,70.11,W/m^2,7:17:50,28/6/17,Day of week:,Wednesday,25.25,Grade Celsius,
47,70.11,W/m^2,7:17:53,28/6/17,Day of week:,Wednesday,25.31,Grade Celsius,
43,70.11,W/m^2,7:17:57,28/6/17,Day of week:,Wednesday,25.37,Grade Celsius,
37,70.11,W/m^2,7:18:00,28/6/17,Day of week:,Wednesday,25.44,Grade Celsius,
47,81.80,W/m^2,7:18:03,28/6/17,Day of week:,Wednesday,25.44,Grade Celsius,
48,70.11,W/m^2,7:18:06,28/6/17,Day of week:,Wednesday,25.50,Grade Celsius,
42,73.03,W/m^2,7:18:09,28/6/17,Day of week:,Wednesday,25.56,Grade Celsius,
44,70.11,W/m^2,7:18:12,28/6/17,Day of week:,Wednesday,25.50,Grade Celsius,
43,70.11,W/m^2,7:18:15,28/6/17,Day of week:,Wednesday,25.50,Grade Celsius,
46,61.35,W/m^2,7:18:18,28/6/17,Day of week:,Wednesday,25.44,Grade Celsius,
47,64.27,W/m^2,7:18:21,28/6/17,Day of week:,Wednesday,25.44,Grade Celsius,
53,70.11,W/m^2,7:18:24,28/6/17,Day of week:,Wednesday,25.37,Grade Celsius,
49,70.11,W/m^2,7:18:27,28/6/17,Day of week:,Wednesday,25.44,Grade Celsius,
39,73.03,W/m^2,7:18:30,28/6/17,Day of week:,Wednesday,25.50,Grade Celsius,
43,58.43,W/m^2,7:18:33,28/6/17,Day of week:,Wednesday,25.56,Grade Celsius,
45,70.11,W/m^2,7:18:36,28/6/17,Day of week:,Wednesday,25.69,Grade Celsius,
46,58.43,W/m^2,7:18:39,28/6/17,Day of week:,Wednesday,25.69,Grade Celsius,
56,71.57,W/m^2,7:18:42,28/6/17,Day of week:,Wednesday,25.62,Grade Celsius,
46,70.11,W/m^2,7:18:46,28/6/17,Day of week:,Wednesday,25.56,Grade Celsius,
47,70.11,W/m^2,7:18:49,28/6/17,Day of week:,Wednesday,25.56,Grade Celsius,
53,70.11,W/m^2,7:18:52,28/6/17,Day of week:,Wednesday,25.62,Grade Celsius,
46,70.11,W/m^2,7:18:55,28/6/17,Day of week:,Wednesday,25.50,Grade Celsius,
37,74.49,W/m^2,7:18:58,28/6/17,Day of week:,Wednesday,25.44,Grade Celsius,
46,58.43,W/m^2,7:19:01,28/6/17,Day of week:,Wednesday,25.37,Grade Celsius,
56,70.11,W/m^2,7:19:04,28/6/17,Day of week:,Wednesday,25.37,Grade Celsius,
49,70.11,W/m^2,7:19:07,28/6/17,Day of week:,Wednesday,25.31,Grade Celsius,
40,64.27,W/m^2,7:19:10,28/6/17,Day of week:,Wednesday,25.31,Grade Celsius,
47,70.11,W/m^2,7:19:13,28/6/17,Day of week:,Wednesday,25.44,Grade Celsius,
47,71.57,W/m^2,7:19:16,28/6/17,Day of week:,Wednesday,25.50,Grade Celsius,
47,83.26,W/m^2,7:19:19,28/6/17,Day of week:,Wednesday,25.62,Grade Celsius,
47,70.11,W/m^2,7:19:22,28/6/17,Day of week:,Wednesday,25.56,Grade Celsius,
41,70.11,W/m^2,7:19:25,28/6/17,Day of week:,Wednesday,25.69,Grade Celsius,
51,59.89,W/m^2,7:19:28,28/6/17,Day of week:,Wednesday,25.62,Grade Celsius,
51,59.89,W/m^2,7:19:32,28/6/17,Day of week:,Wednesday,25.62,Grade Celsius,
45,71.57,W/m^2,7:19:35,28/6/17,Day of week:,Wednesday,25.69,Grade Celsius,
37,65.73,W/m^2,7:19:38,28/6/17,Day of week:,Wednesday,25.81,Grade Celsius,
42,70.11,W/m^2,7:19:41,28/6/17,Day of week:,Wednesday,25.87,Grade Celsius,
42,70.11,W/m^2,7:19:44,28/6/17,Day of week:,Wednesday,25.81,Grade Celsius,
45,70.11,W/m^2,7:19:47,28/6/17,Day of week:,Wednesday,25.87,Grade Celsius,
47,70.11,W/m^2,7:19:50,28/6/17,Day of week:,Wednesday,25.81,Grade Celsius,
46,70.11,W/m^2,7:19:53,28/6/17,Day of week:,Wednesday,25.87,Grade Celsius,
47,70.11,W/m^2,7:19:56,28/6/17,Day of week:,Wednesday,26.00,Grade Celsius,
48,64.27,W/m^2,7:19:59,28/6/17,Day of week:,Wednesday,26.12,Grade Celsius,
46,70.11,W/m^2,7:20:02,28/6/17,Day of week:,Wednesday,26.25,Grade Celsius,
45,64.27,W/m^2,7:20:05,28/6/17,Day of week:,Wednesday,26.31,Grade Celsius,
43,70.11,W/m^2,7:20:08,28/6/17,Day of week:,Wednesday,26.44,Grade Celsius,
45,70.11,W/m^2,7:20:11,28/6/17,Day of week:,Wednesday,26.50,Grade Celsius,
48,61.35,W/m^2,7:20:14,28/6/17,Day of week:,Wednesday,26.56,Grade Celsius,
46,58.43,W/m^2,7:20:17,28/6/17,Day of week:,Wednesday,26.62,Grade Celsius,
47,71.57,W/m^2,7:20:21,28/6/17,Day of week:,Wednesday,26.75,Grade Celsius,
46,70.11,W/m^2,7:20:24,28/6/17,Day of week:,Wednesday,26.75,Grade Celsius,
46,64.27,W/m^2,7:20:27,28/6/17,Day of week:,Wednesday,26.81,Grade Celsius,
44,70.11,W/m^2,7:20:30,28/6/17,Day of week:,Wednesday,26.87,Grade Celsius,
44,64.27,W/m^2,7:20:33,28/6/17,Day of week:,Wednesday,26.94,Grade Celsius,
42,58.43,W/m^2,7:20:36,28/6/17,Day of week:,Wednesday,26.81,Grade Celsius,
48,73.03,W/m^2,7:20:39,28/6/17,Day of week:,Wednesday,26.81,Grade Celsius,
45,70.11,W/m^2,7:20:42,28/6/17,Day of week:,Wednesday,26.87,Grade Celsius,
45,59.89,W/m^2,7:20:45,28/6/17,Day of week:,Wednesday,26.81,Grade Celsius,
46,70.11,W/m^2,7:20:48,28/6/17,Day of week:,Wednesday,26.81,Grade Celsius,
48,70.11,W/m^2,7:20:51,28/6/17,Day of week:,Wednesday,26.87,Grade Celsius,
51,70.11,W/m^2,7:20:54,28/6/17,Day of week:,Wednesday,26.94,Grade Celsius,
43,65.73,W/m^2,7:20:57,28/6/17,Day of week:,Wednesday,26.94,Grade Celsius,
45,64.27,W/m^2,7:21:00,28/6/17,Day of week:,Wednesday,26.94,Grade Celsius,
41,70.11,W/m^2,7:21:03,28/6/17,Day of week:,Wednesday,26.81,Grade Celsius,
41,64.27,W/m^2,7:21:06,28/6/17,Day of week:,Wednesday,26.69,Grade Celsius,
41,70.11,W/m^2,7:21:09,28/6/17,Day of week:,Wednesday,26.56,Grade Celsius,
40,61.35,W/m^2,7:21:13,28/6/17,Day of week:,Wednesday,26.50,Grade Celsius,
43,64.27,W/m^2,7:21:16,28/6/17,Day of week:,Wednesday,26.50,Grade Celsius,
37,58.43,W/m^2,7:21:19,28/6/17,Day of week:,Wednesday,26.37,Grade Celsius,
39,59.89,W/m^2,7:21:22,28/6/17,Day of week:,Wednesday,26.25,Grade Celsius,
40,58.43,W/m^2,7:21:25,28/6/17,Day of week:,Wednesday,26.00,Grade Celsius,
40,52.58,W/m^2,7:21:28,28/6/17,Day of week:,Wednesday,25.75,Grade Celsius,
44,52.58,W/m^2,7:21:31,28/6/17,Day of week:,Wednesday,25.62,Grade Celsius,
35,64.27,W/m^2,7:21:34,28/6/17,Day of week:,Wednesday,25.50,Grade Celsius,
35,59.89,W/m^2,7:21:37,28/6/17,Day of week:,Wednesday,25.50,Grade Celsius,
38,64.27,W/m^2,7:21:40,28/6/17,Day of week:,Wednesday,25.37,Grade Celsius,
37,58.43,W/m^2,7:21:43,28/6/17,Day of week:,Wednesday,25.31,Grade Celsius,
38,58.43,W/m^2,7:21:46,28/6/17,Day of week:,Wednesday,25.12,Grade Celsius,
35,58.43,W/m^2,7:21:49,28/6/17,Day of week:,Wednesday,25.00,Grade Celsius,
36,48.20,W/m^2,7:21:52,28/6/17,Day of week:,Wednesday,24.94,Grade Celsius,
38,58.43,W/m^2,7:21:55,28/6/17,Day of week:,Wednesday,24.81,Grade Celsius,
38,70.11,W/m^2,7:21:59,28/6/17,Day of week:,Wednesday,24.75,Grade Celsius,
36,58.43,W/m^2,7:22:02,28/6/17,Day of week:,Wednesday,24.75,Grade Celsius,
39,61.35,W/m^2,7:22:05,28/6/17,Day of week:,Wednesday,24.69,Grade Celsius,
35,59.89,W/m^2,7:22:08,28/6/17,Day of week:,Wednesday,24.62,Grade Celsius,
41,59.89,W/m^2,7:22:11,28/6/17,Day of week:,Wednesday,24.56,Grade Celsius,
40,61.35,W/m^2,7:22:14,28/6/17,Day of week:,Wednesday,24.50,Grade Celsius,
40,58.43,W/m^2,7:22:17,28/6/17,Day of week:,Wednesday,24.50,Grade Celsius,
39,61.35,W/m^2,7:22:20,28/6/17,Day of week:,Wednesday,24.44,Grade Celsius,
36,52.58,W/m^2,7:22:23,28/6/17,Day of week:,Wednesday,24.44,Grade Celsius,
39,58.43,W/m^2,7:22:26,28/6/17,Day of week:,Wednesday,24.50,Grade Celsius,
39,61.35,W/m^2,7:22:29,28/6/17,Day of week:,Wednesday,24.50,Grade Celsius,
39,61.35,W/m^2,7:22:32,28/6/17,Day of week:,Wednesday,24.44,Grade Celsius,
40,52.58,W/m^2,7:22:35,28/6/17,Day of week:,Wednesday,24.44,Grade Celsius,
36,58.43,W/m^2,7:22:38,28/6/17,Day of week:,Wednesday,24.44,Grade Celsius,
42,59.89,W/m^2,7:22:41,28/6/17,Day of week:,Wednesday,24.50,Grade Celsius,
39,55.50,W/m^2,7:22:44,28/6/17,Day of week:,Wednesday,24.44,Grade Celsius,
38,58.43,W/m^2,7:22:48,28/6/17,Day of week:,Wednesday,24.44,Grade Celsius,
39,58.43,W/m^2,7:22:51,28/6/17,Day of week:,Wednesday,24.37,Grade Celsius,
37,55.50,W/m^2,7:22:54,28/6/17,Day of week:,Wednesday,24.44,Grade Celsius,
40,59.89,W/m^2,7:22:57,28/6/17,Day of week:,Wednesday,24.44,Grade Celsius,
36,49.66,W/m^2,7:23:00,28/6/17,Day of week:,Wednesday,24.37,Grade Celsius,
41,64.27,W/m^2,7:23:03,28/6/17,Day of week:,Wednesday,24.31,Grade Celsius,
37,55.50,W/m^2,7:23:06,28/6/17,Day of week:,Wednesday,24.31,Grade Celsius,
40,52.58,W/m^2,7:23:09,28/6/17,Day of week:,Wednesday,24.19,Grade Celsius,
39,64.27,W/m^2,7:23:12,28/6/17,Day of week:,Wednesday,24.12,Grade Celsius,
37,59.89,W/m^2,7:23:15,28/6/17,Day of week:,Wednesday,24.12,Grade Celsius,
40,59.89,W/m^2,7:23:18,28/6/17,Day of week:,Wednesday,24.06,Grade Celsius,
38,59.89,W/m^2,7:23:21,28/6/17,Day of week:,Wednesday,24.06,Grade Celsius,
40,54.04,W/m^2,7:23:24,28/6/17,Day of week:,Wednesday,24.12,Grade Celsius,
39,61.35,W/m^2,7:23:27,28/6/17,Day of week:,Wednesday,24.12,Grade Celsius,
40,58.43,W/m^2,7:23:30,28/6/17,Day of week:,Wednesday,24.06,Grade Celsius,
36,58.43,W/m^2,7:23:33,28/6/17,Day of week:,Wednesday,24.06,Grade Celsius,
39,58.43,W/m^2,7:23:36,28/6/17,Day of week:,Wednesday,24.06,Grade Celsius,
41,64.27,W/m^2,7:23:40,28/6/17,Day of week:,Wednesday,24.00,Grade Celsius,
42,61.35,W/m^2,7:23:43,28/6/17,Day of week:,Wednesday,24.00,Grade Celsius,
45,61.35,W/m^2,7:23:46,28/6/17,Day of week:,Wednesday,23.94,Grade Celsius,
40,61.35,W/m^2,7:23:49,28/6/17,Day of week:,Wednesday,23.94,Grade Celsius,
41,61.35,W/m^2,7:23:52,28/6/17,Day of week:,Wednesday,23.94,Grade Celsius,
41,64.27,W/m^2,7:23:55,28/6/17,Day of week:,Wednesday,23.87,Grade Celsius,
43,61.35,W/m^2,7:23:58,28/6/17,Day of week:,Wednesday,23.94,Grade Celsius,
40,52.58,W/m^2,7:24:01,28/6/17,Day of week:,Wednesday,23.94,Grade Celsius,
40,58.43,W/m^2,7:24:04,28/6/17,Day of week:,Wednesday,23.87,Grade Celsius,
37,61.35,W/m^2,7:24:07,28/6/17,Day of week:,Wednesday,23.81,Grade Celsius,
40,59.89,W/m^2,7:24:10,28/6/17,Day of week:,Wednesday,23.81,Grade Celsius,
48,64.27,W/m^2,7:24:13,28/6/17,Day of week:,Wednesday,23.81,Grade Celsius,
40,51.12,W/m^2,7:24:16,28/6/17,Day of week:,Wednesday,23.69,Grade Celsius,
34,64.27,W/m^2,7:24:20,28/6/17,Day of week:,Wednesday,23.69,Grade Celsius,
42,64.27,W/m^2,7:24:23,28/6/17,Day of week:,Wednesday,23.69,Grade Celsius,
41,73.03,W/m^2,7:24:26,28/6/17,Day of week:,Wednesday,23.69,Grade Celsius,
41,70.11,W/m^2,7:24:29,28/6/17,Day of week:,Wednesday,23.69,Grade Celsius,
36,67.19,W/m^2,7:24:32,28/6/17,Day of week:,Wednesday,23.69,Grade Celsius,
38,70.11,W/m^2,7:24:35,28/6/17,Day of week:,Wednesday,23.75,Grade Celsius,
47,70.11,W/m^2,7:24:38,28/6/17,Day of week:,Wednesday,23.81,Grade Celsius,
42,61.35,W/m^2,7:24:41,28/6/17,Day of week:,Wednesday,23.81,Grade Celsius,
38,64.27,W/m^2,7:24:44,28/6/17,Day of week:,Wednesday,23.81,Grade Celsius,
39,58.43,W/m^2,7:24:47,28/6/17,Day of week:,Wednesday,23.87,Grade Celsius,
41,64.27,W/m^2,7:24:50,28/6/17,Day of week:,Wednesday,23.87,Grade Celsius,
41,64.27,W/m^2,7:24:53,28/6/17,Day of week:,Wednesday,24.00,Grade Celsius,
45,64.27,W/m^2,7:24:56,28/6/17,Day of week:,Wednesday,24.00,Grade Celsius,
41,70.11,W/m^2,7:24:59,28/6/17,Day of week:,Wednesday,24.06,Grade Celsius,
54,64.27,W/m^2,7:25:02,28/6/17,Day of week:,Wednesday,24.06,Grade Celsius,
45,64.27,W/m^2,7:25:05,28/6/17,Day of week:,Wednesday,24.12,Grade Celsius,
50,58.43,W/m^2,7:25:09,28/6/17,Day of week:,Wednesday,24.19,Grade Celsius,
35,58.43,W/m^2,7:25:12,28/6/17,Day of week:,Wednesday,24.19,Grade Celsius,
44,54.04,W/m^2,7:25:15,28/6/17,Day of week:,Wednesday,24.25,Grade Celsius,
43,64.27,W/m^2,7:25:18,28/6/17,Day of week:,Wednesday,24.25,Grade Celsius,
43,70.11,W/m^2,7:25:21,28/6/17,Day of week:,Wednesday,24.19,Grade Celsius,
43,64.27,W/m^2,7:25:24,28/6/17,Day of week:,Wednesday,24.19,Grade Celsius,
50,70.11,W/m^2,7:25:27,28/6/17,Day of week:,Wednesday,24.12,Grade Celsius,
43,73.03,W/m^2,7:25:30,28/6/17,Day of week:,Wednesday,24.19,Grade Celsius,
43,70.11,W/m^2,7:25:33,28/6/17,Day of week:,Wednesday,24.25,Grade Celsius,
42,64.27,W/m^2,7:25:36,28/6/17,Day of week:,Wednesday,24.31,Grade Celsius,
43,65.73,W/m^2,7:25:39,28/6/17,Day of week:,Wednesday,24.31,Grade Celsius,
37,70.11,W/m^2,7:25:42,28/6/17,Day of week:,Wednesday,24.37,Grade Celsius,
46,64.27,W/m^2,7:25:45,28/6/17,Day of week:,Wednesday,24.50,Grade Celsius,
38,70.11,W/m^2,7:25:48,28/6/17,Day of week:,Wednesday,24.50,Grade Celsius,
42,58.43,W/m^2,7:25:51,28/6/17,Day of week:,Wednesday,24.62,Grade Celsius,
46,70.11,W/m^2,7:25:54,28/6/17,Day of week:,Wednesday,24.62,Grade Celsius,
47,70.11,W/m^2,7:25:58,28/6/17,Day of week:,Wednesday,24.75,Grade Celsius,
48,73.03,W/m^2,7:26:01,28/6/17,Day of week:,Wednesday,24.81,Grade Celsius,
46,70.11,W/m^2,7:26:04,28/6/17,Day of week:,Wednesday,24.81,Grade Celsius,
45,77.41,W/m^2,7:26:07,28/6/17,Day of week:,Wednesday,24.94,Grade Celsius,
48,70.11,W/m^2,7:26:10,28/6/17,Day of week:,Wednesday,24.94,Grade Celsius,
48,70.11,W/m^2,7:26:13,28/6/17,Day of week:,Wednesday,25.06,Grade Celsius,
48,81.80,W/m^2,7:26:16,28/6/17,Day of week:,Wednesday,25.19,Grade Celsius,
46,70.11,W/m^2,7:26:19,28/6/17,Day of week:,Wednesday,25.31,Grade Celsius,
48,70.11,W/m^2,7:26:22,28/6/17,Day of week:,Wednesday,25.37,Grade Celsius,
54,58.43,W/m^2,7:26:25,28/6/17,Day of week:,Wednesday,25.44,Grade Celsius,
45,71.57,W/m^2,7:26:28,28/6/17,Day of week:,Wednesday,25.31,Grade Celsius,
46,73.03,W/m^2,7:26:31,28/6/17,Day of week:,Wednesday,25.25,Grade Celsius,
49,77.41,W/m^2,7:26:34,28/6/17,Day of week:,Wednesday,25.31,Grade Celsius,
50,71.57,W/m^2,7:26:37,28/6/17,Day of week:,Wednesday,25.25,Grade Celsius,
50,73.03,W/m^2,7:26:40,28/6/17,Day of week:,Wednesday,25.19,Grade Celsius,
47,70.11,W/m^2,7:26:43,28/6/17,Day of week:,Wednesday,25.12,Grade Celsius,
51,75.95,W/m^2,7:26:47,28/6/17,Day of week:,Wednesday,25.06,Grade Celsius,
50,73.03,W/m^2,7:26:50,28/6/17,Day of week:,Wednesday,25.00,Grade Celsius,
44,75.95,W/m^2,7:26:53,28/6/17,Day of week:,Wednesday,25.00,Grade Celsius,
49,73.03,W/m^2,7:26:56,28/6/17,Day of week:,Wednesday,24.94,Grade Celsius,
50,75.95,W/m^2,7:26:59,28/6/17,Day of week:,Wednesday,25.00,Grade Celsius,
46,75.95,W/m^2,7:27:02,28/6/17,Day of week:,Wednesday,25.00,Grade Celsius,
46,87.64,W/m^2,7:27:05,28/6/17,Day of week:,Wednesday,25.19,Grade Celsius,
48,61.35,W/m^2,7:27:08,28/6/17,Day of week:,Wednesday,25.06,Grade Celsius,
51,75.95,W/m^2,7:27:11,28/6/17,Day of week:,Wednesday,25.12,Grade Celsius,
55,75.95,W/m^2,7:27:14,28/6/17,Day of week:,Wednesday,25.12,Grade Celsius,
50,75.95,W/m^2,7:27:17,28/6/17,Day of week:,Wednesday,25.06,Grade Celsius,
49,75.95,W/m^2,7:27:20,28/6/17,Day of week:,Wednesday,25.12,Grade Celsius,
49,75.95,W/m^2,7:27:23,28/6/17,Day of week:,Wednesday,25.06,Grade Celsius,
50,70.11,W/m^2,7:27:26,28/6/17,Day of week:,Wednesday,25.06,Grade Celsius,
49,75.95,W/m^2,7:27:29,28/6/17,Day of week:,Wednesday,25.00,Grade Celsius,
51,75.95,W/m^2,7:27:32,28/6/17,Day of week:,Wednesday,25.00,Grade Celsius,
51,73.03,W/m^2,7:27:36,28/6/17,Day of week:,Wednesday,25.00,Grade Celsius,
48,77.41,W/m^2,7:27:39,28/6/17,Day of week:,Wednesday,25.12,Grade Celsius,
55,74.49,W/m^2,7:27:42,28/6/17,Day of week:,Wednesday,25.19,Grade Celsius,
49,78.87,W/m^2,7:27:45,28/6/17,Day of week:,Wednesday,25.25,Grade Celsius,
50,70.11,W/m^2,7:27:48,28/6/17,Day of week:,Wednesday,25.31,Grade Celsius,
57,74.49,W/m^2,7:27:51,28/6/17,Day of week:,Wednesday,25.44,Grade Celsius,
50,73.03,W/m^2,7:27:54,28/6/17,Day of week:,Wednesday,25.50,Grade Celsius,
48,81.80,W/m^2,7:27:57,28/6/17,Day of week:,Wednesday,25.50,Grade Celsius,
50,73.03,W/m^2,7:28:00,28/6/17,Day of week:,Wednesday,25.44,Grade Celsius,
51,77.41,W/m^2,7:28:03,28/6/17,Day of week:,Wednesday,25.37,Grade Celsius,
54,75.95,W/m^2,7:28:06,28/6/17,Day of week:,Wednesday,25.44,Grade Celsius,
53,75.95,W/m^2,7:28:09,28/6/17,Day of week:,Wednesday,25.44,Grade Celsius,
53,89.10,W/m^2,7:28:12,28/6/17,Day of week:,Wednesday,25.37,Grade Celsius,
59,81.80,W/m^2,7:28:15,28/6/17,Day of week:,Wednesday,25.37,Grade Celsius,
53,81.80,W/m^2,7:28:18,28/6/17,Day of week:,Wednesday,25.25,Grade Celsius,
54,65.73,W/m^2,7:28:21,28/6/17,Day of week:,Wednesday,25.31,Grade Celsius,
54,83.26,W/m^2,7:28:25,28/6/17,Day of week:,Wednesday,25.00,Grade Celsius,
57,87.64,W/m^2,7:28:28,28/6/17,Day of week:,Wednesday,25.12,Grade Celsius,
53,77.41,W/m^2,7:28:31,28/6/17,Day of week:,Wednesday,25.19,Grade Celsius,
55,77.41,W/m^2,7:28:34,28/6/17,Day of week:,Wednesday,25.06,Grade Celsius,
52,81.80,W/m^2,7:28:37,28/6/17,Day of week:,Wednesday,25.12,Grade Celsius,
54,74.49,W/m^2,7:28:40,28/6/17,Day of week:,Wednesday,25.25,Grade Celsius,
55,77.41,W/m^2,7:28:43,28/6/17,Day of week:,Wednesday,25.25,Grade Celsius,
56,77.41,W/m^2,7:28:46,28/6/17,Day of week:,Wednesday,25.37,Grade Celsius,
55,81.80,W/m^2,7:28:49,28/6/17,Day of week:,Wednesday,25.31,Grade Celsius,
52,81.80,W/m^2,7:28:52,28/6/17,Day of week:,Wednesday,25.44,Grade Celsius,
54,93.48,W/m^2,7:28:55,28/6/17,Day of week:,Wednesday,25.50,Grade Celsius,
54,81.80,W/m^2,7:28:58,28/6/17,Day of week:,Wednesday,25.56,Grade Celsius,
53,81.80,W/m^2,7:29:01,28/6/17,Day of week:,Wednesday,25.69,Grade Celsius,
54,81.80,W/m^2,7:29:04,28/6/17,Day of week:,Wednesday,25.81,Grade Celsius,
56,75.95,W/m^2,7:29:07,28/6/17,Day of week:,Wednesday,25.94,Grade Celsius,
53,87.64,W/m^2,7:29:10,28/6/17,Day of week:,Wednesday,26.00,Grade Celsius,
50,81.80,W/m^2,7:29:14,28/6/17,Day of week:,Wednesday,26.12,Grade Celsius,
47,81.80,W/m^2,7:29:17,28/6/17,Day of week:,Wednesday,26.25,Grade Celsius,
53,87.64,W/m^2,7:29:20,28/6/17,Day of week:,Wednesday,26.37,Grade Celsius,
53,81.80,W/m^2,7:29:23,28/6/17,Day of week:,Wednesday,26.50,Grade Celsius,
46,78.87,W/m^2,7:29:26,28/6/17,Day of week:,Wednesday,26.50,Grade Celsius,
60,81.80,W/m^2,7:29:29,28/6/17,Day of week:,Wednesday,26.50,Grade Celsius,
65,81.80,W/m^2,7:29:32,28/6/17,Day of week:,Wednesday,26.37,Grade Celsius,
56,81.80,W/m^2,7:29:35,28/6/17,Day of week:,Wednesday,26.31,Grade Celsius,
57,99.32,W/m^2,7:29:38,28/6/17,Day of week:,Wednesday,26.50,Grade Celsius,
56,83.26,W/m^2,7:29:41,28/6/17,Day of week:,Wednesday,26.44,Grade Celsius,
56,84.72,W/m^2,7:29:44,28/6/17,Day of week:,Wednesday,26.44,Grade Celsius,
66,81.80,W/m^2,7:29:47,28/6/17,Day of week:,Wednesday,26.37,Grade Celsius,
55,83.26,W/m^2,7:29:50,28/6/17,Day of week:,Wednesday,26.50,Grade Celsius,
54,84.72,W/m^2,7:29:53,28/6/17,Day of week:,Wednesday,26.50,Grade Celsius,
57,75.95,W/m^2,7:29:56,28/6/17,Day of week:,Wednesday,26.50,Grade Celsius,
58,93.48,W/m^2,7:30:00,28/6/17,Day of week:,Wednesday,26.69,Grade Celsius,
59,81.80,W/m^2,7:30:03,28/6/17,Day of week:,Wednesday,26.75,Grade Celsius,
56,81.80,W/m^2,7:30:06,28/6/17,Day of week:,Wednesday,26.81,Grade Celsius,
56,81.80,W/m^2,7:30:09,28/6/17,Day of week:,Wednesday,26.87,Grade Celsius,
57,81.80,W/m^2,7:30:12,28/6/17,Day of week:,Wednesday,27.00,Grade Celsius,
56,75.95,W/m^2,7:30:15,28/6/17,Day of week:,Wednesday,27.00,Grade Celsius,
57,75.95,W/m^2,7:30:18,28/6/17,Day of week:,Wednesday,26.87,Grade Celsius,
61,81.80,W/m^2,7:30:21,28/6/17,Day of week:,Wednesday,27.00,Grade Celsius,
60,81.80,W/m^2,7:30:24,28/6/17,Day of week:,Wednesday,27.06,Grade Celsius,
57,70.11,W/m^2,7:30:27,28/6/17,Day of week:,Wednesday,27.06,Grade Celsius,
58,81.80,W/m^2,7:30:30,28/6/17,Day of week:,Wednesday,27.00,Grade Celsius,
57,77.41,W/m^2,7:30:33,28/6/17,Day of week:,Wednesday,27.00,Grade Celsius,
64,83.26,W/m^2,7:30:36,28/6/17,Day of week:,Wednesday,26.94,Grade Celsius,
54,81.80,W/m^2,7:30:39,28/6/17,Day of week:,Wednesday,27.06,Grade Celsius,
56,94.94,W/m^2,7:30:42,28/6/17,Day of week:,Wednesday,27.19,Grade Celsius,
59,81.80,W/m^2,7:30:45,28/6/17,Day of week:,Wednesday,27.31,Grade Celsius,
61,75.95,W/m^2,7:30:48,28/6/17,Day of week:,Wednesday,27.31,Grade Celsius,
58,87.64,W/m^2,7:30:52,28/6/17,Day of week:,Wednesday,27.25,Grade Celsius,
57,93.48,W/m^2,7:30:55,28/6/17,Day of week:,Wednesday,27.00,Grade Celsius,
58,93.48,W/m^2,7:30:58,28/6/17,Day of week:,Wednesday,27.19,Grade Celsius,
57,73.03,W/m^2,7:31:01,28/6/17,Day of week:,Wednesday,26.94,Grade Celsius,
48,84.72,W/m^2,7:31:04,28/6/17,Day of week:,Wednesday,26.87,Grade Celsius,
58,87.64,W/m^2,7:31:07,28/6/17,Day of week:,Wednesday,26.69,Grade Celsius,
58,87.64,W/m^2,7:31:10,28/6/17,Day of week:,Wednesday,26.62,Grade Celsius,
61,81.80,W/m^2,7:31:13,28/6/17,Day of week:,Wednesday,26.56,Grade Celsius,
57,87.64,W/m^2,7:31:16,28/6/17,Day of week:,Wednesday,26.75,Grade Celsius,
57,86.18,W/m^2,7:31:19,28/6/17,Day of week:,Wednesday,26.81,Grade Celsius,
57,106.63,W/m^2,7:31:22,28/6/17,Day of week:,Wednesday,26.44,Grade Celsius,
48,89.10,W/m^2,7:31:25,28/6/17,Day of week:,Wednesday,26.37,Grade Celsius,
58,93.48,W/m^2,7:31:28,28/6/17,Day of week:,Wednesday,26.44,Grade Celsius,
53,87.64,W/m^2,7:31:31,28/6/17,Day of week:,Wednesday,26.56,Grade Celsius,
61,81.80,W/m^2,7:31:34,28/6/17,Day of week:,Wednesday,26.69,Grade Celsius,
60,93.48,W/m^2,7:31:38,28/6/17,Day of week:,Wednesday,26.50,Grade Celsius,
55,93.48,W/m^2,7:31:41,28/6/17,Day of week:,Wednesday,26.50,Grade Celsius,
61,93.48,W/m^2,7:31:44,28/6/17,Day of week:,Wednesday,26.31,Grade Celsius,
64,93.48,W/m^2,7:31:47,28/6/17,Day of week:,Wednesday,26.12,Grade Celsius,
57,96.40,W/m^2,7:31:50,28/6/17,Day of week:,Wednesday,26.00,Grade Celsius,
60,83.26,W/m^2,7:31:53,28/6/17,Day of week:,Wednesday,26.00,Grade Celsius,
55,93.48,W/m^2,7:31:56,28/6/17,Day of week:,Wednesday,26.00,Grade Celsius,
58,87.64,W/m^2,7:31:59,28/6/17,Day of week:,Wednesday,26.19,Grade Celsius,
58,93.48,W/m^2,7:32:02,28/6/17,Day of week:,Wednesday,26.25,Grade Celsius,
59,87.64,W/m^2,7:32:05,28/6/17,Day of week:,Wednesday,26.06,Grade Celsius,
60,93.48,W/m^2,7:32:08,28/6/17,Day of week:,Wednesday,26.00,Grade Celsius,
60,93.48,W/m^2,7:32:11,28/6/17,Day of week:,Wednesday,25.87,Grade Celsius,
61,84.72,W/m^2,7:32:14,28/6/17,Day of week:,Wednesday,26.00,Grade Celsius,
60,99.32,W/m^2,7:32:17,28/6/17,Day of week:,Wednesday,26.19,Grade Celsius,
61,93.48,W/m^2,7:32:20,28/6/17,Day of week:,Wednesday,26.37,Grade Celsius,
62,94.94,W/m^2,7:32:23,28/6/17,Day of week:,Wednesday,26.44,Grade Celsius,
59,105.17,W/m^2,7:32:26,28/6/17,Day of week:,Wednesday,26.25,Grade Celsius,
67,93.48,W/m^2,7:32:30,28/6/17,Day of week:,Wednesday,26.12,Grade Celsius,
60,105.17,W/m^2,7:32:33,28/6/17,Day of week:,Wednesday,25.94,Grade Celsius,
64,93.48,W/m^2,7:32:36,28/6/17,Day of week:,Wednesday,26.00,Grade Celsius,
58,93.48,W/m^2,7:32:39,28/6/17,Day of week:,Wednesday,26.06,Grade Celsius,
53,93.48,W/m^2,7:32:42,28/6/17,Day of week:,Wednesday,26.12,Grade Celsius,
52,93.48,W/m^2,7:32:45,28/6/17,Day of week:,Wednesday,26.25,Grade Celsius,
67,93.48,W/m^2,7:32:48,28/6/17,Day of week:,Wednesday,26.00,Grade Celsius,
53,87.64,W/m^2,7:32:51,28/6/17,Day of week:,Wednesday,26.00,Grade Celsius,
62,75.95,W/m^2,7:32:54,28/6/17,Day of week:,Wednesday,26.19,Grade Celsius,
63,78.87,W/m^2,7:32:57,28/6/17,Day of week:,Wednesday,26.19,Grade Celsius,
57,94.94,W/m^2,7:33:00,28/6/17,Day of week:,Wednesday,26.25,Grade Celsius,
72,96.40,W/m^2,7:33:03,28/6/17,Day of week:,Wednesday,26.25,Grade Celsius,
56,111.01,W/m^2,7:33:06,28/6/17,Day of week:,Wednesday,26.31,Grade Celsius,
62,102.24,W/m^2,7:33:09,28/6/17,Day of week:,Wednesday,26.37,Grade Celsius,
64,93.48,W/m^2,7:33:12,28/6/17,Day of week:,Wednesday,26.37,Grade Celsius,
60,93.48,W/m^2,7:33:15,28/6/17,Day of week:,Wednesday,26.37,Grade Celsius,
53,93.48,W/m^2,7:33:19,28/6/17,Day of week:,Wednesday,26.25,Grade Celsius,
69,93.48,W/m^2,7:33:22,28/6/17,Day of week:,Wednesday,26.19,Grade Celsius,
52,93.48,W/m^2,7:33:25,28/6/17,Day of week:,Wednesday,26.12,Grade Celsius,
61,87.64,W/m^2,7:33:28,28/6/17,Day of week:,Wednesday,25.81,Grade Celsius,
59,93.48,W/m^2,7:33:31,28/6/17,Day of week:,Wednesday,25.75,Grade Celsius,
64,93.48,W/m^2,7:33:34,28/6/17,Day of week:,Wednesday,25.87,Grade Celsius,
62,93.48,W/m^2,7:33:37,28/6/17,Day of week:,Wednesday,25.75,Grade Celsius,
62,96.40,W/m^2,7:33:40,28/6/17,Day of week:,Wednesday,25.94,Grade Celsius,
55,105.17,W/m^2,7:33:43,28/6/17,Day of week:,Wednesday,26.12,Grade Celsius,
62,99.32,W/m^2,7:33:46,28/6/17,Day of week:,Wednesday,25.87,Grade Celsius,
61,94.94,W/m^2,7:33:49,28/6/17,Day of week:,Wednesday,25.94,Grade Celsius,
71,105.17,W/m^2,7:33:52,28/6/17,Day of week:,Wednesday,26.00,Grade Celsius,
54,87.64,W/m^2,7:33:55,28/6/17,Day of week:,Wednesday,26.06,Grade Celsius,
62,105.17,W/m^2,7:33:58,28/6/17,Day of week:,Wednesday,26.06,Grade Celsius,
62,111.01,W/m^2,7:34:01,28/6/17,Day of week:,Wednesday,26.25,Grade Celsius,
64,93.48,W/m^2,7:34:04,28/6/17,Day of week:,Wednesday,26.37,Grade Celsius,
63,93.48,W/m^2,7:34:08,28/6/17,Day of week:,Wednesday,26.44,Grade Celsius,
63,93.48,W/m^2,7:34:11,28/6/17,Day of week:,Wednesday,26.44,Grade Celsius,
62,93.48,W/m^2,7:34:14,28/6/17,Day of week:,Wednesday,26.56,Grade Celsius,
65,94.94,W/m^2,7:34:17,28/6/17,Day of week:,Wednesday,26.50,Grade Celsius,
62,81.80,W/m^2,7:34:20,28/6/17,Day of week:,Wednesday,26.56,Grade Celsius,
61,93.48,W/m^2,7:34:23,28/6/17,Day of week:,Wednesday,26.56,Grade Celsius,
60,87.64,W/m^2,7:34:26,28/6/17,Day of week:,Wednesday,26.69,Grade Celsius,
60,93.48,W/m^2,7:34:29,28/6/17,Day of week:,Wednesday,26.81,Grade Celsius,
51,93.48,W/m^2,7:34:32,28/6/17,Day of week:,Wednesday,26.81,Grade Celsius,
62,93.48,W/m^2,7:34:35,28/6/17,Day of week:,Wednesday,27.00,Grade Celsius,
60,93.48,W/m^2,7:34:38,28/6/17,Day of week:,Wednesday,27.12,Grade Celsius,
61,89.10,W/m^2,7:34:41,28/6/17,Day of week:,Wednesday,27.25,Grade Celsius,
59,89.10,W/m^2,7:34:44,28/6/17,Day of week:,Wednesday,27.00,Grade Celsius,
61,93.48,W/m^2,7:34:47,28/6/17,Day of week:,Wednesday,27.00,Grade Celsius,
58,96.40,W/m^2,7:34:50,28/6/17,Day of week:,Wednesday,26.81,Grade Celsius,
60,96.40,W/m^2,7:34:53,28/6/17,Day of week:,Wednesday,26.75,Grade Celsius,
62,90.56,W/m^2,7:34:57,28/6/17,Day of week:,Wednesday,26.87,Grade Celsius,
51,105.17,W/m^2,7:35:00,28/6/17,Day of week:,Wednesday,27.00,Grade Celsius,
62,87.64,W/m^2,7:35:03,28/6/17,Day of week:,Wednesday,27.12,Grade Celsius,
61,96.40,W/m^2,7:35:06,28/6/17,Day of week:,Wednesday,27.19,Grade Celsius,
55,93.48,W/m^2,7:35:09,28/6/17,Day of week:,Wednesday,27.19,Grade Celsius,
64,93.48,W/m^2,7:35:12,28/6/17,Day of week:,Wednesday,27.06,Grade Celsius,
60,96.40,W/m^2,7:35:15,28/6/17,Day of week:,Wednesday,26.81,Grade Celsius,
61,81.80,W/m^2,7:35:18,28/6/17,Day of week:,Wednesday,26.69,Grade Celsius,
62,93.48,W/m^2,7:35:21,28/6/17,Day of week:,Wednesday,26.62,Grade Celsius,
62,93.48,W/m^2,7:35:24,28/6/17,Day of week:,Wednesday,26.50,Grade Celsius,
61,93.48,W/m^2,7:35:27,28/6/17,Day of week:,Wednesday,26.56,Grade Celsius,
62,84.72,W/m^2,7:35:30,28/6/17,Day of week:,Wednesday,26.62,Grade Celsius,
62,93.48,W/m^2,7:35:33,28/6/17,Day of week:,Wednesday,26.69,Grade Celsius,
61,105.17,W/m^2,7:35:37,28/6/17,Day of week:,Wednesday,26.75,Grade Celsius,
58,93.48,W/m^2,7:35:40,28/6/17,Day of week:,Wednesday,26.94,Grade Celsius,
55,93.48,W/m^2,7:35:43,28/6/17,Day of week:,Wednesday,27.00,Grade Celsius,
59,84.72,W/m^2,7:35:46,28/6/17,Day of week:,Wednesday,27.06,Grade Celsius,
61,93.48,W/m^2,7:35:49,28/6/17,Day of week:,Wednesday,27.00,Grade Celsius,
57,87.64,W/m^2,7:35:52,28/6/17,Day of week:,Wednesday,27.25,Grade Celsius,
68,89.10,W/m^2,7:35:55,28/6/17,Day of week:,Wednesday,27.19,Grade Celsius,
60,105.17,W/m^2,7:35:58,28/6/17,Day of week:,Wednesday,27.00,Grade Celsius,
62,93.48,W/m^2,7:36:01,28/6/17,Day of week:,Wednesday,26.94,Grade Celsius,
62,93.48,W/m^2,7:36:04,28/6/17,Day of week:,Wednesday,26.69,Grade Celsius,
56,93.48,W/m^2,7:36:07,28/6/17,Day of week:,Wednesday,26.50,Grade Celsius,
59,93.48,W/m^2,7:36:10,28/6/17,Day of week:,Wednesday,26.50,Grade Celsius,
59,87.64,W/m^2,7:36:13,28/6/17,Day of week:,Wednesday,26.62,Grade Celsius,
59,87.64,W/m^2,7:36:16,28/6/17,Day of week:,Wednesday,26.62,Grade Celsius,
61,93.48,W/m^2,7:36:19,28/6/17,Day of week:,Wednesday,26.56,Grade Celsius,
65,93.48,W/m^2,7:36:22,28/6/17,Day of week:,Wednesday,26.44,Grade Celsius,
57,93.48,W/m^2,7:36:25,28/6/17,Day of week:,Wednesday,26.62,Grade Celsius,
58,89.10,W/m^2,7:36:29,28/6/17,Day of week:,Wednesday,26.75,Grade Celsius,
60,93.48,W/m^2,7:36:32,28/6/17,Day of week:,Wednesday,26.87,Grade Celsius,
54,93.48,W/m^2,7:36:35,28/6/17,Day of week:,Wednesday,27.06,Grade Celsius,
62,93.48,W/m^2,7:36:38,28/6/17,Day of week:,Wednesday,27.12,Grade Celsius,
56,93.48,W/m^2,7:36:41,28/6/17,Day of week:,Wednesday,26.81,Grade Celsius,
61,93.48,W/m^2,7:36:44,28/6/17,Day of week:,Wednesday,26.87,Grade Celsius,
62,105.17,W/m^2,7:36:47,28/6/17,Day of week:,Wednesday,27.00,Grade Celsius,
61,71.57,W/m^2,7:36:50,28/6/17,Day of week:,Wednesday,27.12,Grade Celsius,
61,93.48,W/m^2,7:36:53,28/6/17,Day of week:,Wednesday,27.25,Grade Celsius,
61,93.48,W/m^2,7:36:56,28/6/17,Day of week:,Wednesday,26.94,Grade Celsius,
59,93.48,W/m^2,7:36:59,28/6/17,Day of week:,Wednesday,26.87,Grade Celsius,
57,93.48,W/m^2,7:37:02,28/6/17,Day of week:,Wednesday,26.75,Grade Celsius,
61,93.48,W/m^2,7:37:05,28/6/17,Day of week:,Wednesday,26.75,Grade Celsius,
62,93.48,W/m^2,7:37:08,28/6/17,Day of week:,Wednesday,26.87,Grade Celsius,
62,93.48,W/m^2,7:37:11,28/6/17,Day of week:,Wednesday,27.00,Grade Celsius,
61,96.40,W/m^2,7:37:15,28/6/17,Day of week:,Wednesday,26.94,Grade Celsius,
64,93.48,W/m^2,7:37:18,28/6/17,Day of week:,Wednesday,27.12,Grade Celsius,
63,96.40,W/m^2,7:37:21,28/6/17,Day of week:,Wednesday,27.19,Grade Celsius,
61,93.48,W/m^2,7:37:24,28/6/17,Day of week:,Wednesday,27.25,Grade Celsius,
61,93.48,W/m^2,7:37:27,28/6/17,Day of week:,Wednesday,27.31,Grade Celsius,
60,93.48,W/m^2,7:37:30,28/6/17,Day of week:,Wednesday,27.50,Grade Celsius,
61,78.87,W/m^2,7:37:33,28/6/17,Day of week:,Wednesday,27.69,Grade Celsius,
62,93.48,W/m^2,7:37:36,28/6/17,Day of week:,Wednesday,27.37,Grade Celsius,
60,93.48,W/m^2,7:37:39,28/6/17,Day of week:,Wednesday,27.12,Grade Celsius,
64,93.48,W/m^2,7:37:42,28/6/17,Day of week:,Wednesday,26.81,Grade Celsius,
64,84.72,W/m^2,7:37:45,28/6/17,Day of week:,Wednesday,26.81,Grade Celsius,
67,96.40,W/m^2,7:37:48,28/6/17,Day of week:,Wednesday,26.75,Grade Celsius,
65,94.94,W/m^2,7:37:51,28/6/17,Day of week:,Wednesday,26.69,Grade Celsius,
65,96.40,W/m^2,7:37:54,28/6/17,Day of week:,Wednesday,26.75,Grade Celsius,
70,81.80,W/m^2,7:37:57,28/6/17,Day of week:,Wednesday,26.56,Grade Celsius,
71,93.48,W/m^2,7:38:00,28/6/17,Day of week:,Wednesday,26.50,Grade Celsius,
66,108.09,W/m^2,7:38:03,28/6/17,Day of week:,Wednesday,26.50,Grade Celsius,
60,108.09,W/m^2,7:38:07,28/6/17,Day of week:,Wednesday,26.50,Grade Celsius,
62,100.78,W/m^2,7:38:10,28/6/17,Day of week:,Wednesday,26.50,Grade Celsius,
62,97.86,W/m^2,7:38:13,28/6/17,Day of week:,Wednesday,26.62,Grade Celsius,
60,93.48,W/m^2,7:38:16,28/6/17,Day of week:,Wednesday,26.69,Grade Celsius,
63,81.80,W/m^2,7:38:19,28/6/17,Day of week:,Wednesday,26.75,Grade Celsius,
62,89.10,W/m^2,7:38:22,28/6/17,Day of week:,Wednesday,26.87,Grade Celsius,
66,99.32,W/m^2,7:38:25,28/6/17,Day of week:,Wednesday,27.00,Grade Celsius,
56,93.48,W/m^2,7:38:28,28/6/17,Day of week:,Wednesday,26.94,Grade Celsius,
64,96.40,W/m^2,7:38:31,28/6/17,Day of week:,Wednesday,27.12,Grade Celsius,
68,94.94,W/m^2,7:38:34,28/6/17,Day of week:,Wednesday,27.12,Grade Celsius,
64,96.40,W/m^2,7:38:37,28/6/17,Day of week:,Wednesday,27.12,Grade Celsius,
65,102.24,W/m^2,7:38:40,28/6/17,Day of week:,Wednesday,27.12,Grade Celsius,
55,96.40,W/m^2,7:38:43,28/6/17,Day of week:,Wednesday,27.25,Grade Celsius,
64,100.78,W/m^2,7:38:46,28/6/17,Day of week:,Wednesday,27.31,Grade Celsius,
65,94.94,W/m^2,7:38:49,28/6/17,Day of week:,Wednesday,27.31,Grade Celsius,
66,99.32,W/m^2,7:38:52,28/6/17,Day of week:,Wednesday,27.50,Grade Celsius,
64,99.32,W/m^2,7:38:56,28/6/17,Day of week:,Wednesday,27.44,Grade Celsius,
64,87.64,W/m^2,7:38:59,28/6/17,Day of week:,Wednesday,27.62,Grade Celsius,
65,84.72,W/m^2,7:39:02,28/6/17,Day of week:,Wednesday,27.50,Grade Celsius,
65,93.48,W/m^2,7:39:05,28/6/17,Day of week:,Wednesday,27.31,Grade Celsius,
61,93.48,W/m^2,7:39:08,28/6/17,Day of week:,Wednesday,27.37,Grade Celsius,
66,96.40,W/m^2,7:39:11,28/6/17,Day of week:,Wednesday,27.00,Grade Celsius,
65,99.32,W/m^2,7:39:14,28/6/17,Day of week:,Wednesday,26.81,Grade Celsius,
66,96.40,W/m^2,7:39:17,28/6/17,Day of week:,Wednesday,26.87,Grade Celsius,
74,93.48,W/m^2,7:39:20,28/6/17,Day of week:,Wednesday,26.75,Grade Celsius,
64,75.95,W/m^2,7:39:23,28/6/17,Day of week:,Wednesday,26.62,Grade Celsius,
65,99.32,W/m^2,7:39:26,28/6/17,Day of week:,Wednesday,26.50,Grade Celsius,
68,106.63,W/m^2,7:39:29,28/6/17,Day of week:,Wednesday,26.25,Grade Celsius,
68,102.24,W/m^2,7:39:32,28/6/17,Day of week:,Wednesday,26.19,Grade Celsius,
65,105.17,W/m^2,7:39:35,28/6/17,Day of week:,Wednesday,26.31,Grade Celsius,
67,100.78,W/m^2,7:39:38,28/6/17,Day of week:,Wednesday,26.31,Grade Celsius,
66,99.32,W/m^2,7:39:41,28/6/17,Day of week:,Wednesday,26.37,Grade Celsius,
66,99.32,W/m^2,7:39:45,28/6/17,Day of week:,Wednesday,26.31,Grade Celsius,
68,99.32,W/m^2,7:39:48,28/6/17,Day of week:,Wednesday,26.19,Grade Celsius,
68,93.48,W/m^2,7:39:51,28/6/17,Day of week:,Wednesday,26.19,Grade Celsius,
80,102.24,W/m^2,7:39:54,28/6/17,Day of week:,Wednesday,26.12,Grade Celsius,
68,105.17,W/m^2,7:39:57,28/6/17,Day of week:,Wednesday,26.06,Grade Celsius,
61,103.71,W/m^2,7:40:00,28/6/17,Day of week:,Wednesday,26.31,Grade Celsius,
68,100.78,W/m^2,7:40:03,28/6/17,Day of week:,Wednesday,26.19,Grade Celsius,
68,100.78,W/m^2,7:40:06,28/6/17,Day of week:,Wednesday,26.31,Grade Celsius,
69,105.17,W/m^2,7:40:09,28/6/17,Day of week:,Wednesday,26.50,Grade Celsius,
69,93.48,W/m^2,7:40:12,28/6/17,Day of week:,Wednesday,26.62,Grade Celsius,
77,102.24,W/m^2,7:40:15,28/6/17,Day of week:,Wednesday,26.81,Grade Celsius,
70,105.17,W/m^2,7:40:18,28/6/17,Day of week:,Wednesday,26.81,Grade Celsius,
70,102.24,W/m^2,7:40:21,28/6/17,Day of week:,Wednesday,26.69,Grade Celsius,
71,105.17,W/m^2,7:40:24,28/6/17,Day of week:,Wednesday,26.56,Grade Celsius,
65,111.01,W/m^2,7:40:27,28/6/17,Day of week:,Wednesday,26.62,Grade Celsius,
65,99.32,W/m^2,7:40:30,28/6/17,Day of week:,Wednesday,26.62,Grade Celsius,
69,102.24,W/m^2,7:40:34,28/6/17,Day of week:,Wednesday,26.56,Grade Celsius,
67,105.17,W/m^2,7:40:37,28/6/17,Day of week:,Wednesday,26.44,Grade Celsius,
67,100.78,W/m^2,7:40:40,28/6/17,Day of week:,Wednesday,26.37,Grade Celsius,
69,100.78,W/m^2,7:40:43,28/6/17,Day of week:,Wednesday,26.37,Grade Celsius,
67,97.86,W/m^2,7:40:46,28/6/17,Day of week:,Wednesday,26.25,Grade Celsius,
68,105.17,W/m^2,7:40:49,28/6/17,Day of week:,Wednesday,26.12,Grade Celsius,
69,102.24,W/m^2,7:40:52,28/6/17,Day of week:,Wednesday,25.94,Grade Celsius,
67,105.17,W/m^2,7:40:55,28/6/17,Day of week:,Wednesday,26.19,Grade Celsius,
69,105.17,W/m^2,7:40:58,28/6/17,Day of week:,Wednesday,26.37,Grade Celsius,
67,100.78,W/m^2,7:41:01,28/6/17,Day of week:,Wednesday,26.19,Grade Celsius,
74,105.17,W/m^2,7:41:04,28/6/17,Day of week:,Wednesday,26.19,Grade Celsius,
69,96.40,W/m^2,7:41:07,28/6/17,Day of week:,Wednesday,26.25,Grade Celsius,
70,102.24,W/m^2,7:41:10,28/6/17,Day of week:,Wednesday,26.25,Grade Celsius,
71,102.24,W/m^2,7:41:13,28/6/17,Day of week:,Wednesday,26.37,Grade Celsius,
71,105.17,W/m^2,7:41:16,28/6/17,Day of week:,Wednesday,26.50,Grade Celsius,
77,105.17,W/m^2,7:41:20,28/6/17,Day of week:,Wednesday,26.69,Grade Celsius,
71,94.94,W/m^2,7:41:23,28/6/17,Day of week:,Wednesday,26.25,Grade Celsius,
65,105.17,W/m^2,7:41:26,28/6/17,Day of week:,Wednesday,26.25,Grade Celsius,
65,93.48,W/m^2,7:41:29,28/6/17,Day of week:,Wednesday,26.00,Grade Celsius,
67,105.17,W/m^2,7:41:32,28/6/17,Day of week:,Wednesday,25.87,Grade Celsius,
70,106.63,W/m^2,7:41:35,28/6/17,Day of week:,Wednesday,25.69,Grade Celsius,
72,105.17,W/m^2,7:41:38,28/6/17,Day of week:,Wednesday,25.62,Grade Celsius,
72,106.63,W/m^2,7:41:41,28/6/17,Day of week:,Wednesday,25.69,Grade Celsius,
72,106.63,W/m^2,7:41:44,28/6/17,Day of week:,Wednesday,25.81,Grade Celsius,
72,100.78,W/m^2,7:41:47,28/6/17,Day of week:,Wednesday,25.87,Grade Celsius,
71,93.48,W/m^2,7:41:50,28/6/17,Day of week:,Wednesday,25.87,Grade Celsius,
69,105.17,W/m^2,7:41:53,28/6/17,Day of week:,Wednesday,25.94,Grade Celsius,
69,105.17,W/m^2,7:41:56,28/6/17,Day of week:,Wednesday,26.12,Grade Celsius,
71,105.17,W/m^2,7:41:59,28/6/17,Day of week:,Wednesday,26.31,Grade Celsius,
71,102.24,W/m^2,7:42:02,28/6/17,Day of week:,Wednesday,26.25,Grade Celsius,
69,105.17,W/m^2,7:42:06,28/6/17,Day of week:,Wednesday,26.50,Grade Celsius,
70,105.17,W/m^2,7:42:09,28/6/17,Day of week:,Wednesday,26.62,Grade Celsius,
69,116.85,W/m^2,7:42:12,28/6/17,Day of week:,Wednesday,26.50,Grade Celsius,
65,108.09,W/m^2,7:42:15,28/6/17,Day of week:,Wednesday,26.56,Grade Celsius,
73,105.17,W/m^2,7:42:18,28/6/17,Day of week:,Wednesday,26.19,Grade Celsius,
73,108.09,W/m^2,7:42:21,28/6/17,Day of week:,Wednesday,26.25,Grade Celsius,
72,108.09,W/m^2,7:42:24,28/6/17,Day of week:,Wednesday,26.37,Grade Celsius,
72,96.40,W/m^2,7:42:27,28/6/17,Day of week:,Wednesday,26.44,Grade Celsius,
73,128.54,W/m^2,7:42:30,28/6/17,Day of week:,Wednesday,26.50,Grade Celsius,
62,108.09,W/m^2,7:42:33,28/6/17,Day of week:,Wednesday,26.62,Grade Celsius,
72,111.01,W/m^2,7:42:36,28/6/17,Day of week:,Wednesday,26.50,Grade Celsius,
69,111.01,W/m^2,7:42:39,28/6/17,Day of week:,Wednesday,26.37,Grade Celsius,
76,108.09,W/m^2,7:42:42,28/6/17,Day of week:,Wednesday,26.31,Grade Celsius,
73,106.63,W/m^2,7:42:45,28/6/17,Day of week:,Wednesday,26.06,Grade Celsius,
79,105.17,W/m^2,7:42:48,28/6/17,Day of week:,Wednesday,26.00,Grade Celsius,
70,108.09,W/m^2,7:42:51,28/6/17,Day of week:,Wednesday,26.00,Grade Celsius,
70,96.40,W/m^2,7:42:55,28/6/17,Day of week:,Wednesday,25.94,Grade Celsius,
71,108.09,W/m^2,7:42:58,28/6/17,Day of week:,Wednesday,25.75,Grade Celsius,
66,111.01,W/m^2,7:43:01,28/6/17,Day of week:,Wednesday,25.62,Grade Celsius,
73,116.85,W/m^2,7:43:04,28/6/17,Day of week:,Wednesday,25.44,Grade Celsius,
69,111.01,W/m^2,7:43:07,28/6/17,Day of week:,Wednesday,25.25,Grade Celsius,
72,111.01,W/m^2,7:43:10,28/6/17,Day of week:,Wednesday,25.25,Grade Celsius,
72,108.09,W/m^2,7:43:13,28/6/17,Day of week:,Wednesday,25.44,Grade Celsius,
71,111.01,W/m^2,7:43:16,28/6/17,Day of week:,Wednesday,25.44,Grade Celsius,
72,106.63,W/m^2,7:43:19,28/6/17,Day of week:,Wednesday,25.56,Grade Celsius,
71,105.17,W/m^2,7:43:22,28/6/17,Day of week:,Wednesday,25.50,Grade Celsius,
68,108.09,W/m^2,7:43:25,28/6/17,Day of week:,Wednesday,25.44,Grade Celsius,
71,109.55,W/m^2,7:43:28,28/6/17,Day of week:,Wednesday,25.50,Grade Celsius,
86,116.85,W/m^2,7:43:31,28/6/17,Day of week:,Wednesday,25.31,Grade Celsius,
74,102.24,W/m^2,7:43:34,28/6/17,Day of week:,Wednesday,25.31,Grade Celsius,
76,108.09,W/m^2,7:43:37,28/6/17,Day of week:,Wednesday,25.25,Grade Celsius,
74,111.01,W/m^2,7:43:40,28/6/17,Day of week:,Wednesday,25.12,Grade Celsius,
74,105.17,W/m^2,7:43:44,28/6/17,Day of week:,Wednesday,25.12,Grade Celsius,
74,93.48,W/m^2,7:43:47,28/6/17,Day of week:,Wednesday,25.19,Grade Celsius,
76,109.55,W/m^2,7:43:50,28/6/17,Day of week:,Wednesday,25.37,Grade Celsius,
76,116.85,W/m^2,7:43:53,28/6/17,Day of week:,Wednesday,25.50,Grade Celsius,
73,119.77,W/m^2,7:43:56,28/6/17,Day of week:,Wednesday,25.69,Grade Celsius,
77,111.01,W/m^2,7:43:59,28/6/17,Day of week:,Wednesday,25.81,Grade Celsius,
78,106.63,W/m^2,7:44:02,28/6/17,Day of week:,Wednesday,25.94,Grade Celsius,
74,111.01,W/m^2,7:44:05,28/6/17,Day of week:,Wednesday,26.12,Grade Celsius,
75,111.01,W/m^2,7:44:08,28/6/17,Day of week:,Wednesday,26.25,Grade Celsius,
75,111.01,W/m^2,7:44:11,28/6/17,Day of week:,Wednesday,26.37,Grade Celsius,
75,111.01,W/m^2,7:44:14,28/6/17,Day of week:,Wednesday,26.62,Grade Celsius,
75,116.85,W/m^2,7:44:17,28/6/17,Day of week:,Wednesday,26.50,Grade Celsius,
75,111.01,W/m^2,7:44:20,28/6/17,Day of week:,Wednesday,26.56,Grade Celsius,
75,112.47,W/m^2,7:44:23,28/6/17,Day of week:,Wednesday,26.75,Grade Celsius,
66,111.01,W/m^2,7:44:26,28/6/17,Day of week:,Wednesday,26.81,Grade Celsius,
75,108.09,W/m^2,7:44:29,28/6/17,Day of week:,Wednesday,26.87,Grade Celsius,
71,105.17,W/m^2,7:44:33,28/6/17,Day of week:,Wednesday,26.94,Grade Celsius,
75,128.54,W/m^2,7:44:36,28/6/17,Day of week:,Wednesday,27.00,Grade Celsius,
89,112.47,W/m^2,7:44:39,28/6/17,Day of week:,Wednesday,27.00,Grade Celsius,
76,111.01,W/m^2,7:44:42,28/6/17,Day of week:,Wednesday,27.06,Grade Celsius,
73,96.40,W/m^2,7:44:45,28/6/17,Day of week:,Wednesday,27.00,Grade Celsius,
76,119.77,W/m^2,7:44:48,28/6/17,Day of week:,Wednesday,27.00,Grade Celsius,
74,111.01,W/m^2,7:44:51,28/6/17,Day of week:,Wednesday,27.06,Grade Celsius,
84,99.32,W/m^2,7:44:54,28/6/17,Day of week:,Wednesday,26.81,Grade Celsius,
76,116.85,W/m^2,7:44:57,28/6/17,Day of week:,Wednesday,26.87,Grade Celsius,
75,108.09,W/m^2,7:45:00,28/6/17,Day of week:,Wednesday,26.75,Grade Celsius,
87,111.01,W/m^2,7:45:03,28/6/17,Day of week:,Wednesday,26.87,Grade Celsius,
74,111.01,W/m^2,7:45:06,28/6/17,Day of week:,Wednesday,26.94,Grade Celsius,
75,122.69,W/m^2,7:45:09,28/6/17,Day of week:,Wednesday,26.94,Grade Celsius,
65,94.94,W/m^2,7:45:12,28/6/17,Day of week:,Wednesday,26.87,Grade Celsius,
75,112.47,W/m^2,7:45:15,28/6/17,Day of week:,Wednesday,26.62,Grade Celsius,
77,111.01,W/m^2,7:45:18,28/6/17,Day of week:,Wednesday,26.56,Grade Celsius,
74,111.01,W/m^2,7:45:22,28/6/17,Day of week:,Wednesday,26.62,Grade Celsius,
76,122.69,W/m^2,7:45:25,28/6/17,Day of week:,Wednesday,26.69,Grade Celsius,
73,116.85,W/m^2,7:45:28,28/6/17,Day of week:,Wednesday,26.69,Grade Celsius,
89,106.63,W/m^2,7:45:31,28/6/17,Day of week:,Wednesday,26.69,Grade Celsius,
64,112.47,W/m^2,7:45:34,28/6/17,Day of week:,Wednesday,26.75,Grade Celsius,
77,122.69,W/m^2,7:45:37,28/6/17,Day of week:,Wednesday,26.94,Grade Celsius,
77,116.85,W/m^2,7:45:40,28/6/17,Day of week:,Wednesday,26.87,Grade Celsius,
75,128.54,W/m^2,7:45:43,28/6/17,Day of week:,Wednesday,26.81,Grade Celsius,
80,108.09,W/m^2,7:45:46,28/6/17,Day of week:,Wednesday,26.94,Grade Celsius,
77,128.54,W/m^2,7:45:49,28/6/17,Day of week:,Wednesday,27.12,Grade Celsius,
76,116.85,W/m^2,7:45:52,28/6/17,Day of week:,Wednesday,27.31,Grade Celsius,
74,108.09,W/m^2,7:45:55,28/6/17,Day of week:,Wednesday,27.37,Grade Celsius,
73,96.40,W/m^2,7:45:58,28/6/17,Day of week:,Wednesday,27.37,Grade Celsius,
74,94.94,W/m^2,7:46:01,28/6/17,Day of week:,Wednesday,27.12,Grade Celsius,
73,134.38,W/m^2,7:46:04,28/6/17,Day of week:,Wednesday,27.06,Grade Celsius,
75,122.69,W/m^2,7:46:07,28/6/17,Day of week:,Wednesday,26.94,Grade Celsius,
75,116.85,W/m^2,7:46:11,28/6/17,Day of week:,Wednesday,26.94,Grade Celsius,
65,112.47,W/m^2,7:46:14,28/6/17,Day of week:,Wednesday,27.12,Grade Celsius,
73,118.31,W/m^2,7:46:17,28/6/17,Day of week:,Wednesday,26.81,Grade Celsius,
74,111.01,W/m^2,7:46:20,28/6/17,Day of week:,Wednesday,26.94,Grade Celsius,
77,93.48,W/m^2,7:46:23,28/6/17,Day of week:,Wednesday,26.87,Grade Celsius,
72,116.85,W/m^2,7:46:26,28/6/17,Day of week:,Wednesday,26.94,Grade Celsius,
74,113.93,W/m^2,7:46:29,28/6/17,Day of week:,Wednesday,26.87,Grade Celsius,
63,116.85,W/m^2,7:46:32,28/6/17,Day of week:,Wednesday,26.81,Grade Celsius,
73,111.01,W/m^2,7:46:35,28/6/17,Day of week:,Wednesday,26.94,Grade Celsius,
68,111.01,W/m^2,7:46:38,28/6/17,Day of week:,Wednesday,26.94,Grade Celsius,
73,116.85,W/m^2,7:46:41,28/6/17,Day of week:,Wednesday,27.00,Grade Celsius,
74,111.01,W/m^2,7:46:44,28/6/17,Day of week:,Wednesday,27.00,Grade Celsius,
75,116.85,W/m^2,7:46:47,28/6/17,Day of week:,Wednesday,26.94,Grade Celsius,
77,105.17,W/m^2,7:46:51,28/6/17,Day of week:,Wednesday,27.00,Grade Celsius,
76,112.47,W/m^2,7:46:54,28/6/17,Day of week:,Wednesday,27.00,Grade Celsius,
75,124.15,W/m^2,7:46:57,28/6/17,Day of week:,Wednesday,26.94,Grade Celsius,
76,112.47,W/m^2,7:47:00,28/6/17,Day of week:,Wednesday,27.12,Grade Celsius,
77,134.38,W/m^2,7:47:03,28/6/17,Day of week:,Wednesday,27.19,Grade Celsius,
77,116.85,W/m^2,7:47:06,28/6/17,Day of week:,Wednesday,27.37,Grade Celsius,
88,116.85,W/m^2,7:47:09,28/6/17,Day of week:,Wednesday,27.31,Grade Celsius,
76,122.69,W/m^2,7:47:12,28/6/17,Day of week:,Wednesday,27.50,Grade Celsius,
77,99.32,W/m^2,7:47:15,28/6/17,Day of week:,Wednesday,27.44,Grade Celsius,
75,116.85,W/m^2,7:47:18,28/6/17,Day of week:,Wednesday,27.44,Grade Celsius,
76,116.85,W/m^2,7:47:21,28/6/17,Day of week:,Wednesday,27.50,Grade Celsius,
76,112.47,W/m^2,7:47:24,28/6/17,Day of week:,Wednesday,27.62,Grade Celsius,
81,111.01,W/m^2,7:47:27,28/6/17,Day of week:,Wednesday,27.44,Grade Celsius,
75,111.01,W/m^2,7:47:30,28/6/17,Day of week:,Wednesday,27.37,Grade Celsius,
82,99.32,W/m^2,7:47:33,28/6/17,Day of week:,Wednesday,27.25,Grade Celsius,
77,112.47,W/m^2,7:47:36,28/6/17,Day of week:,Wednesday,27.19,Grade Celsius,
72,111.01,W/m^2,7:47:40,28/6/17,Day of week:,Wednesday,27.19,Grade Celsius,
75,116.85,W/m^2,7:47:43,28/6/17,Day of week:,Wednesday,27.19,Grade Celsius,
76,112.47,W/m^2,7:47:46,28/6/17,Day of week:,Wednesday,27.19,Grade Celsius,
77,111.01,W/m^2,7:47:49,28/6/17,Day of week:,Wednesday,27.12,Grade Celsius,
72,116.85,W/m^2,7:47:52,28/6/17,Day of week:,Wednesday,27.00,Grade Celsius,
74,111.01,W/m^2,7:47:55,28/6/17,Day of week:,Wednesday,26.69,Grade Celsius,
76,105.17,W/m^2,7:47:58,28/6/17,Day of week:,Wednesday,26.94,Grade Celsius,
77,111.01,W/m^2,7:48:01,28/6/17,Day of week:,Wednesday,26.94,Grade Celsius,
64,111.01,W/m^2,7:48:04,28/6/17,Day of week:,Wednesday,27.00,Grade Celsius,
76,112.47,W/m^2,7:48:07,28/6/17,Day of week:,Wednesday,26.94,Grade Celsius,
74,111.01,W/m^2,7:48:10,28/6/17,Day of week:,Wednesday,26.94,Grade Celsius,
74,111.01,W/m^2,7:48:13,28/6/17,Day of week:,Wednesday,26.94,Grade Celsius,
79,111.01,W/m^2,7:48:16,28/6/17,Day of week:,Wednesday,26.87,Grade Celsius,
73,108.09,W/m^2,7:48:19,28/6/17,Day of week:,Wednesday,26.81,Grade Celsius,
73,112.47,W/m^2,7:48:22,28/6/17,Day of week:,Wednesday,26.87,Grade Celsius,
84,112.47,W/m^2,7:48:25,28/6/17,Day of week:,Wednesday,27.00,Grade Celsius,
76,116.85,W/m^2,7:48:29,28/6/17,Day of week:,Wednesday,27.00,Grade Celsius,
73,116.85,W/m^2,7:48:32,28/6/17,Day of week:,Wednesday,27.19,Grade Celsius,
76,111.01,W/m^2,7:48:35,28/6/17,Day of week:,Wednesday,27.31,Grade Celsius,
88,128.54,W/m^2,7:48:38,28/6/17,Day of week:,Wednesday,27.19,Grade Celsius,
73,122.69,W/m^2,7:48:41,28/6/17,Day of week:,Wednesday,26.94,Grade Celsius,
77,116.85,W/m^2,7:48:44,28/6/17,Day of week:,Wednesday,27.19,Grade Celsius,
68,116.85,W/m^2,7:48:47,28/6/17,Day of week:,Wednesday,26.75,Grade Celsius,
77,99.32,W/m^2,7:48:50,28/6/17,Day of week:,Wednesday,26.75,Grade Celsius,
76,112.47,W/m^2,7:48:53,28/6/17,Day of week:,Wednesday,26.81,Grade Celsius,
69,105.17,W/m^2,7:48:56,28/6/17,Day of week:,Wednesday,26.94,Grade Celsius,
80,108.09,W/m^2,7:48:59,28/6/17,Day of week:,Wednesday,26.94,Grade Celsius,
79,105.17,W/m^2,7:49:02,28/6/17,Day of week:,Wednesday,27.00,Grade Celsius,
77,116.85,W/m^2,7:49:05,28/6/17,Day of week:,Wednesday,27.12,Grade Celsius,
73,122.69,W/m^2,7:49:08,28/6/17,Day of week:,Wednesday,26.94,Grade Celsius,
87,111.01,W/m^2,7:49:11,28/6/17,Day of week:,Wednesday,26.81,Grade Celsius,
78,109.55,W/m^2,7:49:14,28/6/17,Day of week:,Wednesday,26.75,Grade Celsius,
75,100.78,W/m^2,7:49:18,28/6/17,Day of week:,Wednesday,26.50,Grade Celsius,
78,116.85,W/m^2,7:49:21,28/6/17,Day of week:,Wednesday,26.31,Grade Celsius,
81,116.85,W/m^2,7:49:24,28/6/17,Day of week:,Wednesday,26.00,Grade Celsius,
83,116.85,W/m^2,7:49:27,28/6/17,Day of week:,Wednesday,25.81,Grade Celsius,
77,116.85,W/m^2,7:49:30,28/6/17,Day of week:,Wednesday,25.56,Grade Celsius,
74,112.47,W/m^2,7:49:33,28/6/17,Day of week:,Wednesday,25.56,Grade Celsius,
77,116.85,W/m^2,7:49:36,28/6/17,Day of week:,Wednesday,25.44,Grade Celsius,
78,116.85,W/m^2,7:49:39,28/6/17,Day of week:,Wednesday,25.44,Grade Celsius,
76,116.85,W/m^2,7:49:42,28/6/17,Day of week:,Wednesday,25.50,Grade Celsius,
73,116.85,W/m^2,7:49:45,28/6/17,Day of week:,Wednesday,25.69,Grade Celsius,
69,100.78,W/m^2,7:49:48,28/6/17,Day of week:,Wednesday,25.50,Grade Celsius,
75,111.01,W/m^2,7:49:51,28/6/17,Day of week:,Wednesday,25.37,Grade Celsius,
71,100.78,W/m^2,7:49:54,28/6/17,Day of week:,Wednesday,25.50,Grade Celsius,
72,105.17,W/m^2,7:49:57,28/6/17,Day of week:,Wednesday,25.44,Grade Celsius,
78,105.17,W/m^2,7:50:00,28/6/17,Day of week:,Wednesday,25.44,Grade Celsius,
72,108.09,W/m^2,7:50:04,28/6/17,Day of week:,Wednesday,25.50,Grade Celsius,
74,93.48,W/m^2,7:50:07,28/6/17,Day of week:,Wednesday,25.62,Grade Celsius,
73,100.78,W/m^2,7:50:10,28/6/17,Day of week:,Wednesday,25.81,Grade Celsius,
81,131.46,W/m^2,7:50:13,28/6/17,Day of week:,Wednesday,25.75,Grade Celsius,
77,116.85,W/m^2,7:50:16,28/6/17,Day of week:,Wednesday,25.75,Grade Celsius,
78,119.77,W/m^2,7:50:19,28/6/17,Day of week:,Wednesday,25.62,Grade Celsius,
82,111.01,W/m^2,7:50:22,28/6/17,Day of week:,Wednesday,25.75,Grade Celsius,
77,119.77,W/m^2,7:50:25,28/6/17,Day of week:,Wednesday,25.81,Grade Celsius,
80,105.17,W/m^2,7:50:28,28/6/17,Day of week:,Wednesday,25.87,Grade Celsius,
79,100.78,W/m^2,7:50:31,28/6/17,Day of week:,Wednesday,26.06,Grade Celsius,
77,116.85,W/m^2,7:50:34,28/6/17,Day of week:,Wednesday,25.75,Grade Celsius,
79,116.85,W/m^2,7:50:37,28/6/17,Day of week:,Wednesday,25.94,Grade Celsius,
77,118.31,W/m^2,7:50:40,28/6/17,Day of week:,Wednesday,25.87,Grade Celsius,
78,116.85,W/m^2,7:50:43,28/6/17,Day of week:,Wednesday,26.00,Grade Celsius,
78,118.31,W/m^2,7:50:46,28/6/17,Day of week:,Wednesday,25.81,Grade Celsius,
77,118.31,W/m^2,7:50:49,28/6/17,Day of week:,Wednesday,26.00,Grade Celsius,
77,118.31,W/m^2,7:50:53,28/6/17,Day of week:,Wednesday,26.00,Grade Celsius,
77,118.31,W/m^2,7:50:56,28/6/17,Day of week:,Wednesday,26.19,Grade Celsius,
80,116.85,W/m^2,7:50:59,28/6/17,Day of week:,Wednesday,26.37,Grade Celsius,
77,116.85,W/m^2,7:51:02,28/6/17,Day of week:,Wednesday,26.50,Grade Celsius,
79,116.85,W/m^2,7:51:05,28/6/17,Day of week:,Wednesday,26.62,Grade Celsius,
72,116.85,W/m^2,7:51:08,28/6/17,Day of week:,Wednesday,26.50,Grade Celsius,
75,116.85,W/m^2,7:51:11,28/6/17,Day of week:,Wednesday,26.44,Grade Celsius,
78,116.85,W/m^2,7:51:14,28/6/17,Day of week:,Wednesday,26.56,Grade Celsius,
75,116.85,W/m^2,7:51:17,28/6/17,Day of week:,Wednesday,26.56,Grade Celsius,
80,116.85,W/m^2,7:51:20,28/6/17,Day of week:,Wednesday,26.44,Grade Celsius,
80,116.85,W/m^2,7:51:23,28/6/17,Day of week:,Wednesday,26.37,Grade Celsius,
79,116.85,W/m^2,7:51:26,28/6/17,Day of week:,Wednesday,26.25,Grade Celsius,
79,128.54,W/m^2,7:51:29,28/6/17,Day of week:,Wednesday,26.19,Grade Celsius,
81,116.85,W/m^2,7:51:32,28/6/17,Day of week:,Wednesday,26.19,Grade Celsius,
80,119.77,W/m^2,7:51:35,28/6/17,Day of week:,Wednesday,26.37,Grade Celsius,
77,111.01,W/m^2,7:51:39,28/6/17,Day of week:,Wednesday,26.25,Grade Celsius,
77,116.85,W/m^2,7:51:42,28/6/17,Day of week:,Wednesday,26.50,Grade Celsius,
77,116.85,W/m^2,7:51:45,28/6/17,Day of week:,Wednesday,26.69,Grade Celsius,
79,128.54,W/m^2,7:51:48,28/6/17,Day of week:,Wednesday,26.87,Grade Celsius,
66,128.54,W/m^2,7:51:51,28/6/17,Day of week:,Wednesday,26.87,Grade Celsius,
78,116.85,W/m^2,7:51:54,28/6/17,Day of week:,Wednesday,26.94,Grade Celsius,
78,116.85,W/m^2,7:51:57,28/6/17,Day of week:,Wednesday,26.94,Grade Celsius,
77,116.85,W/m^2,7:52:00,28/6/17,Day of week:,Wednesday,26.87,Grade Celsius,
80,116.85,W/m^2,7:52:03,28/6/17,Day of week:,Wednesday,26.75,Grade Celsius,
79,116.85,W/m^2,7:52:06,28/6/17,Day of week:,Wednesday,26.69,Grade Celsius,
72,100.78,W/m^2,7:52:09,28/6/17,Day of week:,Wednesday,26.81,Grade Celsius,
69,116.85,W/m^2,7:52:12,28/6/17,Day of week:,Wednesday,26.81,Grade Celsius,
68,116.85,W/m^2,7:52:15,28/6/17,Day of week:,Wednesday,26.62,Grade Celsius,
81,122.69,W/m^2,7:52:18,28/6/17,Day of week:,Wednesday,26.62,Grade Celsius,
81,116.85,W/m^2,7:52:21,28/6/17,Day of week:,Wednesday,26.62,Grade Celsius,
81,122.69,W/m^2,7:52:25,28/6/17,Day of week:,Wednesday,26.50,Grade Celsius,
80,118.31,W/m^2,7:52:28,28/6/17,Day of week:,Wednesday,26.25,Grade Celsius,
80,118.31,W/m^2,7:52:31,28/6/17,Day of week:,Wednesday,26.12,Grade Celsius,
79,119.77,W/m^2,7:52:34,28/6/17,Day of week:,Wednesday,26.00,Grade Celsius,
81,118.31,W/m^2,7:52:37,28/6/17,Day of week:,Wednesday,25.87,Grade Celsius,
79,118.31,W/m^2,7:52:40,28/6/17,Day of week:,Wednesday,26.00,Grade Celsius,
79,119.77,W/m^2,7:52:43,28/6/17,Day of week:,Wednesday,26.19,Grade Celsius,
79,116.85,W/m^2,7:52:46,28/6/17,Day of week:,Wednesday,26.31,Grade Celsius,
80,118.31,W/m^2,7:52:49,28/6/17,Day of week:,Wednesday,26.44,Grade Celsius,
67,118.31,W/m^2,7:52:52,28/6/17,Day of week:,Wednesday,26.44,Grade Celsius,
79,134.38,W/m^2,7:52:55,28/6/17,Day of week:,Wednesday,26.44,Grade Celsius,
80,116.85,W/m^2,7:52:58,28/6/17,Day of week:,Wednesday,26.62,Grade Celsius,
79,116.85,W/m^2,7:53:01,28/6/17,Day of week:,Wednesday,26.50,Grade Celsius,
79,119.77,W/m^2,7:53:04,28/6/17,Day of week:,Wednesday,26.62,Grade Celsius,
77,105.17,W/m^2,7:53:07,28/6/17,Day of week:,Wednesday,26.62,Grade Celsius,
67,116.85,W/m^2,7:53:10,28/6/17,Day of week:,Wednesday,26.69,Grade Celsius,
79,116.85,W/m^2,7:53:14,28/6/17,Day of week:,Wednesday,26.69,Grade Celsius,
80,116.85,W/m^2,7:53:17,28/6/17,Day of week:,Wednesday,26.81,Grade Celsius,
82,111.01,W/m^2,7:53:20,28/6/17,Day of week:,Wednesday,26.94,Grade Celsius,
80,116.85,W/m^2,7:53:23,28/6/17,Day of week:,Wednesday,26.87,Grade Celsius,
82,122.69,W/m^2,7:53:26,28/6/17,Day of week:,Wednesday,26.94,Grade Celsius,
80,124.15,W/m^2,7:53:29,28/6/17,Day of week:,Wednesday,27.00,Grade Celsius,
80,116.85,W/m^2,7:53:32,28/6/17,Day of week:,Wednesday,27.00,Grade Celsius,
80,122.69,W/m^2,7:53:35,28/6/17,Day of week:,Wednesday,26.81,Grade Celsius,
69,119.77,W/m^2,7:53:38,28/6/17,Day of week:,Wednesday,26.75,Grade Celsius,
82,128.54,W/m^2,7:53:41,28/6/17,Day of week:,Wednesday,26.56,Grade Celsius,
87,105.17,W/m^2,7:53:44,28/6/17,Day of week:,Wednesday,26.62,Grade Celsius,
79,118.31,W/m^2,7:53:47,28/6/17,Day of week:,Wednesday,26.75,Grade Celsius,
78,118.31,W/m^2,7:53:50,28/6/17,Day of week:,Wednesday,26.62,Grade Celsius,
79,116.85,W/m^2,7:53:53,28/6/17,Day of week:,Wednesday,26.37,Grade Celsius,
81,109.55,W/m^2,7:53:56,28/6/17,Day of week:,Wednesday,26.25,Grade Celsius,
81,119.77,W/m^2,7:53:59,28/6/17,Day of week:,Wednesday,26.00,Grade Celsius,
78,119.77,W/m^2,7:54:03,28/6/17,Day of week:,Wednesday,25.87,Grade Celsius,
88,122.69,W/m^2,7:54:06,28/6/17,Day of week:,Wednesday,25.87,Grade Celsius,
83,121.23,W/m^2,7:54:09,28/6/17,Day of week:,Wednesday,25.62,Grade Celsius,
93,116.85,W/m^2,7:54:12,28/6/17,Day of week:,Wednesday,25.69,Grade Celsius,
81,122.69,W/m^2,7:54:15,28/6/17,Day of week:,Wednesday,25.69,Grade Celsius,
72,118.31,W/m^2,7:54:18,28/6/17,Day of week:,Wednesday,25.75,Grade Celsius,
81,119.77,W/m^2,7:54:21,28/6/17,Day of week:,Wednesday,25.81,Grade Celsius,
85,118.31,W/m^2,7:54:24,28/6/17,Day of week:,Wednesday,25.75,Grade Celsius,
81,134.38,W/m^2,7:54:27,28/6/17,Day of week:,Wednesday,25.87,Grade Celsius,
79,118.31,W/m^2,7:54:30,28/6/17,Day of week:,Wednesday,26.06,Grade Celsius,
72,131.46,W/m^2,7:54:33,28/6/17,Day of week:,Wednesday,26.31,Grade Celsius,
80,116.85,W/m^2,7:54:36,28/6/17,Day of week:,Wednesday,26.44,Grade Celsius,
81,102.24,W/m^2,7:54:39,28/6/17,Day of week:,Wednesday,26.37,Grade Celsius,
80,106.63,W/m^2,7:54:42,28/6/17,Day of week:,Wednesday,26.50,Grade Celsius,
80,119.77,W/m^2,7:54:45,28/6/17,Day of week:,Wednesday,26.50,Grade Celsius,
80,119.77,W/m^2,7:54:48,28/6/17,Day of week:,Wednesday,26.44,Grade Celsius,
81,140.22,W/m^2,7:54:52,28/6/17,Day of week:,Wednesday,26.44,Grade Celsius,
80,119.77,W/m^2,7:54:55,28/6/17,Day of week:,Wednesday,26.19,Grade Celsius,
79,119.77,W/m^2,7:54:58,28/6/17,Day of week:,Wednesday,26.25,Grade Celsius,
79,116.85,W/m^2,7:55:01,28/6/17,Day of week:,Wednesday,25.94,Grade Celsius,
79,134.38,W/m^2,7:55:04,28/6/17,Day of week:,Wednesday,26.12,Grade Celsius,
80,122.69,W/m^2,7:55:07,28/6/17,Day of week:,Wednesday,26.06,Grade Celsius,
92,116.85,W/m^2,7:55:10,28/6/17,Day of week:,Wednesday,25.81,Grade Celsius,
77,116.85,W/m^2,7:55:13,28/6/17,Day of week:,Wednesday,25.69,Grade Celsius,
81,119.77,W/m^2,7:55:16,28/6/17,Day of week:,Wednesday,25.81,Grade Celsius,
79,116.85,W/m^2,7:55:19,28/6/17,Day of week:,Wednesday,26.00,Grade Celsius,
81,116.85,W/m^2,7:55:22,28/6/17,Day of week:,Wednesday,26.25,Grade Celsius,
81,122.69,W/m^2,7:55:25,28/6/17,Day of week:,Wednesday,26.44,Grade Celsius,
81,111.01,W/m^2,7:55:28,28/6/17,Day of week:,Wednesday,26.12,Grade Celsius,
85,118.31,W/m^2,7:55:31,28/6/17,Day of week:,Wednesday,25.81,Grade Celsius,
82,118.31,W/m^2,7:55:34,28/6/17,Day of week:,Wednesday,25.87,Grade Celsius,
81,119.77,W/m^2,7:55:37,28/6/17,Day of week:,Wednesday,25.81,Grade Celsius,
81,118.31,W/m^2,7:55:41,28/6/17,Day of week:,Wednesday,25.94,Grade Celsius,
82,118.31,W/m^2,7:55:44,28/6/17,Day of week:,Wednesday,25.69,Grade Celsius,
82,128.54,W/m^2,7:55:47,28/6/17,Day of week:,Wednesday,25.62,Grade Celsius,
79,116.85,W/m^2,7:55:50,28/6/17,Day of week:,Wednesday,25.37,Grade Celsius,
77,118.31,W/m^2,7:55:53,28/6/17,Day of week:,Wednesday,25.25,Grade Celsius,
80,118.31,W/m^2,7:55:56,28/6/17,Day of week:,Wednesday,25.06,Grade Celsius,
81,118.31,W/m^2,7:55:59,28/6/17,Day of week:,Wednesday,24.94,Grade Celsius,
84,118.31,W/m^2,7:56:02,28/6/17,Day of week:,Wednesday,25.00,Grade Celsius,
81,116.85,W/m^2,7:56:05,28/6/17,Day of week:,Wednesday,25.12,Grade Celsius,
80,119.77,W/m^2,7:56:08,28/6/17,Day of week:,Wednesday,25.25,Grade Celsius,
93,108.09,W/m^2,7:56:11,28/6/17,Day of week:,Wednesday,25.25,Grade Celsius,
83,122.69,W/m^2,7:56:14,28/6/17,Day of week:,Wednesday,25.56,Grade Celsius,
81,122.69,W/m^2,7:56:17,28/6/17,Day of week:,Wednesday,25.50,Grade Celsius,
80,108.09,W/m^2,7:56:20,28/6/17,Day of week:,Wednesday,25.81,Grade Celsius,
86,108.09,W/m^2,7:56:23,28/6/17,Day of week:,Wednesday,25.69,Grade Celsius,
85,119.77,W/m^2,7:56:27,28/6/17,Day of week:,Wednesday,25.62,Grade Celsius,
80,116.85,W/m^2,7:56:30,28/6/17,Day of week:,Wednesday,25.50,Grade Celsius,
69,118.31,W/m^2,7:56:33,28/6/17,Day of week:,Wednesday,25.62,Grade Celsius,
80,111.01,W/m^2,7:56:36,28/6/17,Day of week:,Wednesday,25.81,Grade Celsius,
79,116.85,W/m^2,7:56:39,28/6/17,Day of week:,Wednesday,25.87,Grade Celsius,
80,118.31,W/m^2,7:56:42,28/6/17,Day of week:,Wednesday,26.00,Grade Celsius,
80,118.31,W/m^2,7:56:45,28/6/17,Day of week:,Wednesday,25.75,Grade Celsius,
79,118.31,W/m^2,7:56:48,28/6/17,Day of week:,Wednesday,25.69,Grade Celsius,
80,122.69,W/m^2,7:56:51,28/6/17,Day of week:,Wednesday,25.69,Grade Celsius,
79,118.31,W/m^2,7:56:54,28/6/17,Day of week:,Wednesday,25.50,Grade Celsius,
79,105.17,W/m^2,7:56:57,28/6/17,Day of week:,Wednesday,25.81,Grade Celsius,
68,119.77,W/m^2,7:57:00,28/6/17,Day of week:,Wednesday,25.75,Grade Celsius,
79,119.77,W/m^2,7:57:03,28/6/17,Day of week:,Wednesday,25.69,Grade Celsius,
80,128.54,W/m^2,7:57:07,28/6/17,Day of week:,Wednesday,25.94,Grade Celsius,
87,122.69,W/m^2,7:57:10,28/6/17,Day of week:,Wednesday,26.00,Grade Celsius,
82,122.69,W/m^2,7:57:13,28/6/17,Day of week:,Wednesday,25.94,Grade Celsius,
82,124.15,W/m^2,7:57:16,28/6/17,Day of week:,Wednesday,25.87,Grade Celsius,
82,121.23,W/m^2,7:57:19,28/6/17,Day of week:,Wednesday,25.87,Grade Celsius,
80,128.54,W/m^2,7:57:22,28/6/17,Day of week:,Wednesday,26.06,Grade Celsius,
82,128.54,W/m^2,7:57:25,28/6/17,Day of week:,Wednesday,26.19,Grade Celsius,
81,119.77,W/m^2,7:57:28,28/6/17,Day of week:,Wednesday,26.25,Grade Celsius,
80,122.69,W/m^2,7:57:31,28/6/17,Day of week:,Wednesday,26.25,Grade Celsius,
85,128.54,W/m^2,7:57:34,28/6/17,Day of week:,Wednesday,26.25,Grade Celsius,
80,122.69,W/m^2,7:57:37,28/6/17,Day of week:,Wednesday,26.37,Grade Celsius,
81,109.55,W/m^2,7:57:40,28/6/17,Day of week:,Wednesday,26.62,Grade Celsius,
81,122.69,W/m^2,7:57:43,28/6/17,Day of week:,Wednesday,26.56,Grade Celsius,
82,122.69,W/m^2,7:57:46,28/6/17,Day of week:,Wednesday,26.69,Grade Celsius,
77,122.69,W/m^2,7:57:49,28/6/17,Day of week:,Wednesday,26.56,Grade Celsius,
80,128.54,W/m^2,7:57:52,28/6/17,Day of week:,Wednesday,26.44,Grade Celsius,
92,140.22,W/m^2,7:57:56,28/6/17,Day of week:,Wednesday,26.19,Grade Celsius,
82,122.69,W/m^2,7:57:59,28/6/17,Day of week:,Wednesday,26.12,Grade Celsius,
75,121.23,W/m^2,7:58:02,28/6/17,Day of week:,Wednesday,26.12,Grade Celsius,
78,119.77,W/m^2,7:58:05,28/6/17,Day of week:,Wednesday,26.31,Grade Celsius,
80,116.85,W/m^2,7:58:08,28/6/17,Day of week:,Wednesday,26.31,Grade Celsius,
79,99.32,W/m^2,7:58:11,28/6/17,Day of week:,Wednesday,26.37,Grade Celsius,
77,116.85,W/m^2,7:58:14,28/6/17,Day of week:,Wednesday,26.25,Grade Celsius,
79,119.77,W/m^2,7:58:17,28/6/17,Day of week:,Wednesday,26.25,Grade Celsius,
80,116.85,W/m^2,7:58:20,28/6/17,Day of week:,Wednesday,26.19,Grade Celsius,
74,116.85,W/m^2,7:58:23,28/6/17,Day of week:,Wednesday,26.12,Grade Celsius,
80,112.47,W/m^2,7:58:26,28/6/17,Day of week:,Wednesday,26.25,Grade Celsius,
77,116.85,W/m^2,7:58:29,28/6/17,Day of week:,Wednesday,26.00,Grade Celsius,
78,116.85,W/m^2,7:58:32,28/6/17,Day of week:,Wednesday,25.87,Grade Celsius,
91,116.85,W/m^2,7:58:35,28/6/17,Day of week:,Wednesday,25.81,Grade Celsius,
72,116.85,W/m^2,7:58:38,28/6/17,Day of week:,Wednesday,25.87,Grade Celsius,
80,134.38,W/m^2,7:58:41,28/6/17,Day of week:,Wednesday,25.75,Grade Celsius,
78,118.31,W/m^2,7:58:45,28/6/17,Day of week:,Wednesday,25.75,Grade Celsius,
80,116.85,W/m^2,7:58:48,28/6/17,Day of week:,Wednesday,25.81,Grade Celsius,
78,116.85,W/m^2,7:58:51,28/6/17,Day of week:,Wednesday,25.94,Grade Celsius,
78,116.85,W/m^2,7:58:54,28/6/17,Day of week:,Wednesday,26.12,Grade Celsius,
78,118.31,W/m^2,7:58:57,28/6/17,Day of week:,Wednesday,26.19,Grade Celsius,
80,119.77,W/m^2,7:59:00,28/6/17,Day of week:,Wednesday,26.31,Grade Celsius,
86,130.00,W/m^2,7:59:03,28/6/17,Day of week:,Wednesday,26.44,Grade Celsius,
78,112.47,W/m^2,7:59:06,28/6/17,Day of week:,Wednesday,26.19,Grade Celsius,
79,112.47,W/m^2,7:59:09,28/6/17,Day of week:,Wednesday,26.06,Grade Celsius,
83,122.69,W/m^2,7:59:12,28/6/17,Day of week:,Wednesday,25.87,Grade Celsius,
78,116.85,W/m^2,7:59:15,28/6/17,Day of week:,Wednesday,25.81,Grade Celsius,
77,116.85,W/m^2,7:59:18,28/6/17,Day of week:,Wednesday,25.94,Grade Celsius,
78,116.85,W/m^2,7:59:21,28/6/17,Day of week:,Wednesday,25.75,Grade Celsius,
77,122.69,W/m^2,7:59:24,28/6/17,Day of week:,Wednesday,25.81,Grade Celsius,
77,116.85,W/m^2,7:59:27,28/6/17,Day of week:,Wednesday,25.87,Grade Celsius,
73,99.32,W/m^2,7:59:31,28/6/17,Day of week:,Wednesday,25.56,Grade Celsius,
80,112.47,W/m^2,7:59:34,28/6/17,Day of week:,Wednesday,25.62,Grade Celsius,
78,105.17,W/m^2,7:59:37,28/6/17,Day of week:,Wednesday,25.62,Grade Celsius,
80,116.85,W/m^2,7:59:40,28/6/17,Day of week:,Wednesday,25.81,Grade Celsius,
78,116.85,W/m^2,7:59:43,28/6/17,Day of week:,Wednesday,25.94,Grade Celsius,
79,116.85,W/m^2,7:59:46,28/6/17,Day of week:,Wednesday,26.19,Grade Celsius,
78,116.85,W/m^2,7:59:49,28/6/17,Day of week:,Wednesday,26.37,Grade Celsius,
77,116.85,W/m^2,7:59:52,28/6/17,Day of week:,Wednesday,26.31,Grade Celsius,
78,112.47,W/m^2,7:59:55,28/6/17,Day of week:,Wednesday,26.44,Grade Celsius,
76,111.01,W/m^2,7:59:58,28/6/17,Day of week:,Wednesday,26.62,Grade Celsius,
73,102.24,W/m^2,8:00:01,28/6/17,Day of week:,Wednesday,26.31,Grade Celsius,
76,112.47,W/m^2,8:00:04,28/6/17,Day of week:,Wednesday,26.12,Grade Celsius,
74,116.85,W/m^2,8:00:07,28/6/17,Day of week:,Wednesday,25.81,Grade Celsius,
77,111.01,W/m^2,8:00:10,28/6/17,Day of week:,Wednesday,25.56,Grade Celsius,
75,128.54,W/m^2,8:00:13,28/6/17,Day of week:,Wednesday,25.31,Grade Celsius,
83,111.01,W/m^2,8:00:16,28/6/17,Day of week:,Wednesday,25.44,Grade Celsius,
66,111.01,W/m^2,8:00:20,28/6/17,Day of week:,Wednesday,25.19,Grade Celsius,
67,111.01,W/m^2,8:00:23,28/6/17,Day of week:,Wednesday,25.31,Grade Celsius,
75,116.85,W/m^2,8:00:26,28/6/17,Day of week:,Wednesday,25.44,Grade Celsius,
74,102.24,W/m^2,8:00:29,28/6/17,Day of week:,Wednesday,25.50,Grade Celsius,
76,108.09,W/m^2,8:00:32,28/6/17,Day of week:,Wednesday,25.50,Grade Celsius,
74,94.94,W/m^2,8:00:35,28/6/17,Day of week:,Wednesday,25.62,Grade Celsius,
64,108.09,W/m^2,8:00:38,28/6/17,Day of week:,Wednesday,25.81,Grade Celsius,
64,112.47,W/m^2,8:00:41,28/6/17,Day of week:,Wednesday,25.69,Grade Celsius,
68,116.85,W/m^2,8:00:44,28/6/17,Day of week:,Wednesday,25.81,Grade Celsius,
73,111.01,W/m^2,8:00:47,28/6/17,Day of week:,Wednesday,25.75,Grade Celsius,
76,116.85,W/m^2,8:00:50,28/6/17,Day of week:,Wednesday,25.81,Grade Celsius,
74,112.47,W/m^2,8:00:53,28/6/17,Day of week:,Wednesday,25.87,Grade Celsius,
74,116.85,W/m^2,8:00:56,28/6/17,Day of week:,Wednesday,26.06,Grade Celsius,
76,112.47,W/m^2,8:00:59,28/6/17,Day of week:,Wednesday,26.12,Grade Celsius,
76,116.85,W/m^2,8:01:02,28/6/17,Day of week:,Wednesday,26.12,Grade Celsius,
76,112.47,W/m^2,8:01:05,28/6/17,Day of week:,Wednesday,26.06,Grade Celsius,
77,111.01,W/m^2,8:01:09,28/6/17,Day of week:,Wednesday,25.87,Grade Celsius,
73,105.17,W/m^2,8:01:12,28/6/17,Day of week:,Wednesday,25.75,Grade Celsius,
74,99.32,W/m^2,8:01:15,28/6/17,Day of week:,Wednesday,25.81,Grade Celsius,
76,105.17,W/m^2,8:01:18,28/6/17,Day of week:,Wednesday,25.69,Grade Celsius,
85,99.32,W/m^2,8:01:21,28/6/17,Day of week:,Wednesday,25.69,Grade Celsius,
67,112.47,W/m^2,8:01:24,28/6/17,Day of week:,Wednesday,25.62,Grade Celsius,
75,116.85,W/m^2,8:01:27,28/6/17,Day of week:,Wednesday,25.81,Grade Celsius,
74,116.85,W/m^2,8:01:30,28/6/17,Day of week:,Wednesday,26.00,Grade Celsius,
75,116.85,W/m^2,8:01:33,28/6/17,Day of week:,Wednesday,25.87,Grade Celsius,
73,116.85,W/m^2,8:01:36,28/6/17,Day of week:,Wednesday,26.06,Grade Celsius,
80,116.85,W/m^2,8:01:39,28/6/17,Day of week:,Wednesday,25.69,Grade Celsius,
76,116.85,W/m^2,8:01:42,28/6/17,Day of week:,Wednesday,25.75,Grade Celsius,
78,116.85,W/m^2,8:01:45,28/6/17,Day of week:,Wednesday,25.75,Grade Celsius,
78,105.17,W/m^2,8:01:48,28/6/17,Day of week:,Wednesday,25.75,Grade Celsius,
75,112.47,W/m^2,8:01:51,28/6/17,Day of week:,Wednesday,25.75,Grade Celsius,
84,116.85,W/m^2,8:01:54,28/6/17,Day of week:,Wednesday,25.81,Grade Celsius,
78,116.85,W/m^2,8:01:58,28/6/17,Day of week:,Wednesday,26.06,Grade Celsius,
76,116.85,W/m^2,8:02:01,28/6/17,Day of week:,Wednesday,26.19,Grade Celsius,
76,111.01,W/m^2,8:02:04,28/6/17,Day of week:,Wednesday,26.06,Grade Celsius,
76,111.01,W/m^2,8:02:07,28/6/17,Day of week:,Wednesday,26.06,Grade Celsius,
68,116.85,W/m^2,8:02:10,28/6/17,Day of week:,Wednesday,25.87,Grade Celsius,
75,113.93,W/m^2,8:02:13,28/6/17,Day of week:,Wednesday,25.69,Grade Celsius,
83,96.40,W/m^2,8:02:16,28/6/17,Day of week:,Wednesday,25.62,Grade Celsius,
83,99.32,W/m^2,8:02:19,28/6/17,Day of week:,Wednesday,25.44,Grade Celsius,
78,122.69,W/m^2,8:02:22,28/6/17,Day of week:,Wednesday,25.37,Grade Celsius,
78,116.85,W/m^2,8:02:25,28/6/17,Day of week:,Wednesday,25.31,Grade Celsius,
70,116.85,W/m^2,8:02:28,28/6/17,Day of week:,Wednesday,25.12,Grade Celsius,
76,109.55,W/m^2,8:02:31,28/6/17,Day of week:,Wednesday,25.19,Grade Celsius,
75,116.85,W/m^2,8:02:34,28/6/17,Day of week:,Wednesday,25.31,Grade Celsius,
76,116.85,W/m^2,8:02:37,28/6/17,Day of week:,Wednesday,25.31,Grade Celsius,
76,128.54,W/m^2,8:02:41,28/6/17,Day of week:,Wednesday,25.25,Grade Celsius,
76,122.69,W/m^2,8:02:44,28/6/17,Day of week:,Wednesday,25.44,Grade Celsius,
74,119.77,W/m^2,8:02:47,28/6/17,Day of week:,Wednesday,25.62,Grade Celsius,
65,112.47,W/m^2,8:02:50,28/6/17,Day of week:,Wednesday,25.81,Grade Celsius,
76,102.24,W/m^2,8:02:53,28/6/17,Day of week:,Wednesday,25.94,Grade Celsius,
78,118.31,W/m^2,8:02:56,28/6/17,Day of week:,Wednesday,26.12,Grade Celsius,
76,116.85,W/m^2,8:02:59,28/6/17,Day of week:,Wednesday,25.94,Grade Celsius,
78,122.69,W/m^2,8:03:02,28/6/17,Day of week:,Wednesday,26.00,Grade Celsius,
79,116.85,W/m^2,8:03:05,28/6/17,Day of week:,Wednesday,26.00,Grade Celsius,
77,116.85,W/m^2,8:03:08,28/6/17,Day of week:,Wednesday,26.12,Grade Celsius,
77,116.85,W/m^2,8:03:11,28/6/17,Day of week:,Wednesday,26.25,Grade Celsius,
87,116.85,W/m^2,8:03:14,28/6/17,Day of week:,Wednesday,26.31,Grade Celsius,
67,116.85,W/m^2,8:03:17,28/6/17,Day of week:,Wednesday,26.50,Grade Celsius,
77,116.85,W/m^2,8:03:20,28/6/17,Day of week:,Wednesday,26.50,Grade Celsius,
78,116.85,W/m^2,8:03:23,28/6/17,Day of week:,Wednesday,26.25,Grade Celsius,
77,116.85,W/m^2,8:03:26,28/6/17,Day of week:,Wednesday,26.06,Grade Celsius,
75,111.01,W/m^2,8:03:30,28/6/17,Day of week:,Wednesday,26.00,Grade Celsius,
75,106.63,W/m^2,8:03:33,28/6/17,Day of week:,Wednesday,25.87,Grade Celsius,
75,111.01,W/m^2,8:03:36,28/6/17,Day of week:,Wednesday,25.94,Grade Celsius,
75,102.24,W/m^2,8:03:39,28/6/17,Day of week:,Wednesday,25.87,Grade Celsius,
75,99.32,W/m^2,8:03:42,28/6/17,Day of week:,Wednesday,25.69,Grade Celsius,
71,111.01,W/m^2,8:03:45,28/6/17,Day of week:,Wednesday,25.94,Grade Celsius,
74,112.47,W/m^2,8:03:48,28/6/17,Day of week:,Wednesday,25.81,Grade Celsius,
75,116.85,W/m^2,8:03:51,28/6/17,Day of week:,Wednesday,25.94,Grade Celsius,
77,122.69,W/m^2,8:03:54,28/6/17,Day of week:,Wednesday,25.87,Grade Celsius,
75,105.17,W/m^2,8:03:57,28/6/17,Day of week:,Wednesday,25.75,Grade Celsius,
75,116.85,W/m^2,8:04:00,28/6/17,Day of week:,Wednesday,26.00,Grade Celsius,
75,116.85,W/m^2,8:04:03,28/6/17,Day of week:,Wednesday,26.19,Grade Celsius,
75,116.85,W/m^2,8:04:06,28/6/17,Day of week:,Wednesday,26.37,Grade Celsius,
77,116.85,W/m^2,8:04:09,28/6/17,Day of week:,Wednesday,26.44,Grade Celsius,
78,113.93,W/m^2,8:04:12,28/6/17,Day of week:,Wednesday,26.50,Grade Celsius,
75,125.62,W/m^2,8:04:15,28/6/17,Day of week:,Wednesday,26.31,Grade Celsius,
75,116.85,W/m^2,8:04:19,28/6/17,Day of week:,Wednesday,26.44,Grade Celsius,
75,116.85,W/m^2,8:04:22,28/6/17,Day of week:,Wednesday,26.44,Grade Celsius,
76,106.63,W/m^2,8:04:25,28/6/17,Day of week:,Wednesday,26.56,Grade Celsius,
76,116.85,W/m^2,8:04:28,28/6/17,Day of week:,Wednesday,26.44,Grade Celsius,
78,111.01,W/m^2,8:04:31,28/6/17,Day of week:,Wednesday,26.37,Grade Celsius,
87,116.85,W/m^2,8:04:34,28/6/17,Day of week:,Wednesday,26.50,Grade Celsius,
75,116.85,W/m^2,8:04:37,28/6/17,Day of week:,Wednesday,26.44,Grade Celsius,
66,112.47,W/m^2,8:04:40,28/6/17,Day of week:,Wednesday,26.37,Grade Celsius,
77,111.01,W/m^2,8:04:43,28/6/17,Day of week:,Wednesday,26.25,Grade Celsius,
77,112.47,W/m^2,8:04:46,28/6/17,Day of week:,Wednesday,26.25,Grade Celsius,
78,108.09,W/m^2,8:04:49,28/6/17,Day of week:,Wednesday,26.37,Grade Celsius,
79,116.85,W/m^2,8:04:52,28/6/17,Day of week:,Wednesday,26.44,Grade Celsius,
78,116.85,W/m^2,8:04:55,28/6/17,Day of week:,Wednesday,26.12,Grade Celsius,
74,116.85,W/m^2,8:04:58,28/6/17,Day of week:,Wednesday,25.94,Grade Celsius,
69,116.85,W/m^2,8:05:01,28/6/17,Day of week:,Wednesday,25.87,Grade Celsius,
77,124.15,W/m^2,8:05:04,28/6/17,Day of week:,Wednesday,25.81,Grade Celsius,
73,111.01,W/m^2,8:05:08,28/6/17,Day of week:,Wednesday,25.75,Grade Celsius,
78,116.85,W/m^2,8:05:11,28/6/17,Day of week:,Wednesday,25.87,Grade Celsius,
77,105.17,W/m^2,8:05:14,28/6/17,Day of week:,Wednesday,26.00,Grade Celsius,
74,116.85,W/m^2,8:05:17,28/6/17,Day of week:,Wednesday,26.12,Grade Celsius,
78,116.85,W/m^2,8:05:20,28/6/17,Day of week:,Wednesday,26.19,Grade Celsius,
79,116.85,W/m^2,8:05:23,28/6/17,Day of week:,Wednesday,26.25,Grade Celsius,
77,116.85,W/m^2,8:05:26,28/6/17,Day of week:,Wednesday,26.12,Grade Celsius,
77,116.85,W/m^2,8:05:29,28/6/17,Day of week:,Wednesday,26.12,Grade Celsius,
73,116.85,W/m^2,8:05:32,28/6/17,Day of week:,Wednesday,25.94,Grade Celsius,
78,116.85,W/m^2,8:05:35,28/6/17,Day of week:,Wednesday,26.12,Grade Celsius,
77,116.85,W/m^2,8:05:38,28/6/17,Day of week:,Wednesday,26.25,Grade Celsius,
87,116.85,W/m^2,8:05:41,28/6/17,Day of week:,Wednesday,26.31,Grade Celsius,
79,121.23,W/m^2,8:05:44,28/6/17,Day of week:,Wednesday,26.25,Grade Celsius,
77,116.85,W/m^2,8:05:47,28/6/17,Day of week:,Wednesday,26.31,Grade Celsius,
80,122.69,W/m^2,8:05:50,28/6/17,Day of week:,Wednesday,26.25,Grade Celsius,
74,116.85,W/m^2,8:05:53,28/6/17,Day of week:,Wednesday,26.12,Grade Celsius,
80,122.69,W/m^2,8:05:57,28/6/17,Day of week:,Wednesday,26.12,Grade Celsius,
81,116.85,W/m^2,8:06:00,28/6/17,Day of week:,Wednesday,26.12,Grade Celsius,
80,118.31,W/m^2,8:06:03,28/6/17,Day of week:,Wednesday,26.25,Grade Celsius,
80,111.01,W/m^2,8:06:06,28/6/17,Day of week:,Wednesday,26.25,Grade Celsius,
80,119.77,W/m^2,8:06:09,28/6/17,Day of week:,Wednesday,26.19,Grade Celsius,
80,116.85,W/m^2,8:06:12,28/6/17,Day of week:,Wednesday,26.37,Grade Celsius,
81,116.85,W/m^2,8:06:15,28/6/17,Day of week:,Wednesday,26.31,Grade Celsius,
77,116.85,W/m^2,8:06:18,28/6/17,Day of week:,Wednesday,26.31,Grade Celsius,
80,128.54,W/m^2,8:06:21,28/6/17,Day of week:,Wednesday,26.37,Grade Celsius,
78,116.85,W/m^2,8:06:24,28/6/17,Day of week:,Wednesday,26.50,Grade Celsius,
79,119.77,W/m^2,8:06:27,28/6/17,Day of week:,Wednesday,26.62,Grade Celsius,
80,116.85,W/m^2,8:06:30,28/6/17,Day of week:,Wednesday,26.75,Grade Celsius,
79,116.85,W/m^2,8:06:33,28/6/17,Day of week:,Wednesday,26.81,Grade Celsius,
80,122.69,W/m^2,8:06:36,28/6/17,Day of week:,Wednesday,27.00,Grade Celsius,
80,122.69,W/m^2,8:06:39,28/6/17,Day of week:,Wednesday,26.87,Grade Celsius,
71,116.85,W/m^2,8:06:43,28/6/17,Day of week:,Wednesday,26.94,Grade Celsius,
80,116.85,W/m^2,8:06:46,28/6/17,Day of week:,Wednesday,26.94,Grade Celsius,
75,119.77,W/m^2,8:06:49,28/6/17,Day of week:,Wednesday,27.12,Grade Celsius,
80,119.77,W/m^2,8:06:52,28/6/17,Day of week:,Wednesday,27.31,Grade Celsius,
80,116.85,W/m^2,8:06:55,28/6/17,Day of week:,Wednesday,27.50,Grade Celsius,
79,116.85,W/m^2,8:06:58,28/6/17,Day of week:,Wednesday,27.50,Grade Celsius,
78,108.09,W/m^2,8:07:01,28/6/17,Day of week:,Wednesday,27.00,Grade Celsius,
92,100.78,W/m^2,8:07:04,28/6/17,Day of week:,Wednesday,26.94,Grade Celsius,
81,116.85,W/m^2,8:07:07,28/6/17,Day of week:,Wednesday,26.75,Grade Celsius,
69,116.85,W/m^2,8:07:10,28/6/17,Day of week:,Wednesday,26.50,Grade Celsius,
73,134.38,W/m^2,8:07:13,28/6/17,Day of week:,Wednesday,26.31,Grade Celsius,
79,122.69,W/m^2,8:07:16,28/6/17,Day of week:,Wednesday,26.19,Grade Celsius,
81,122.69,W/m^2,8:07:19,28/6/17,Day of week:,Wednesday,26.31,Grade Celsius,
81,116.85,W/m^2,8:07:22,28/6/17,Day of week:,Wednesday,26.12,Grade Celsius,
81,119.77,W/m^2,8:07:25,28/6/17,Day of week:,Wednesday,26.00,Grade Celsius,
80,118.31,W/m^2,8:07:28,28/6/17,Day of week:,Wednesday,25.94,Grade Celsius,
81,134.38,W/m^2,8:07:32,28/6/17,Day of week:,Wednesday,25.94,Grade Celsius,
85,119.77,W/m^2,8:07:35,28/6/17,Day of week:,Wednesday,25.87,Grade Celsius,
72,122.69,W/m^2,8:07:38,28/6/17,Day of week:,Wednesday,25.81,Grade Celsius,
80,116.85,W/m^2,8:07:41,28/6/17,Day of week:,Wednesday,25.94,Grade Celsius,
82,118.31,W/m^2,8:07:44,28/6/17,Day of week:,Wednesday,26.00,Grade Celsius,
80,119.77,W/m^2,8:07:47,28/6/17,Day of week:,Wednesday,26.00,Grade Celsius,
91,122.69,W/m^2,8:07:50,28/6/17,Day of week:,Wednesday,26.00,Grade Celsius,
80,122.69,W/m^2,8:07:53,28/6/17,Day of week:,Wednesday,26.00,Grade Celsius,
78,119.77,W/m^2,8:07:56,28/6/17,Day of week:,Wednesday,26.19,Grade Celsius,
83,140.22,W/m^2,8:07:59,28/6/17,Day of week:,Wednesday,26.25,Grade Celsius,
93,128.54,W/m^2,8:08:02,28/6/17,Day of week:,Wednesday,26.37,Grade Celsius,
83,128.54,W/m^2,8:08:05,28/6/17,Day of week:,Wednesday,26.19,Grade Celsius,
85,128.54,W/m^2,8:08:08,28/6/17,Day of week:,Wednesday,26.31,Grade Celsius,
85,125.62,W/m^2,8:08:12,28/6/17,Day of week:,Wednesday,26.37,Grade Celsius,
96,128.54,W/m^2,8:08:15,28/6/17,Day of week:,Wednesday,26.44,Grade Celsius,
84,130.00,W/m^2,8:08:18,28/6/17,Day of week:,Wednesday,26.44,Grade Celsius,
84,124.15,W/m^2,8:08:21,28/6/17,Day of week:,Wednesday,26.19,Grade Celsius,
84,128.54,W/m^2,8:08:24,28/6/17,Day of week:,Wednesday,26.31,Grade Celsius,
86,128.54,W/m^2,8:08:27,28/6/17,Day of week:,Wednesday,26.19,Grade Celsius,
86,143.14,W/m^2,8:08:30,28/6/17,Day of week:,Wednesday,26.12,Grade Celsius,
90,122.69,W/m^2,8:08:33,28/6/17,Day of week:,Wednesday,26.00,Grade Celsius,
93,131.46,W/m^2,8:08:36,28/6/17,Day of week:,Wednesday,26.06,Grade Celsius,
86,128.54,W/m^2,8:08:39,28/6/17,Day of week:,Wednesday,26.31,Grade Celsius,
87,128.54,W/m^2,8:08:42,28/6/17,Day of week:,Wednesday,26.31,Grade Celsius,
86,134.38,W/m^2,8:08:45,28/6/17,Day of week:,Wednesday,26.62,Grade Celsius,
87,128.54,W/m^2,8:08:48,28/6/17,Day of week:,Wednesday,26.62,Grade Celsius,
88,128.54,W/m^2,8:08:51,28/6/17,Day of week:,Wednesday,26.81,Grade Celsius,
88,130.00,W/m^2,8:08:54,28/6/17,Day of week:,Wednesday,26.87,Grade Celsius,
86,131.46,W/m^2,8:08:57,28/6/17,Day of week:,Wednesday,27.00,Grade Celsius,
91,122.69,W/m^2,8:09:01,28/6/17,Day of week:,Wednesday,27.19,Grade Celsius,
86,116.85,W/m^2,8:09:04,28/6/17,Day of week:,Wednesday,27.25,Grade Celsius,
85,122.69,W/m^2,8:09:07,28/6/17,Day of week:,Wednesday,27.25,Grade Celsius,
87,128.54,W/m^2,8:09:10,28/6/17,Day of week:,Wednesday,27.50,Grade Celsius,
86,130.00,W/m^2,8:09:13,28/6/17,Day of week:,Wednesday,27.69,Grade Celsius,
89,130.00,W/m^2,8:09:16,28/6/17,Day of week:,Wednesday,27.87,Grade Celsius,
83,128.54,W/m^2,8:09:19,28/6/17,Day of week:,Wednesday,28.06,Grade Celsius,
86,124.15,W/m^2,8:09:22,28/6/17,Day of week:,Wednesday,28.12,Grade Celsius,
87,116.85,W/m^2,8:09:25,28/6/17,Day of week:,Wednesday,27.94,Grade Celsius,
86,128.54,W/m^2,8:09:28,28/6/17,Day of week:,Wednesday,27.81,Grade Celsius,
86,122.69,W/m^2,8:09:31,28/6/17,Day of week:,Wednesday,27.94,Grade Celsius,
86,144.60,W/m^2,8:09:34,28/6/17,Day of week:,Wednesday,27.50,Grade Celsius,
81,130.00,W/m^2,8:09:37,28/6/17,Day of week:,Wednesday,27.44,Grade Celsius,
84,151.91,W/m^2,8:09:40,28/6/17,Day of week:,Wednesday,27.19,Grade Celsius,
86,124.15,W/m^2,8:09:43,28/6/17,Day of week:,Wednesday,27.31,Grade Celsius,
86,128.54,W/m^2,8:09:46,28/6/17,Day of week:,Wednesday,27.00,Grade Celsius,
98,130.00,W/m^2,8:09:50,28/6/17,Day of week:,Wednesday,27.19,Grade Celsius,
88,131.46,W/m^2,8:09:53,28/6/17,Day of week:,Wednesday,27.25,Grade Celsius,
88,131.46,W/m^2,8:09:56,28/6/17,Day of week:,Wednesday,27.31,Grade Celsius,
88,130.00,W/m^2,8:09:59,28/6/17,Day of week:,Wednesday,27.44,Grade Celsius,
86,130.00,W/m^2,8:10:02,28/6/17,Day of week:,Wednesday,27.50,Grade Celsius,
94,130.00,W/m^2,8:10:05,28/6/17,Day of week:,Wednesday,27.50,Grade Celsius,
81,140.22,W/m^2,8:10:08,28/6/17,Day of week:,Wednesday,27.44,Grade Celsius,
87,128.54,W/m^2,8:10:11,28/6/17,Day of week:,Wednesday,27.37,Grade Celsius,
88,116.85,W/m^2,8:10:14,28/6/17,Day of week:,Wednesday,27.37,Grade Celsius,
89,128.54,W/m^2,8:10:17,28/6/17,Day of week:,Wednesday,27.44,Grade Celsius,
88,130.00,W/m^2,8:10:20,28/6/17,Day of week:,Wednesday,27.50,Grade Celsius,
95,130.00,W/m^2,8:10:23,28/6/17,Day of week:,Wednesday,27.81,Grade Celsius,
88,128.54,W/m^2,8:10:26,28/6/17,Day of week:,Wednesday,27.81,Grade Celsius,
87,131.46,W/m^2,8:10:29,28/6/17,Day of week:,Wednesday,28.00,Grade Celsius,
89,132.92,W/m^2,8:10:32,28/6/17,Day of week:,Wednesday,28.19,Grade Celsius,
87,128.54,W/m^2,8:10:35,28/6/17,Day of week:,Wednesday,28.37,Grade Celsius,
86,128.54,W/m^2,8:10:39,28/6/17,Day of week:,Wednesday,28.25,Grade Celsius,
90,132.92,W/m^2,8:10:42,28/6/17,Day of week:,Wednesday,28.12,Grade Celsius,
91,143.14,W/m^2,8:10:45,28/6/17,Day of week:,Wednesday,28.31,Grade Celsius,
92,134.38,W/m^2,8:10:48,28/6/17,Day of week:,Wednesday,28.25,Grade Celsius,
92,140.22,W/m^2,8:10:51,28/6/17,Day of week:,Wednesday,28.12,Grade Celsius,
93,140.22,W/m^2,8:10:54,28/6/17,Day of week:,Wednesday,28.25,Grade Celsius,
95,140.22,W/m^2,8:10:57,28/6/17,Day of week:,Wednesday,28.31,Grade Celsius,
93,134.38,W/m^2,8:11:00,28/6/17,Day of week:,Wednesday,28.50,Grade Celsius,
87,141.68,W/m^2,8:11:03,28/6/17,Day of week:,Wednesday,28.50,Grade Celsius,
95,135.84,W/m^2,8:11:06,28/6/17,Day of week:,Wednesday,28.37,Grade Celsius,
87,135.84,W/m^2,8:11:09,28/6/17,Day of week:,Wednesday,28.56,Grade Celsius,
93,146.06,W/m^2,8:11:12,28/6/17,Day of week:,Wednesday,28.69,Grade Celsius,
93,157.75,W/m^2,8:11:15,28/6/17,Day of week:,Wednesday,28.69,Grade Celsius,
102,118.31,W/m^2,8:11:18,28/6/17,Day of week:,Wednesday,28.69,Grade Celsius,
93,140.22,W/m^2,8:11:21,28/6/17,Day of week:,Wednesday,28.25,Grade Celsius,
99,140.22,W/m^2,8:11:25,28/6/17,Day of week:,Wednesday,28.37,Grade Celsius,
89,140.22,W/m^2,8:11:28,28/6/17,Day of week:,Wednesday,28.25,Grade Celsius,
94,140.22,W/m^2,8:11:31,28/6/17,Day of week:,Wednesday,27.50,Grade Celsius,
92,140.22,W/m^2,8:11:34,28/6/17,Day of week:,Wednesday,27.12,Grade Celsius,
96,143.14,W/m^2,8:11:37,28/6/17,Day of week:,Wednesday,27.12,Grade Celsius,
95,140.22,W/m^2,8:11:40,28/6/17,Day of week:,Wednesday,27.31,Grade Celsius,
95,140.22,W/m^2,8:11:43,28/6/17,Day of week:,Wednesday,27.37,Grade Celsius,
101,146.06,W/m^2,8:11:46,28/6/17,Day of week:,Wednesday,27.37,Grade Celsius,
95,141.68,W/m^2,8:11:49,28/6/17,Day of week:,Wednesday,27.37,Grade Celsius,
96,140.22,W/m^2,8:11:52,28/6/17,Day of week:,Wednesday,27.37,Grade Celsius,
95,141.68,W/m^2,8:11:55,28/6/17,Day of week:,Wednesday,27.56,Grade Celsius,
100,140.22,W/m^2,8:11:58,28/6/17,Day of week:,Wednesday,27.50,Grade Celsius,
96,141.68,W/m^2,8:12:01,28/6/17,Day of week:,Wednesday,27.75,Grade Celsius,
93,143.14,W/m^2,8:12:04,28/6/17,Day of week:,Wednesday,27.69,Grade Celsius,
86,140.22,W/m^2,8:12:07,28/6/17,Day of week:,Wednesday,27.50,Grade Celsius,
90,143.14,W/m^2,8:12:10,28/6/17,Day of week:,Wednesday,27.31,Grade Celsius,
92,143.14,W/m^2,8:12:14,28/6/17,Day of week:,Wednesday,27.37,Grade Celsius,
98,140.22,W/m^2,8:12:17,28/6/17,Day of week:,Wednesday,27.19,Grade Celsius,
87,124.15,W/m^2,8:12:20,28/6/17,Day of week:,Wednesday,27.06,Grade Celsius,
96,146.06,W/m^2,8:12:23,28/6/17,Day of week:,Wednesday,27.06,Grade Celsius,
105,148.99,W/m^2,8:12:26,28/6/17,Day of week:,Wednesday,26.87,Grade Celsius,
84,146.06,W/m^2,8:12:29,28/6/17,Day of week:,Wednesday,26.75,Grade Celsius,
97,148.99,W/m^2,8:12:32,28/6/17,Day of week:,Wednesday,26.69,Grade Celsius,
96,146.06,W/m^2,8:12:35,28/6/17,Day of week:,Wednesday,26.25,Grade Celsius,
99,165.05,W/m^2,8:12:38,28/6/17,Day of week:,Wednesday,26.25,Grade Celsius,
99,151.91,W/m^2,8:12:41,28/6/17,Day of week:,Wednesday,26.19,Grade Celsius,
96,146.06,W/m^2,8:12:44,28/6/17,Day of week:,Wednesday,26.00,Grade Celsius,
97,146.06,W/m^2,8:12:47,28/6/17,Day of week:,Wednesday,26.25,Grade Celsius,
99,146.06,W/m^2,8:12:50,28/6/17,Day of week:,Wednesday,26.31,Grade Celsius,
94,146.06,W/m^2,8:12:53,28/6/17,Day of week:,Wednesday,26.25,Grade Celsius,
97,140.22,W/m^2,8:12:56,28/6/17,Day of week:,Wednesday,26.00,Grade Celsius,
97,143.14,W/m^2,8:12:59,28/6/17,Day of week:,Wednesday,25.94,Grade Celsius,
98,140.22,W/m^2,8:13:03,28/6/17,Day of week:,Wednesday,26.19,Grade Celsius,
97,146.06,W/m^2,8:13:06,28/6/17,Day of week:,Wednesday,26.50,Grade Celsius,
99,143.14,W/m^2,8:13:09,28/6/17,Day of week:,Wednesday,26.62,Grade Celsius,
100,140.22,W/m^2,8:13:12,28/6/17,Day of week:,Wednesday,26.62,Grade Celsius,
99,146.06,W/m^2,8:13:15,28/6/17,Day of week:,Wednesday,26.50,Grade Celsius,
90,146.06,W/m^2,8:13:18,28/6/17,Day of week:,Wednesday,26.81,Grade Celsius,
101,146.06,W/m^2,8:13:21,28/6/17,Day of week:,Wednesday,26.69,Grade Celsius,
99,140.22,W/m^2,8:13:24,28/6/17,Day of week:,Wednesday,26.75,Grade Celsius,
100,147.52,W/m^2,8:13:27,28/6/17,Day of week:,Wednesday,26.37,Grade Celsius,
100,151.91,W/m^2,8:13:30,28/6/17,Day of week:,Wednesday,26.31,Grade Celsius,
103,151.91,W/m^2,8:13:33,28/6/17,Day of week:,Wednesday,26.37,Grade Celsius,
101,151.91,W/m^2,8:13:36,28/6/17,Day of week:,Wednesday,26.75,Grade Celsius,
101,151.91,W/m^2,8:13:39,28/6/17,Day of week:,Wednesday,27.00,Grade Celsius,
99,151.91,W/m^2,8:13:42,28/6/17,Day of week:,Wednesday,27.19,Grade Celsius,
99,147.52,W/m^2,8:13:46,28/6/17,Day of week:,Wednesday,27.06,Grade Celsius,
99,148.99,W/m^2,8:13:49,28/6/17,Day of week:,Wednesday,26.81,Grade Celsius,
106,163.59,W/m^2,8:13:52,28/6/17,Day of week:,Wednesday,27.06,Grade Celsius,
96,165.05,W/m^2,8:13:55,28/6/17,Day of week:,Wednesday,27.00,Grade Celsius,
103,151.91,W/m^2,8:13:58,28/6/17,Day of week:,Wednesday,26.75,Grade Celsius,
92,148.99,W/m^2,8:14:01,28/6/17,Day of week:,Wednesday,26.62,Grade Celsius,
101,147.52,W/m^2,8:14:04,28/6/17,Day of week:,Wednesday,26.50,Grade Celsius,
102,151.91,W/m^2,8:14:07,28/6/17,Day of week:,Wednesday,26.44,Grade Celsius,
115,150.45,W/m^2,8:14:10,28/6/17,Day of week:,Wednesday,26.69,Grade Celsius,
102,151.91,W/m^2,8:14:13,28/6/17,Day of week:,Wednesday,26.94,Grade Celsius,
102,143.14,W/m^2,8:14:16,28/6/17,Day of week:,Wednesday,26.75,Grade Celsius,
101,146.06,W/m^2,8:14:19,28/6/17,Day of week:,Wednesday,26.50,Grade Celsius,
107,147.52,W/m^2,8:14:22,28/6/17,Day of week:,Wednesday,26.56,Grade Celsius,
102,147.52,W/m^2,8:14:25,28/6/17,Day of week:,Wednesday,26.31,Grade Celsius,
101,147.52,W/m^2,8:14:28,28/6/17,Day of week:,Wednesday,26.19,Grade Celsius,
112,151.91,W/m^2,8:14:31,28/6/17,Day of week:,Wednesday,26.12,Grade Celsius,
96,148.99,W/m^2,8:14:35,28/6/17,Day of week:,Wednesday,26.31,Grade Celsius,
85,148.99,W/m^2,8:14:38,28/6/17,Day of week:,Wednesday,26.12,Grade Celsius,
105,151.91,W/m^2,8:14:41,28/6/17,Day of week:,Wednesday,26.25,Grade Celsius,
101,151.91,W/m^2,8:14:44,28/6/17,Day of week:,Wednesday,26.37,Grade Celsius,
103,151.91,W/m^2,8:14:47,28/6/17,Day of week:,Wednesday,26.37,Grade Celsius,
102,151.91,W/m^2,8:14:50,28/6/17,Day of week:,Wednesday,26.25,Grade Celsius,
104,151.91,W/m^2,8:14:53,28/6/17,Day of week:,Wednesday,26.25,Grade Celsius,
102,163.59,W/m^2,8:14:56,28/6/17,Day of week:,Wednesday,26.31,Grade Celsius,
93,154.83,W/m^2,8:14:59,28/6/17,Day of week:,Wednesday,26.62,Grade Celsius,
103,151.91,W/m^2,8:15:02,28/6/17,Day of week:,Wednesday,26.50,Grade Celsius,
104,154.83,W/m^2,8:15:05,28/6/17,Day of week:,Wednesday,26.56,Grade Celsius,
103,151.91,W/m^2,8:15:08,28/6/17,Day of week:,Wednesday,26.75,Grade Celsius,
103,151.91,W/m^2,8:15:11,28/6/17,Day of week:,Wednesday,26.75,Grade Celsius,
101,140.22,W/m^2,8:15:14,28/6/17,Day of week:,Wednesday,27.06,Grade Celsius,
103,153.37,W/m^2,8:15:17,28/6/17,Day of week:,Wednesday,27.19,Grade Celsius,
102,154.83,W/m^2,8:15:20,28/6/17,Day of week:,Wednesday,27.12,Grade Celsius,
102,154.83,W/m^2,8:15:24,28/6/17,Day of week:,Wednesday,27.00,Grade Celsius,
100,154.83,W/m^2,8:15:27,28/6/17,Day of week:,Wednesday,27.00,Grade Celsius,
102,154.83,W/m^2,8:15:30,28/6/17,Day of week:,Wednesday,27.31,Grade Celsius,
105,169.43,W/m^2,8:15:33,28/6/17,Day of week:,Wednesday,27.37,Grade Celsius,
112,156.29,W/m^2,8:15:36,28/6/17,Day of week:,Wednesday,27.31,Grade Celsius,
104,159.21,W/m^2,8:15:39,28/6/17,Day of week:,Wednesday,27.31,Grade Celsius,
105,166.51,W/m^2,8:15:42,28/6/17,Day of week:,Wednesday,27.37,Grade Celsius,
105,156.29,W/m^2,8:15:45,28/6/17,Day of week:,Wednesday,27.62,Grade Celsius,
105,154.83,W/m^2,8:15:48,28/6/17,Day of week:,Wednesday,27.81,Grade Celsius,
104,154.83,W/m^2,8:15:51,28/6/17,Day of week:,Wednesday,28.00,Grade Celsius,
106,154.83,W/m^2,8:15:54,28/6/17,Day of week:,Wednesday,28.25,Grade Celsius,
92,157.75,W/m^2,8:15:57,28/6/17,Day of week:,Wednesday,28.44,Grade Celsius,
107,157.75,W/m^2,8:16:00,28/6/17,Day of week:,Wednesday,28.19,Grade Celsius,
106,176.74,W/m^2,8:16:03,28/6/17,Day of week:,Wednesday,28.31,Grade Celsius,
106,154.83,W/m^2,8:16:07,28/6/17,Day of week:,Wednesday,28.06,Grade Celsius,
106,165.05,W/m^2,8:16:10,28/6/17,Day of week:,Wednesday,27.81,Grade Celsius,
106,154.83,W/m^2,8:16:13,28/6/17,Day of week:,Wednesday,27.81,Grade Celsius,
105,159.21,W/m^2,8:16:16,28/6/17,Day of week:,Wednesday,27.87,Grade Celsius,
104,143.14,W/m^2,8:16:19,28/6/17,Day of week:,Wednesday,27.75,Grade Celsius,
106,163.59,W/m^2,8:16:22,28/6/17,Day of week:,Wednesday,27.87,Grade Celsius,
107,141.68,W/m^2,8:16:25,28/6/17,Day of week:,Wednesday,28.12,Grade Celsius,
105,157.75,W/m^2,8:16:28,28/6/17,Day of week:,Wednesday,28.25,Grade Celsius,
108,163.59,W/m^2,8:16:31,28/6/17,Day of week:,Wednesday,28.37,Grade Celsius,
107,163.59,W/m^2,8:16:34,28/6/17,Day of week:,Wednesday,28.12,Grade Celsius,
107,163.59,W/m^2,8:16:37,28/6/17,Day of week:,Wednesday,27.69,Grade Celsius,
106,163.59,W/m^2,8:16:40,28/6/17,Day of week:,Wednesday,28.06,Grade Celsius,
108,157.75,W/m^2,8:16:43,28/6/17,Day of week:,Wednesday,27.62,Grade Celsius,
111,157.75,W/m^2,8:16:46,28/6/17,Day of week:,Wednesday,27.87,Grade Celsius,
109,154.83,W/m^2,8:16:49,28/6/17,Day of week:,Wednesday,27.75,Grade Celsius,
105,157.75,W/m^2,8:16:52,28/6/17,Day of week:,Wednesday,27.94,Grade Celsius,
107,140.22,W/m^2,8:16:56,28/6/17,Day of week:,Wednesday,28.12,Grade Celsius,
113,163.59,W/m^2,8:16:59,28/6/17,Day of week:,Wednesday,28.25,Grade Celsius,
104,163.59,W/m^2,8:17:02,28/6/17,Day of week:,Wednesday,28.06,Grade Celsius,
112,163.59,W/m^2,8:17:05,28/6/17,Day of week:,Wednesday,27.75,Grade Celsius,
108,163.59,W/m^2,8:17:08,28/6/17,Day of week:,Wednesday,27.75,Grade Celsius,
109,163.59,W/m^2,8:17:11,28/6/17,Day of week:,Wednesday,27.75,Grade Celsius,
113,163.59,W/m^2,8:17:14,28/6/17,Day of week:,Wednesday,28.06,Grade Celsius,
109,156.29,W/m^2,8:17:17,28/6/17,Day of week:,Wednesday,28.25,Grade Celsius,
110,163.59,W/m^2,8:17:20,28/6/17,Day of week:,Wednesday,28.44,Grade Celsius,
111,165.05,W/m^2,8:17:23,28/6/17,Day of week:,Wednesday,28.19,Grade Celsius,
111,163.59,W/m^2,8:17:26,28/6/17,Day of week:,Wednesday,28.31,Grade Celsius,
109,163.59,W/m^2,8:17:29,28/6/17,Day of week:,Wednesday,28.19,Grade Celsius,
111,163.59,W/m^2,8:17:32,28/6/17,Day of week:,Wednesday,28.19,Grade Celsius,
111,163.59,W/m^2,8:17:35,28/6/17,Day of week:,Wednesday,28.06,Grade Celsius,
111,163.59,W/m^2,8:17:38,28/6/17,Day of week:,Wednesday,27.94,Grade Celsius,
111,163.59,W/m^2,8:17:41,28/6/17,Day of week:,Wednesday,28.00,Grade Celsius,
110,165.05,W/m^2,8:17:45,28/6/17,Day of week:,Wednesday,27.87,Grade Celsius,
111,163.59,W/m^2,8:17:48,28/6/17,Day of week:,Wednesday,27.44,Grade Celsius,
111,163.59,W/m^2,8:17:51,28/6/17,Day of week:,Wednesday,27.19,Grade Celsius,
104,163.59,W/m^2,8:17:54,28/6/17,Day of week:,Wednesday,27.19,Grade Celsius,
108,169.43,W/m^2,8:17:57,28/6/17,Day of week:,Wednesday,27.06,Grade Celsius,
113,163.59,W/m^2,8:18:00,28/6/17,Day of week:,Wednesday,27.00,Grade Celsius,
111,156.29,W/m^2,8:18:03,28/6/17,Day of week:,Wednesday,27.12,Grade Celsius,
112,163.59,W/m^2,8:18:06,28/6/17,Day of week:,Wednesday,27.37,Grade Celsius,
112,169.43,W/m^2,8:18:09,28/6/17,Day of week:,Wednesday,27.62,Grade Celsius,
108,163.59,W/m^2,8:18:12,28/6/17,Day of week:,Wednesday,27.81,Grade Celsius,
108,157.75,W/m^2,8:18:15,28/6/17,Day of week:,Wednesday,28.00,Grade Celsius,
112,154.83,W/m^2,8:18:18,28/6/17,Day of week:,Wednesday,27.94,Grade Celsius,
113,166.51,W/m^2,8:18:21,28/6/17,Day of week:,Wednesday,27.94,Grade Celsius,
113,169.43,W/m^2,8:18:24,28/6/17,Day of week:,Wednesday,28.12,Grade Celsius,
113,169.43,W/m^2,8:18:27,28/6/17,Day of week:,Wednesday,28.19,Grade Celsius,
112,169.43,W/m^2,8:18:31,28/6/17,Day of week:,Wednesday,28.37,Grade Celsius,
113,159.21,W/m^2,8:18:34,28/6/17,Day of week:,Wednesday,28.12,Grade Celsius,
113,163.59,W/m^2,8:18:37,28/6/17,Day of week:,Wednesday,28.19,Grade Celsius,
111,165.05,W/m^2,8:18:40,28/6/17,Day of week:,Wednesday,28.37,Grade Celsius,
124,159.21,W/m^2,8:18:43,28/6/17,Day of week:,Wednesday,28.56,Grade Celsius,
112,166.51,W/m^2,8:18:46,28/6/17,Day of week:,Wednesday,28.81,Grade Celsius,
100,165.05,W/m^2,8:18:49,28/6/17,Day of week:,Wednesday,28.56,Grade Celsius,
105,163.59,W/m^2,8:18:52,28/6/17,Day of week:,Wednesday,28.31,Grade Celsius,
112,169.43,W/m^2,8:18:55,28/6/17,Day of week:,Wednesday,28.50,Grade Celsius,
112,157.75,W/m^2,8:18:58,28/6/17,Day of week:,Wednesday,28.62,Grade Celsius,
111,166.51,W/m^2,8:19:01,28/6/17,Day of week:,Wednesday,28.75,Grade Celsius,
115,182.58,W/m^2,8:19:04,28/6/17,Day of week:,Wednesday,28.94,Grade Celsius,
113,169.43,W/m^2,8:19:07,28/6/17,Day of week:,Wednesday,29.19,Grade Celsius,
113,169.43,W/m^2,8:19:11,28/6/17,Day of week:,Wednesday,29.31,Grade Celsius,
116,170.89,W/m^2,8:19:14,28/6/17,Day of week:,Wednesday,29.44,Grade Celsius,
116,157.75,W/m^2,8:19:17,28/6/17,Day of week:,Wednesday,29.19,Grade Celsius,
105,169.43,W/m^2,8:19:20,28/6/17,Day of week:,Wednesday,29.00,Grade Celsius,
115,166.51,W/m^2,8:19:23,28/6/17,Day of week:,Wednesday,29.00,Grade Celsius,
114,165.05,W/m^2,8:19:26,28/6/17,Day of week:,Wednesday,29.12,Grade Celsius,
115,181.12,W/m^2,8:19:29,28/6/17,Day of week:,Wednesday,29.19,Grade Celsius,
116,167.97,W/m^2,8:19:32,28/6/17,Day of week:,Wednesday,29.12,Grade Celsius,
117,167.97,W/m^2,8:19:35,28/6/17,Day of week:,Wednesday,28.62,Grade Celsius,
113,167.97,W/m^2,8:19:38,28/6/17,Day of week:,Wednesday,28.50,Grade Celsius,
115,154.83,W/m^2,8:19:41,28/6/17,Day of week:,Wednesday,28.37,Grade Celsius,
107,169.43,W/m^2,8:19:44,28/6/17,Day of week:,Wednesday,28.19,Grade Celsius,
113,178.20,W/m^2,8:19:47,28/6/17,Day of week:,Wednesday,27.69,Grade Celsius,
115,170.89,W/m^2,8:19:50,28/6/17,Day of week:,Wednesday,27.19,Grade Celsius,
125,172.36,W/m^2,8:19:53,28/6/17,Day of week:,Wednesday,27.19,Grade Celsius,
127,169.43,W/m^2,8:19:57,28/6/17,Day of week:,Wednesday,27.00,Grade Celsius,
115,169.43,W/m^2,8:20:00,28/6/17,Day of week:,Wednesday,27.12,Grade Celsius,
116,163.59,W/m^2,8:20:03,28/6/17,Day of week:,Wednesday,27.25,Grade Celsius,
115,169.43,W/m^2,8:20:06,28/6/17,Day of week:,Wednesday,27.37,Grade Celsius,
117,175.28,W/m^2,8:20:09,28/6/17,Day of week:,Wednesday,27.37,Grade Celsius,
117,169.43,W/m^2,8:20:12,28/6/17,Day of week:,Wednesday,27.50,Grade Celsius,
118,165.05,W/m^2,8:20:15,28/6/17,Day of week:,Wednesday,27.56,Grade Celsius,
114,175.28,W/m^2,8:20:18,28/6/17,Day of week:,Wednesday,27.56,Grade Celsius,
115,169.43,W/m^2,8:20:21,28/6/17,Day of week:,Wednesday,27.44,Grade Celsius,
115,151.91,W/m^2,8:20:24,28/6/17,Day of week:,Wednesday,27.44,Grade Celsius,
114,151.91,W/m^2,8:20:27,28/6/17,Day of week:,Wednesday,27.62,Grade Celsius,
118,175.28,W/m^2,8:20:30,28/6/17,Day of week:,Wednesday,27.37,Grade Celsius,
119,175.28,W/m^2,8:20:33,28/6/17,Day of week:,Wednesday,27.44,Grade Celsius,
115,172.36,W/m^2,8:20:36,28/6/17,Day of week:,Wednesday,27.75,Grade Celsius,
125,175.28,W/m^2,8:20:39,28/6/17,Day of week:,Wednesday,28.00,Grade Celsius,
117,166.51,W/m^2,8:20:42,28/6/17,Day of week:,Wednesday,28.25,Grade Celsius,
118,163.59,W/m^2,8:20:46,28/6/17,Day of week:,Wednesday,28.25,Grade Celsius,
119,169.43,W/m^2,8:20:49,28/6/17,Day of week:,Wednesday,27.81,Grade Celsius,
118,172.36,W/m^2,8:20:52,28/6/17,Day of week:,Wednesday,27.62,Grade Celsius,
126,170.89,W/m^2,8:20:55,28/6/17,Day of week:,Wednesday,27.50,Grade Celsius,
115,172.36,W/m^2,8:20:58,28/6/17,Day of week:,Wednesday,27.25,Grade Celsius,
117,175.28,W/m^2,8:21:01,28/6/17,Day of week:,Wednesday,27.12,Grade Celsius,
121,172.36,W/m^2,8:21:04,28/6/17,Day of week:,Wednesday,27.31,Grade Celsius,
117,186.96,W/m^2,8:21:07,28/6/17,Day of week:,Wednesday,27.25,Grade Celsius,
118,172.36,W/m^2,8:21:10,28/6/17,Day of week:,Wednesday,27.00,Grade Celsius,
117,170.89,W/m^2,8:21:13,28/6/17,Day of week:,Wednesday,27.25,Grade Celsius,
117,170.89,W/m^2,8:21:16,28/6/17,Day of week:,Wednesday,27.19,Grade Celsius,
118,172.36,W/m^2,8:21:19,28/6/17,Day of week:,Wednesday,27.25,Grade Celsius,
118,179.66,W/m^2,8:21:22,28/6/17,Day of week:,Wednesday,27.44,Grade Celsius,
118,176.74,W/m^2,8:21:25,28/6/17,Day of week:,Wednesday,27.25,Grade Celsius,
116,169.43,W/m^2,8:21:28,28/6/17,Day of week:,Wednesday,27.37,Grade Celsius,
118,175.28,W/m^2,8:21:32,28/6/17,Day of week:,Wednesday,27.44,Grade Celsius,
118,175.28,W/m^2,8:21:35,28/6/17,Day of week:,Wednesday,27.37,Grade Celsius,
129,157.75,W/m^2,8:21:38,28/6/17,Day of week:,Wednesday,27.50,Grade Celsius,
117,172.36,W/m^2,8:21:41,28/6/17,Day of week:,Wednesday,27.56,Grade Celsius,
119,176.74,W/m^2,8:21:44,28/6/17,Day of week:,Wednesday,27.69,Grade Celsius,
120,178.20,W/m^2,8:21:47,28/6/17,Day of week:,Wednesday,27.81,Grade Celsius,
121,175.28,W/m^2,8:21:50,28/6/17,Day of week:,Wednesday,27.81,Grade Celsius,
119,175.28,W/m^2,8:21:53,28/6/17,Day of week:,Wednesday,28.06,Grade Celsius,
119,181.12,W/m^2,8:21:56,28/6/17,Day of week:,Wednesday,28.12,Grade Celsius,
126,178.20,W/m^2,8:21:59,28/6/17,Day of week:,Wednesday,28.37,Grade Celsius,
119,182.58,W/m^2,8:22:02,28/6/17,Day of week:,Wednesday,28.12,Grade Celsius,
123,178.20,W/m^2,8:22:05,28/6/17,Day of week:,Wednesday,27.75,Grade Celsius,
120,178.20,W/m^2,8:22:08,28/6/17,Day of week:,Wednesday,27.81,Grade Celsius,
120,178.20,W/m^2,8:22:11,28/6/17,Day of week:,Wednesday,27.87,Grade Celsius,
120,176.74,W/m^2,8:22:14,28/6/17,Day of week:,Wednesday,28.00,Grade Celsius,
120,194.27,W/m^2,8:22:17,28/6/17,Day of week:,Wednesday,27.56,Grade Celsius,
121,178.20,W/m^2,8:22:21,28/6/17,Day of week:,Wednesday,27.62,Grade Celsius,
109,176.74,W/m^2,8:22:24,28/6/17,Day of week:,Wednesday,27.50,Grade Celsius,
123,181.12,W/m^2,8:22:27,28/6/17,Day of week:,Wednesday,27.37,Grade Celsius,
117,181.12,W/m^2,8:22:30,28/6/17,Day of week:,Wednesday,27.56,Grade Celsius,
108,181.12,W/m^2,8:22:33,28/6/17,Day of week:,Wednesday,27.87,Grade Celsius,
120,163.59,W/m^2,8:22:36,28/6/17,Day of week:,Wednesday,27.50,Grade Celsius,
118,178.20,W/m^2,8:22:39,28/6/17,Day of week:,Wednesday,27.44,Grade Celsius,
121,179.66,W/m^2,8:22:42,28/6/17,Day of week:,Wednesday,27.25,Grade Celsius,
121,198.65,W/m^2,8:22:45,28/6/17,Day of week:,Wednesday,27.19,Grade Celsius,
119,179.66,W/m^2,8:22:48,28/6/17,Day of week:,Wednesday,27.31,Grade Celsius,
121,169.43,W/m^2,8:22:51,28/6/17,Day of week:,Wednesday,27.19,Grade Celsius,
123,163.59,W/m^2,8:22:54,28/6/17,Day of week:,Wednesday,27.31,Grade Celsius,
121,178.20,W/m^2,8:22:57,28/6/17,Day of week:,Wednesday,27.44,Grade Celsius,
122,181.12,W/m^2,8:23:00,28/6/17,Day of week:,Wednesday,27.50,Grade Celsius,
119,181.12,W/m^2,8:23:03,28/6/17,Day of week:,Wednesday,27.50,Grade Celsius,
122,181.12,W/m^2,8:23:06,28/6/17,Day of week:,Wednesday,27.62,Grade Celsius,
119,159.21,W/m^2,8:23:10,28/6/17,Day of week:,Wednesday,27.75,Grade Celsius,
122,186.96,W/m^2,8:23:13,28/6/17,Day of week:,Wednesday,27.69,Grade Celsius,
121,169.43,W/m^2,8:23:16,28/6/17,Day of week:,Wednesday,27.69,Grade Celsius,
122,178.20,W/m^2,8:23:19,28/6/17,Day of week:,Wednesday,27.94,Grade Celsius,
122,198.65,W/m^2,8:23:22,28/6/17,Day of week:,Wednesday,27.75,Grade Celsius,
121,181.12,W/m^2,8:23:25,28/6/17,Day of week:,Wednesday,27.75,Grade Celsius,
120,175.28,W/m^2,8:23:28,28/6/17,Day of week:,Wednesday,28.12,Grade Celsius,
111,181.12,W/m^2,8:23:31,28/6/17,Day of week:,Wednesday,28.25,Grade Celsius,
124,178.20,W/m^2,8:23:34,28/6/17,Day of week:,Wednesday,28.50,Grade Celsius,
109,163.59,W/m^2,8:23:37,28/6/17,Day of week:,Wednesday,28.62,Grade Celsius,
117,175.28,W/m^2,8:23:40,28/6/17,Day of week:,Wednesday,27.94,Grade Celsius,
124,186.96,W/m^2,8:23:43,28/6/17,Day of week:,Wednesday,27.87,Grade Celsius,
125,186.96,W/m^2,8:23:46,28/6/17,Day of week:,Wednesday,28.12,Grade Celsius,
123,181.12,W/m^2,8:23:49,28/6/17,Day of week:,Wednesday,28.12,Grade Celsius,
124,186.96,W/m^2,8:23:52,28/6/17,Day of week:,Wednesday,28.25,Grade Celsius,
138,186.96,W/m^2,8:23:56,28/6/17,Day of week:,Wednesday,28.25,Grade Celsius,
125,186.96,W/m^2,8:23:59,28/6/17,Day of week:,Wednesday,28.31,Grade Celsius,
126,192.80,W/m^2,8:24:02,28/6/17,Day of week:,Wednesday,28.56,Grade Celsius,
125,178.20,W/m^2,8:24:05,28/6/17,Day of week:,Wednesday,28.69,Grade Celsius,
126,186.96,W/m^2,8:24:08,28/6/17,Day of week:,Wednesday,28.62,Grade Celsius,
126,182.58,W/m^2,8:24:11,28/6/17,Day of week:,Wednesday,28.62,Grade Celsius,
125,184.04,W/m^2,8:24:14,28/6/17,Day of week:,Wednesday,28.87,Grade Celsius,
138,175.28,W/m^2,8:24:17,28/6/17,Day of week:,Wednesday,29.00,Grade Celsius,
124,186.96,W/m^2,8:24:20,28/6/17,Day of week:,Wednesday,28.94,Grade Celsius,
125,189.88,W/m^2,8:24:23,28/6/17,Day of week:,Wednesday,29.31,Grade Celsius,
125,186.96,W/m^2,8:24:26,28/6/17,Day of week:,Wednesday,28.87,Grade Celsius,
123,186.96,W/m^2,8:24:29,28/6/17,Day of week:,Wednesday,28.62,Grade Celsius,
124,186.96,W/m^2,8:24:32,28/6/17,Day of week:,Wednesday,28.50,Grade Celsius,
125,186.96,W/m^2,8:24:35,28/6/17,Day of week:,Wednesday,28.12,Grade Celsius,
125,166.51,W/m^2,8:24:38,28/6/17,Day of week:,Wednesday,27.87,Grade Celsius,
126,192.80,W/m^2,8:24:42,28/6/17,Day of week:,Wednesday,27.87,Grade Celsius,
127,189.88,W/m^2,8:24:45,28/6/17,Day of week:,Wednesday,28.06,Grade Celsius,
128,186.96,W/m^2,8:24:48,28/6/17,Day of week:,Wednesday,27.87,Grade Celsius,
119,184.04,W/m^2,8:24:51,28/6/17,Day of week:,Wednesday,28.00,Grade Celsius,
109,170.89,W/m^2,8:24:54,28/6/17,Day of week:,Wednesday,28.25,Grade Celsius,
140,188.42,W/m^2,8:24:57,28/6/17,Day of week:,Wednesday,27.94,Grade Celsius,
120,160.67,W/m^2,8:25:00,28/6/17,Day of week:,Wednesday,27.62,Grade Celsius,
123,181.12,W/m^2,8:25:03,28/6/17,Day of week:,Wednesday,27.31,Grade Celsius,
125,184.04,W/m^2,8:25:06,28/6/17,Day of week:,Wednesday,27.25,Grade Celsius,
115,165.05,W/m^2,8:25:09,28/6/17,Day of week:,Wednesday,27.00,Grade Celsius,
126,178.20,W/m^2,8:25:12,28/6/17,Day of week:,Wednesday,26.69,Grade Celsius,
123,178.20,W/m^2,8:25:15,28/6/17,Day of week:,Wednesday,26.50,Grade Celsius,
127,186.96,W/m^2,8:25:18,28/6/17,Day of week:,Wednesday,26.44,Grade Celsius,
121,186.96,W/m^2,8:25:21,28/6/17,Day of week:,Wednesday,26.50,Grade Celsius,
130,186.96,W/m^2,8:25:24,28/6/17,Day of week:,Wednesday,26.56,Grade Celsius,
120,186.96,W/m^2,8:25:28,28/6/17,Day of week:,Wednesday,26.62,Grade Celsius,
123,176.74,W/m^2,8:25:31,28/6/17,Day of week:,Wednesday,26.69,Grade Celsius,
133,184.04,W/m^2,8:25:34,28/6/17,Day of week:,Wednesday,26.94,Grade Celsius,
120,169.43,W/m^2,8:25:37,28/6/17,Day of week:,Wednesday,27.19,Grade Celsius,
121,178.20,W/m^2,8:25:40,28/6/17,Day of week:,Wednesday,27.25,Grade Celsius,
123,175.28,W/m^2,8:25:43,28/6/17,Day of week:,Wednesday,27.37,Grade Celsius,
108,175.28,W/m^2,8:25:46,28/6/17,Day of week:,Wednesday,27.44,Grade Celsius,
115,175.28,W/m^2,8:25:49,28/6/17,Day of week:,Wednesday,27.50,Grade Celsius,
117,169.43,W/m^2,8:25:52,28/6/17,Day of week:,Wednesday,27.37,Grade Celsius,
126,175.28,W/m^2,8:25:55,28/6/17,Day of week:,Wednesday,27.62,Grade Celsius,
109,178.20,W/m^2,8:25:58,28/6/17,Day of week:,Wednesday,27.81,Grade Celsius,
129,195.73,W/m^2,8:26:01,28/6/17,Day of week:,Wednesday,27.50,Grade Celsius,
130,198.65,W/m^2,8:26:04,28/6/17,Day of week:,Wednesday,27.62,Grade Celsius,
122,169.43,W/m^2,8:26:07,28/6/17,Day of week:,Wednesday,27.37,Grade Celsius,
125,175.28,W/m^2,8:26:10,28/6/17,Day of week:,Wednesday,27.25,Grade Celsius,
116,172.36,W/m^2,8:26:14,28/6/17,Day of week:,Wednesday,27.31,Grade Celsius,
119,176.74,W/m^2,8:26:17,28/6/17,Day of week:,Wednesday,27.25,Grade Celsius,
132,194.27,W/m^2,8:26:20,28/6/17,Day of week:,Wednesday,27.12,Grade Celsius,
122,176.74,W/m^2,8:26:23,28/6/17,Day of week:,Wednesday,27.44,Grade Celsius,
132,186.96,W/m^2,8:26:26,28/6/17,Day of week:,Wednesday,27.37,Grade Celsius,
127,186.96,W/m^2,8:26:29,28/6/17,Day of week:,Wednesday,27.44,Grade Celsius,
119,181.12,W/m^2,8:26:32,28/6/17,Day of week:,Wednesday,27.50,Grade Celsius,
119,172.36,W/m^2,8:26:35,28/6/17,Day of week:,Wednesday,27.50,Grade Celsius,
129,189.88,W/m^2,8:26:38,28/6/17,Day of week:,Wednesday,27.25,Grade Celsius,
125,178.20,W/m^2,8:26:41,28/6/17,Day of week:,Wednesday,27.12,Grade Celsius,
133,175.28,W/m^2,8:26:44,28/6/17,Day of week:,Wednesday,27.12,Grade Celsius,
130,186.96,W/m^2,8:26:47,28/6/17,Day of week:,Wednesday,27.37,Grade Celsius,
131,198.65,W/m^2,8:26:50,28/6/17,Day of week:,Wednesday,26.94,Grade Celsius,
120,178.20,W/m^2,8:26:53,28/6/17,Day of week:,Wednesday,26.69,Grade Celsius,
118,186.96,W/m^2,8:26:56,28/6/17,Day of week:,Wednesday,26.81,Grade Celsius,
134,198.65,W/m^2,8:26:59,28/6/17,Day of week:,Wednesday,26.94,Grade Celsius,
123,186.96,W/m^2,8:27:03,28/6/17,Day of week:,Wednesday,26.94,Grade Celsius,
124,181.12,W/m^2,8:27:06,28/6/17,Day of week:,Wednesday,27.06,Grade Celsius,
119,175.28,W/m^2,8:27:09,28/6/17,Day of week:,Wednesday,27.12,Grade Celsius,
121,169.43,W/m^2,8:27:12,28/6/17,Day of week:,Wednesday,27.19,Grade Celsius,
121,176.74,W/m^2,8:27:15,28/6/17,Day of week:,Wednesday,27.19,Grade Celsius,
125,175.28,W/m^2,8:27:18,28/6/17,Day of week:,Wednesday,27.44,Grade Celsius,
120,184.04,W/m^2,8:27:21,28/6/17,Day of week:,Wednesday,27.56,Grade Celsius,
133,195.73,W/m^2,8:27:24,28/6/17,Day of week:,Wednesday,27.37,Grade Celsius,
121,169.43,W/m^2,8:27:27,28/6/17,Day of week:,Wednesday,27.12,Grade Celsius,
120,178.20,W/m^2,8:27:30,28/6/17,Day of week:,Wednesday,27.44,Grade Celsius,
121,198.65,W/m^2,8:27:33,28/6/17,Day of week:,Wednesday,27.62,Grade Celsius,
124,181.12,W/m^2,8:27:36,28/6/17,Day of week:,Wednesday,27.69,Grade Celsius,
134,189.88,W/m^2,8:27:39,28/6/17,Day of week:,Wednesday,27.37,Grade Celsius,
128,178.20,W/m^2,8:27:42,28/6/17,Day of week:,Wednesday,27.31,Grade Celsius,
121,184.04,W/m^2,8:27:45,28/6/17,Day of week:,Wednesday,26.94,Grade Celsius,
126,195.73,W/m^2,8:27:49,28/6/17,Day of week:,Wednesday,26.75,Grade Celsius,
132,195.73,W/m^2,8:27:52,28/6/17,Day of week:,Wednesday,26.81,Grade Celsius,
125,186.96,W/m^2,8:27:55,28/6/17,Day of week:,Wednesday,26.94,Grade Celsius,
117,203.03,W/m^2,8:27:58,28/6/17,Day of week:,Wednesday,27.19,Grade Celsius,
122,179.66,W/m^2,8:28:01,28/6/17,Day of week:,Wednesday,27.25,Grade Celsius,
121,176.74,W/m^2,8:28:04,28/6/17,Day of week:,Wednesday,27.31,Grade Celsius,
136,198.65,W/m^2,8:28:07,28/6/17,Day of week:,Wednesday,27.19,Grade Celsius,
133,194.27,W/m^2,8:28:10,28/6/17,Day of week:,Wednesday,27.31,Grade Celsius,
128,188.42,W/m^2,8:28:13,28/6/17,Day of week:,Wednesday,27.56,Grade Celsius,
120,189.88,W/m^2,8:28:16,28/6/17,Day of week:,Wednesday,27.44,Grade Celsius,
132,198.65,W/m^2,8:28:19,28/6/17,Day of week:,Wednesday,27.50,Grade Celsius,
133,198.65,W/m^2,8:28:22,28/6/17,Day of week:,Wednesday,27.44,Grade Celsius,
135,201.57,W/m^2,8:28:25,28/6/17,Day of week:,Wednesday,27.56,Grade Celsius,
135,203.03,W/m^2,8:28:28,28/6/17,Day of week:,Wednesday,27.25,Grade Celsius,
138,198.65,W/m^2,8:28:31,28/6/17,Day of week:,Wednesday,27.19,Grade Celsius,
129,189.88,W/m^2,8:28:34,28/6/17,Day of week:,Wednesday,27.50,Grade Celsius,
138,201.57,W/m^2,8:28:38,28/6/17,Day of week:,Wednesday,27.75,Grade Celsius,
135,192.80,W/m^2,8:28:41,28/6/17,Day of week:,Wednesday,27.37,Grade Celsius,
122,198.65,W/m^2,8:28:44,28/6/17,Day of week:,Wednesday,27.12,Grade Celsius,
129,175.28,W/m^2,8:28:47,28/6/17,Day of week:,Wednesday,27.00,Grade Celsius,
136,186.96,W/m^2,8:28:50,28/6/17,Day of week:,Wednesday,27.06,Grade Celsius,
138,181.12,W/m^2,8:28:53,28/6/17,Day of week:,Wednesday,27.19,Grade Celsius,
139,181.12,W/m^2,8:28:56,28/6/17,Day of week:,Wednesday,27.12,Grade Celsius,
140,200.11,W/m^2,8:28:59,28/6/17,Day of week:,Wednesday,27.31,Grade Celsius,
138,222.02,W/m^2,8:29:02,28/6/17,Day of week:,Wednesday,27.31,Grade Celsius,
130,198.65,W/m^2,8:29:05,28/6/17,Day of week:,Wednesday,27.37,Grade Celsius,
143,204.49,W/m^2,8:29:08,28/6/17,Day of week:,Wednesday,27.62,Grade Celsius,
125,205.95,W/m^2,8:29:11,28/6/17,Day of week:,Wednesday,27.44,Grade Celsius,
139,204.49,W/m^2,8:29:14,28/6/17,Day of week:,Wednesday,27.31,Grade Celsius,
140,227.86,W/m^2,8:29:17,28/6/17,Day of week:,Wednesday,27.44,Grade Celsius,
141,210.33,W/m^2,8:29:20,28/6/17,Day of week:,Wednesday,27.44,Grade Celsius,
130,189.88,W/m^2,8:29:24,28/6/17,Day of week:,Wednesday,27.50,Grade Celsius,
119,197.19,W/m^2,8:29:27,28/6/17,Day of week:,Wednesday,27.44,Grade Celsius,
126,188.42,W/m^2,8:29:30,28/6/17,Day of week:,Wednesday,27.44,Grade Celsius,
126,186.96,W/m^2,8:29:33,28/6/17,Day of week:,Wednesday,27.37,Grade Celsius,
138,205.95,W/m^2,8:29:36,28/6/17,Day of week:,Wednesday,27.62,Grade Celsius,
135,204.49,W/m^2,8:29:39,28/6/17,Day of week:,Wednesday,27.25,Grade Celsius,
139,204.49,W/m^2,8:29:42,28/6/17,Day of week:,Wednesday,27.19,Grade Celsius,
139,204.49,W/m^2,8:29:45,28/6/17,Day of week:,Wednesday,27.12,Grade Celsius,
137,204.49,W/m^2,8:29:48,28/6/17,Day of week:,Wednesday,27.00,Grade Celsius,
141,214.71,W/m^2,8:29:51,28/6/17,Day of week:,Wednesday,26.94,Grade Celsius,
141,204.49,W/m^2,8:29:54,28/6/17,Day of week:,Wednesday,27.12,Grade Celsius,
142,210.33,W/m^2,8:29:57,28/6/17,Day of week:,Wednesday,27.31,Grade Celsius,
141,205.95,W/m^2,8:30:00,28/6/17,Day of week:,Wednesday,27.31,Grade Celsius,
153,210.33,W/m^2,8:30:04,28/6/17,Day of week:,Wednesday,27.62,Grade Celsius,
140,205.95,W/m^2,8:30:07,28/6/17,Day of week:,Wednesday,27.75,Grade Celsius,
140,205.95,W/m^2,8:30:10,28/6/17,Day of week:,Wednesday,27.69,Grade Celsius,
142,205.95,W/m^2,8:30:13,28/6/17,Day of week:,Wednesday,27.69,Grade Celsius,
143,210.33,W/m^2,8:30:16,28/6/17,Day of week:,Wednesday,27.69,Grade Celsius,
142,210.33,W/m^2,8:30:19,28/6/17,Day of week:,Wednesday,27.94,Grade Celsius,
143,210.33,W/m^2,8:30:22,28/6/17,Day of week:,Wednesday,28.06,Grade Celsius,
148,210.33,W/m^2,8:30:25,28/6/17,Day of week:,Wednesday,28.12,Grade Celsius,
144,216.17,W/m^2,8:30:28,28/6/17,Day of week:,Wednesday,27.94,Grade Celsius,
154,198.65,W/m^2,8:30:31,28/6/17,Day of week:,Wednesday,27.87,Grade Celsius,
144,210.33,W/m^2,8:30:34,28/6/17,Day of week:,Wednesday,27.62,Grade Celsius,
144,211.79,W/m^2,8:30:37,28/6/17,Day of week:,Wednesday,27.62,Grade Celsius,
144,211.79,W/m^2,8:30:40,28/6/17,Day of week:,Wednesday,27.87,Grade Celsius,
157,205.95,W/m^2,8:30:43,28/6/17,Day of week:,Wednesday,28.12,Grade Celsius,
145,210.33,W/m^2,8:30:46,28/6/17,Day of week:,Wednesday,28.00,Grade Celsius,
145,211.79,W/m^2,8:30:50,28/6/17,Day of week:,Wednesday,27.87,Grade Celsius,
143,216.17,W/m^2,8:30:53,28/6/17,Day of week:,Wednesday,27.56,Grade Celsius,
144,216.17,W/m^2,8:30:56,28/6/17,Day of week:,Wednesday,27.62,Grade Celsius,
144,213.25,W/m^2,8:30:59,28/6/17,Day of week:,Wednesday,27.62,Grade Celsius,
145,213.25,W/m^2,8:31:02,28/6/17,Day of week:,Wednesday,27.94,Grade Celsius,
146,213.25,W/m^2,8:31:05,28/6/17,Day of week:,Wednesday,28.12,Grade Celsius,
146,216.17,W/m^2,8:31:08,28/6/17,Day of week:,Wednesday,27.81,Grade Celsius,
146,195.73,W/m^2,8:31:11,28/6/17,Day of week:,Wednesday,27.81,Grade Celsius,
136,211.79,W/m^2,8:31:14,28/6/17,Day of week:,Wednesday,27.56,Grade Celsius,
144,213.25,W/m^2,8:31:17,28/6/17,Day of week:,Wednesday,27.37,Grade Celsius,
145,213.25,W/m^2,8:31:20,28/6/17,Day of week:,Wednesday,27.62,Grade Celsius,
145,213.25,W/m^2,8:31:23,28/6/17,Day of week:,Wednesday,27.75,Grade Celsius,
146,213.25,W/m^2,8:31:26,28/6/17,Day of week:,Wednesday,27.50,Grade Celsius,
147,211.79,W/m^2,8:31:29,28/6/17,Day of week:,Wednesday,27.62,Grade Celsius,
146,210.33,W/m^2,8:31:32,28/6/17,Day of week:,Wednesday,27.56,Grade Celsius,
146,213.25,W/m^2,8:31:36,28/6/17,Day of week:,Wednesday,27.87,Grade Celsius,
146,217.64,W/m^2,8:31:39,28/6/17,Day of week:,Wednesday,27.50,Grade Celsius,
151,217.64,W/m^2,8:31:42,28/6/17,Day of week:,Wednesday,27.69,Grade Celsius,
146,207.41,W/m^2,8:31:45,28/6/17,Day of week:,Wednesday,27.62,Grade Celsius,
132,216.17,W/m^2,8:31:48,28/6/17,Day of week:,Wednesday,27.56,Grade Celsius,
146,217.64,W/m^2,8:31:51,28/6/17,Day of week:,Wednesday,27.50,Grade Celsius,
146,216.17,W/m^2,8:31:54,28/6/17,Day of week:,Wednesday,27.31,Grade Celsius,
147,213.25,W/m^2,8:31:57,28/6/17,Day of week:,Wednesday,27.12,Grade Celsius,
145,219.10,W/m^2,8:32:00,28/6/17,Day of week:,Wednesday,27.00,Grade Celsius,
147,216.17,W/m^2,8:32:03,28/6/17,Day of week:,Wednesday,27.25,Grade Celsius,
146,216.17,W/m^2,8:32:06,28/6/17,Day of week:,Wednesday,27.37,Grade Celsius,
151,216.17,W/m^2,8:32:09,28/6/17,Day of week:,Wednesday,27.62,Grade Celsius,
151,219.10,W/m^2,8:32:12,28/6/17,Day of week:,Wednesday,27.87,Grade Celsius,
141,210.33,W/m^2,8:32:15,28/6/17,Day of week:,Wednesday,28.00,Grade Celsius,
150,222.02,W/m^2,8:32:18,28/6/17,Day of week:,Wednesday,27.87,Grade Celsius,
149,222.02,W/m^2,8:32:21,28/6/17,Day of week:,Wednesday,27.87,Grade Celsius,
149,239.54,W/m^2,8:32:25,28/6/17,Day of week:,Wednesday,28.00,Grade Celsius,
150,238.08,W/m^2,8:32:28,28/6/17,Day of week:,Wednesday,28.19,Grade Celsius,
153,222.02,W/m^2,8:32:31,28/6/17,Day of week:,Wednesday,28.37,Grade Celsius,
163,222.02,W/m^2,8:32:34,28/6/17,Day of week:,Wednesday,28.62,Grade Celsius,
152,222.02,W/m^2,8:32:37,28/6/17,Day of week:,Wednesday,28.69,Grade Celsius,
150,222.02,W/m^2,8:32:40,28/6/17,Day of week:,Wednesday,29.00,Grade Celsius,
146,222.02,W/m^2,8:32:43,28/6/17,Day of week:,Wednesday,29.00,Grade Celsius,
138,227.86,W/m^2,8:32:46,28/6/17,Day of week:,Wednesday,29.12,Grade Celsius,
144,223.48,W/m^2,8:32:49,28/6/17,Day of week:,Wednesday,29.12,Grade Celsius,
150,233.70,W/m^2,8:32:52,28/6/17,Day of week:,Wednesday,29.12,Grade Celsius,
150,222.02,W/m^2,8:32:55,28/6/17,Day of week:,Wednesday,29.19,Grade Celsius,
152,204.49,W/m^2,8:32:58,28/6/17,Day of week:,Wednesday,29.19,Grade Celsius,
151,227.86,W/m^2,8:33:01,28/6/17,Day of week:,Wednesday,29.44,Grade Celsius,
152,222.02,W/m^2,8:33:04,28/6/17,Day of week:,Wednesday,29.25,Grade Celsius,
153,223.48,W/m^2,8:33:07,28/6/17,Day of week:,Wednesday,29.37,Grade Celsius,
151,216.17,W/m^2,8:33:10,28/6/17,Day of week:,Wednesday,28.94,Grade Celsius,
148,222.02,W/m^2,8:33:14,28/6/17,Day of week:,Wednesday,28.94,Grade Celsius,
149,238.08,W/m^2,8:33:17,28/6/17,Day of week:,Wednesday,29.19,Grade Celsius,
152,222.02,W/m^2,8:33:20,28/6/17,Day of week:,Wednesday,29.37,Grade Celsius,
149,233.70,W/m^2,8:33:23,28/6/17,Day of week:,Wednesday,29.06,Grade Celsius,
146,222.02,W/m^2,8:33:26,28/6/17,Day of week:,Wednesday,28.81,Grade Celsius,
149,222.02,W/m^2,8:33:29,28/6/17,Day of week:,Wednesday,28.62,Grade Celsius,
151,233.70,W/m^2,8:33:32,28/6/17,Day of week:,Wednesday,28.81,Grade Celsius,
147,210.33,W/m^2,8:33:35,28/6/17,Day of week:,Wednesday,29.00,Grade Celsius,
150,222.02,W/m^2,8:33:38,28/6/17,Day of week:,Wednesday,29.00,Grade Celsius,
152,239.54,W/m^2,8:33:41,28/6/17,Day of week:,Wednesday,29.25,Grade Celsius,
147,223.48,W/m^2,8:33:44,28/6/17,Day of week:,Wednesday,29.56,Grade Celsius,
151,223.48,W/m^2,8:33:47,28/6/17,Day of week:,Wednesday,29.69,Grade Celsius,
156,223.48,W/m^2,8:33:50,28/6/17,Day of week:,Wednesday,29.87,Grade Celsius,
140,224.94,W/m^2,8:33:53,28/6/17,Day of week:,Wednesday,29.69,Grade Celsius,
152,233.70,W/m^2,8:33:56,28/6/17,Day of week:,Wednesday,29.62,Grade Celsius,
151,222.02,W/m^2,8:34:00,28/6/17,Day of week:,Wednesday,29.81,Grade Celsius,
162,242.47,W/m^2,8:34:03,28/6/17,Day of week:,Wednesday,29.44,Grade Celsius,
155,223.48,W/m^2,8:34:06,28/6/17,Day of week:,Wednesday,29.62,Grade Celsius,
154,224.94,W/m^2,8:34:09,28/6/17,Day of week:,Wednesday,29.44,Grade Celsius,
149,224.94,W/m^2,8:34:12,28/6/17,Day of week:,Wednesday,29.19,Grade Celsius,
153,224.94,W/m^2,8:34:15,28/6/17,Day of week:,Wednesday,28.62,Grade Celsius,
152,216.17,W/m^2,8:34:18,28/6/17,Day of week:,Wednesday,28.37,Grade Celsius,
152,227.86,W/m^2,8:34:21,28/6/17,Day of week:,Wednesday,28.00,Grade Celsius,
141,224.94,W/m^2,8:34:24,28/6/17,Day of week:,Wednesday,27.87,Grade Celsius,
153,227.86,W/m^2,8:34:27,28/6/17,Day of week:,Wednesday,27.62,Grade Celsius,
155,211.79,W/m^2,8:34:30,28/6/17,Day of week:,Wednesday,27.44,Grade Celsius,
156,223.48,W/m^2,8:34:33,28/6/17,Day of week:,Wednesday,27.37,Grade Celsius,
157,233.70,W/m^2,8:34:36,28/6/17,Day of week:,Wednesday,27.19,Grade Celsius,
156,216.17,W/m^2,8:34:39,28/6/17,Day of week:,Wednesday,27.12,Grade Celsius,
155,233.70,W/m^2,8:34:42,28/6/17,Day of week:,Wednesday,27.06,Grade Celsius,
155,233.70,W/m^2,8:34:45,28/6/17,Day of week:,Wednesday,27.00,Grade Celsius,
163,233.70,W/m^2,8:34:49,28/6/17,Day of week:,Wednesday,26.81,Grade Celsius,
161,233.70,W/m^2,8:34:52,28/6/17,Day of week:,Wednesday,26.87,Grade Celsius,
154,227.86,W/m^2,8:34:55,28/6/17,Day of week:,Wednesday,26.87,Grade Celsius,
155,222.02,W/m^2,8:34:58,28/6/17,Day of week:,Wednesday,27.19,Grade Celsius,
159,233.70,W/m^2,8:35:01,28/6/17,Day of week:,Wednesday,27.19,Grade Celsius,
165,233.70,W/m^2,8:35:04,28/6/17,Day of week:,Wednesday,27.50,Grade Celsius,
154,227.86,W/m^2,8:35:07,28/6/17,Day of week:,Wednesday,27.44,Grade Celsius,
156,233.70,W/m^2,8:35:10,28/6/17,Day of week:,Wednesday,27.44,Grade Celsius,
157,233.70,W/m^2,8:35:13,28/6/17,Day of week:,Wednesday,27.62,Grade Celsius,
160,216.17,W/m^2,8:35:16,28/6/17,Day of week:,Wednesday,27.19,Grade Celsius,
143,233.70,W/m^2,8:35:19,28/6/17,Day of week:,Wednesday,27.00,Grade Celsius,
157,229.32,W/m^2,8:35:22,28/6/17,Day of week:,Wednesday,27.12,Grade Celsius,
158,236.62,W/m^2,8:35:25,28/6/17,Day of week:,Wednesday,27.25,Grade Celsius,
157,235.16,W/m^2,8:35:29,28/6/17,Day of week:,Wednesday,27.37,Grade Celsius,
158,229.32,W/m^2,8:35:32,28/6/17,Day of week:,Wednesday,27.31,Grade Celsius,
157,236.62,W/m^2,8:35:35,28/6/17,Day of week:,Wednesday,27.50,Grade Celsius,
160,233.70,W/m^2,8:35:38,28/6/17,Day of week:,Wednesday,27.69,Grade Celsius,
160,233.70,W/m^2,8:35:41,28/6/17,Day of week:,Wednesday,27.69,Grade Celsius,
153,233.70,W/m^2,8:35:44,28/6/17,Day of week:,Wednesday,27.50,Grade Celsius,
160,233.70,W/m^2,8:35:47,28/6/17,Day of week:,Wednesday,27.50,Grade Celsius,
149,257.07,W/m^2,8:35:50,28/6/17,Day of week:,Wednesday,27.81,Grade Celsius,
158,235.16,W/m^2,8:35:53,28/6/17,Day of week:,Wednesday,27.87,Grade Celsius,
155,233.70,W/m^2,8:35:56,28/6/17,Day of week:,Wednesday,27.75,Grade Celsius,
158,233.70,W/m^2,8:35:59,28/6/17,Day of week:,Wednesday,27.87,Grade Celsius,
160,236.62,W/m^2,8:36:02,28/6/17,Day of week:,Wednesday,27.81,Grade Celsius,
167,239.54,W/m^2,8:36:05,28/6/17,Day of week:,Wednesday,27.94,Grade Celsius,
159,239.54,W/m^2,8:36:08,28/6/17,Day of week:,Wednesday,28.19,Grade Celsius,
158,245.39,W/m^2,8:36:11,28/6/17,Day of week:,Wednesday,28.25,Grade Celsius,
159,245.39,W/m^2,8:36:14,28/6/17,Day of week:,Wednesday,28.12,Grade Celsius,
159,233.70,W/m^2,8:36:18,28/6/17,Day of week:,Wednesday,28.12,Grade Celsius,
173,233.70,W/m^2,8:36:21,28/6/17,Day of week:,Wednesday,28.31,Grade Celsius,
149,233.70,W/m^2,8:36:24,28/6/17,Day of week:,Wednesday,28.31,Grade Celsius,
157,233.70,W/m^2,8:36:27,28/6/17,Day of week:,Wednesday,28.44,Grade Celsius,
163,233.70,W/m^2,8:36:30,28/6/17,Day of week:,Wednesday,28.31,Grade Celsius,
158,236.62,W/m^2,8:36:33,28/6/17,Day of week:,Wednesday,27.94,Grade Celsius,
148,236.62,W/m^2,8:36:36,28/6/17,Day of week:,Wednesday,28.00,Grade Celsius,
160,236.62,W/m^2,8:36:39,28/6/17,Day of week:,Wednesday,27.81,Grade Celsius,
161,236.62,W/m^2,8:36:42,28/6/17,Day of week:,Wednesday,27.81,Grade Celsius,
171,236.62,W/m^2,8:36:45,28/6/17,Day of week:,Wednesday,28.06,Grade Celsius,
162,233.70,W/m^2,8:36:48,28/6/17,Day of week:,Wednesday,28.37,Grade Celsius,
161,235.16,W/m^2,8:36:51,28/6/17,Day of week:,Wednesday,28.31,Grade Celsius,
166,239.54,W/m^2,8:36:54,28/6/17,Day of week:,Wednesday,28.31,Grade Celsius,
148,238.08,W/m^2,8:36:57,28/6/17,Day of week:,Wednesday,28.56,Grade Celsius,
162,239.54,W/m^2,8:37:00,28/6/17,Day of week:,Wednesday,28.81,Grade Celsius,
162,227.86,W/m^2,8:37:04,28/6/17,Day of week:,Wednesday,28.81,Grade Celsius,
149,236.62,W/m^2,8:37:07,28/6/17,Day of week:,Wednesday,28.56,Grade Celsius,
163,239.54,W/m^2,8:37:10,28/6/17,Day of week:,Wednesday,28.81,Grade Celsius,
155,242.47,W/m^2,8:37:13,28/6/17,Day of week:,Wednesday,28.50,Grade Celsius,
160,233.70,W/m^2,8:37:16,28/6/17,Day of week:,Wednesday,28.25,Grade Celsius,
162,224.94,W/m^2,8:37:19,28/6/17,Day of week:,Wednesday,28.12,Grade Celsius,
161,242.47,W/m^2,8:37:22,28/6/17,Day of week:,Wednesday,27.69,Grade Celsius,
161,239.54,W/m^2,8:37:25,28/6/17,Day of week:,Wednesday,27.75,Grade Celsius,
162,246.85,W/m^2,8:37:28,28/6/17,Day of week:,Wednesday,27.31,Grade Celsius,
162,242.47,W/m^2,8:37:31,28/6/17,Day of week:,Wednesday,27.31,Grade Celsius,
154,239.54,W/m^2,8:37:34,28/6/17,Day of week:,Wednesday,27.50,Grade Celsius,
161,239.54,W/m^2,8:37:37,28/6/17,Day of week:,Wednesday,27.75,Grade Celsius,
163,241.01,W/m^2,8:37:40,28/6/17,Day of week:,Wednesday,27.75,Grade Celsius,
164,224.94,W/m^2,8:37:43,28/6/17,Day of week:,Wednesday,27.56,Grade Celsius,
156,245.39,W/m^2,8:37:46,28/6/17,Day of week:,Wednesday,27.62,Grade Celsius,
164,239.54,W/m^2,8:37:49,28/6/17,Day of week:,Wednesday,27.69,Grade Celsius,
166,241.01,W/m^2,8:37:53,28/6/17,Day of week:,Wednesday,27.50,Grade Celsius,
166,245.39,W/m^2,8:37:56,28/6/17,Day of week:,Wednesday,27.69,Grade Celsius,
165,241.01,W/m^2,8:37:59,28/6/17,Day of week:,Wednesday,27.62,Grade Celsius,
164,248.31,W/m^2,8:38:02,28/6/17,Day of week:,Wednesday,27.37,Grade Celsius,
164,239.54,W/m^2,8:38:05,28/6/17,Day of week:,Wednesday,27.50,Grade Celsius,
165,241.01,W/m^2,8:38:08,28/6/17,Day of week:,Wednesday,27.62,Grade Celsius,
154,245.39,W/m^2,8:38:11,28/6/17,Day of week:,Wednesday,27.69,Grade Celsius,
165,238.08,W/m^2,8:38:14,28/6/17,Day of week:,Wednesday,27.62,Grade Celsius,
169,222.02,W/m^2,8:38:17,28/6/17,Day of week:,Wednesday,27.56,Grade Celsius,
163,242.47,W/m^2,8:38:20,28/6/17,Day of week:,Wednesday,27.44,Grade Celsius,
168,242.47,W/m^2,8:38:23,28/6/17,Day of week:,Wednesday,27.19,Grade Celsius,
164,242.47,W/m^2,8:38:26,28/6/17,Day of week:,Wednesday,27.12,Grade Celsius,
164,245.39,W/m^2,8:38:29,28/6/17,Day of week:,Wednesday,27.31,Grade Celsius,
165,242.47,W/m^2,8:38:32,28/6/17,Day of week:,Wednesday,27.31,Grade Celsius,
158,245.39,W/m^2,8:38:35,28/6/17,Day of week:,Wednesday,27.25,Grade Celsius,
167,251.23,W/m^2,8:38:39,28/6/17,Day of week:,Wednesday,27.37,Grade Celsius,
165,245.39,W/m^2,8:38:42,28/6/17,Day of week:,Wednesday,27.25,Grade Celsius,
165,245.39,W/m^2,8:38:45,28/6/17,Day of week:,Wednesday,27.31,Grade Celsius,
165,242.47,W/m^2,8:38:48,28/6/17,Day of week:,Wednesday,27.31,Grade Celsius,
164,252.69,W/m^2,8:38:51,28/6/17,Day of week:,Wednesday,27.25,Grade Celsius,
166,245.39,W/m^2,8:38:54,28/6/17,Day of week:,Wednesday,27.37,Grade Celsius,
165,245.39,W/m^2,8:38:57,28/6/17,Day of week:,Wednesday,27.56,Grade Celsius,
170,259.99,W/m^2,8:39:00,28/6/17,Day of week:,Wednesday,27.56,Grade Celsius,
171,245.39,W/m^2,8:39:03,28/6/17,Day of week:,Wednesday,27.69,Grade Celsius,
166,245.39,W/m^2,8:39:06,28/6/17,Day of week:,Wednesday,27.50,Grade Celsius,
167,245.39,W/m^2,8:39:09,28/6/17,Day of week:,Wednesday,27.56,Grade Celsius,
167,245.39,W/m^2,8:39:12,28/6/17,Day of week:,Wednesday,27.56,Grade Celsius,
169,251.23,W/m^2,8:39:15,28/6/17,Day of week:,Wednesday,27.87,Grade Celsius,
167,248.31,W/m^2,8:39:18,28/6/17,Day of week:,Wednesday,27.56,Grade Celsius,
167,262.92,W/m^2,8:39:21,28/6/17,Day of week:,Wednesday,27.50,Grade Celsius,
169,264.38,W/m^2,8:39:24,28/6/17,Day of week:,Wednesday,27.56,Grade Celsius,
169,239.54,W/m^2,8:39:28,28/6/17,Day of week:,Wednesday,27.25,Grade Celsius,
168,241.01,W/m^2,8:39:31,28/6/17,Day of week:,Wednesday,27.31,Grade Celsius,
169,248.31,W/m^2,8:39:34,28/6/17,Day of week:,Wednesday,27.50,Grade Celsius,
168,248.31,W/m^2,8:39:37,28/6/17,Day of week:,Wednesday,27.50,Grade Celsius,
169,264.38,W/m^2,8:39:40,28/6/17,Day of week:,Wednesday,27.69,Grade Celsius,
169,248.31,W/m^2,8:39:43,28/6/17,Day of week:,Wednesday,27.62,Grade Celsius,
168,248.31,W/m^2,8:39:46,28/6/17,Day of week:,Wednesday,27.87,Grade Celsius,
167,246.85,W/m^2,8:39:49,28/6/17,Day of week:,Wednesday,28.19,Grade Celsius,
166,242.47,W/m^2,8:39:52,28/6/17,Day of week:,Wednesday,28.12,Grade Celsius,
167,236.62,W/m^2,8:39:55,28/6/17,Day of week:,Wednesday,28.31,Grade Celsius,
166,245.39,W/m^2,8:39:58,28/6/17,Day of week:,Wednesday,28.31,Grade Celsius,
166,245.39,W/m^2,8:40:01,28/6/17,Day of week:,Wednesday,28.31,Grade Celsius,
163,239.54,W/m^2,8:40:04,28/6/17,Day of week:,Wednesday,28.50,Grade Celsius,
179,242.47,W/m^2,8:40:07,28/6/17,Day of week:,Wednesday,28.25,Grade Celsius,
177,245.39,W/m^2,8:40:10,28/6/17,Day of week:,Wednesday,28.00,Grade Celsius,
164,257.07,W/m^2,8:40:13,28/6/17,Day of week:,Wednesday,28.00,Grade Celsius,
169,243.93,W/m^2,8:40:17,28/6/17,Day of week:,Wednesday,27.87,Grade Celsius,
169,246.85,W/m^2,8:40:20,28/6/17,Day of week:,Wednesday,27.81,Grade Celsius,
170,246.85,W/m^2,8:40:23,28/6/17,Day of week:,Wednesday,28.00,Grade Celsius,
170,246.85,W/m^2,8:40:26,28/6/17,Day of week:,Wednesday,27.87,Grade Celsius,
169,238.08,W/m^2,8:40:29,28/6/17,Day of week:,Wednesday,27.75,Grade Celsius,
170,227.86,W/m^2,8:40:32,28/6/17,Day of week:,Wednesday,28.00,Grade Celsius,
165,245.39,W/m^2,8:40:35,28/6/17,Day of week:,Wednesday,28.12,Grade Celsius,
161,242.47,W/m^2,8:40:38,28/6/17,Day of week:,Wednesday,28.00,Grade Celsius,
157,229.32,W/m^2,8:40:41,28/6/17,Day of week:,Wednesday,28.06,Grade Celsius,
152,227.86,W/m^2,8:40:44,28/6/17,Day of week:,Wednesday,28.31,Grade Celsius,
134,219.10,W/m^2,8:40:47,28/6/17,Day of week:,Wednesday,28.12,Grade Celsius,
146,216.17,W/m^2,8:40:50,28/6/17,Day of week:,Wednesday,28.06,Grade Celsius,
147,222.02,W/m^2,8:40:54,28/6/17,Day of week:,Wednesday,27.81,Grade Celsius,
151,222.02,W/m^2,8:40:57,28/6/17,Day of week:,Wednesday,27.44,Grade Celsius,
157,229.32,W/m^2,8:41:00,28/6/17,Day of week:,Wednesday,27.44,Grade Celsius,
160,257.07,W/m^2,8:41:03,28/6/17,Day of week:,Wednesday,27.62,Grade Celsius,
164,241.01,W/m^2,8:41:06,28/6/17,Day of week:,Wednesday,27.31,Grade Celsius,
173,251.23,W/m^2,8:41:09,28/6/17,Day of week:,Wednesday,27.50,Grade Celsius,
169,248.31,W/m^2,8:41:12,28/6/17,Day of week:,Wednesday,27.31,Grade Celsius,
168,242.47,W/m^2,8:41:15,28/6/17,Day of week:,Wednesday,27.31,Grade Celsius,
161,245.39,W/m^2,8:41:18,28/6/17,Day of week:,Wednesday,27.44,Grade Celsius,
163,236.62,W/m^2,8:41:21,28/6/17,Day of week:,Wednesday,27.62,Grade Celsius,
157,233.70,W/m^2,8:41:24,28/6/17,Day of week:,Wednesday,27.75,Grade Celsius,
165,227.86,W/m^2,8:41:27,28/6/17,Day of week:,Wednesday,27.69,Grade Celsius,
153,227.86,W/m^2,8:41:30,28/6/17,Day of week:,Wednesday,27.50,Grade Celsius,
156,236.62,W/m^2,8:41:33,28/6/17,Day of week:,Wednesday,27.31,Grade Celsius,
160,229.32,W/m^2,8:41:36,28/6/17,Day of week:,Wednesday,27.37,Grade Celsius,
163,239.54,W/m^2,8:41:40,28/6/17,Day of week:,Wednesday,27.50,Grade Celsius,
167,252.69,W/m^2,8:41:43,28/6/17,Day of week:,Wednesday,27.50,Grade Celsius,
168,246.85,W/m^2,8:41:46,28/6/17,Day of week:,Wednesday,27.69,Grade Celsius,
169,241.01,W/m^2,8:41:49,28/6/17,Day of week:,Wednesday,27.87,Grade Celsius,
168,251.23,W/m^2,8:41:52,28/6/17,Day of week:,Wednesday,27.69,Grade Celsius,
170,245.39,W/m^2,8:41:55,28/6/17,Day of week:,Wednesday,27.44,Grade Celsius,
166,251.23,W/m^2,8:41:58,28/6/17,Day of week:,Wednesday,27.56,Grade Celsius,
169,245.39,W/m^2,8:42:01,28/6/17,Day of week:,Wednesday,27.50,Grade Celsius,
170,251.23,W/m^2,8:42:04,28/6/17,Day of week:,Wednesday,27.69,Grade Celsius,
178,252.69,W/m^2,8:42:07,28/6/17,Day of week:,Wednesday,27.69,Grade Celsius,
171,257.07,W/m^2,8:42:10,28/6/17,Day of week:,Wednesday,27.81,Grade Celsius,
170,251.23,W/m^2,8:42:13,28/6/17,Day of week:,Wednesday,27.75,Grade Celsius,
173,252.69,W/m^2,8:42:16,28/6/17,Day of week:,Wednesday,28.06,Grade Celsius,
168,251.23,W/m^2,8:42:19,28/6/17,Day of week:,Wednesday,28.25,Grade Celsius,
168,264.38,W/m^2,8:42:22,28/6/17,Day of week:,Wednesday,28.50,Grade Celsius,
161,236.62,W/m^2,8:42:25,28/6/17,Day of week:,Wednesday,28.50,Grade Celsius,
155,236.62,W/m^2,8:42:29,28/6/17,Day of week:,Wednesday,28.37,Grade Celsius,
143,210.33,W/m^2,8:42:32,28/6/17,Day of week:,Wednesday,28.19,Grade Celsius,
130,192.80,W/m^2,8:42:35,28/6/17,Day of week:,Wednesday,28.06,Grade Celsius,
117,175.28,W/m^2,8:42:38,28/6/17,Day of week:,Wednesday,28.00,Grade Celsius,
105,163.59,W/m^2,8:42:41,28/6/17,Day of week:,Wednesday,27.87,Grade Celsius,
107,146.06,W/m^2,8:42:44,28/6/17,Day of week:,Wednesday,27.75,Grade Celsius,
97,157.75,W/m^2,8:42:47,28/6/17,Day of week:,Wednesday,27.75,Grade Celsius,
107,163.59,W/m^2,8:42:50,28/6/17,Day of week:,Wednesday,27.75,Grade Celsius,
98,163.59,W/m^2,8:42:53,28/6/17,Day of week:,Wednesday,27.69,Grade Celsius,
109,182.58,W/m^2,8:42:56,28/6/17,Day of week:,Wednesday,27.56,Grade Celsius,
112,163.59,W/m^2,8:42:59,28/6/17,Day of week:,Wednesday,27.37,Grade Celsius,
117,172.36,W/m^2,8:43:02,28/6/17,Day of week:,Wednesday,27.31,Grade Celsius,
110,176.74,W/m^2,8:43:05,28/6/17,Day of week:,Wednesday,27.50,Grade Celsius,
115,186.96,W/m^2,8:43:08,28/6/17,Day of week:,Wednesday,27.25,Grade Celsius,
130,192.80,W/m^2,8:43:11,28/6/17,Day of week:,Wednesday,27.31,Grade Celsius,
134,198.65,W/m^2,8:43:15,28/6/17,Day of week:,Wednesday,27.25,Grade Celsius,
135,201.57,W/m^2,8:43:18,28/6/17,Day of week:,Wednesday,27.44,Grade Celsius,
137,201.57,W/m^2,8:43:21,28/6/17,Day of week:,Wednesday,27.56,Grade Celsius,
134,198.65,W/m^2,8:43:24,28/6/17,Day of week:,Wednesday,27.81,Grade Celsius,
131,189.88,W/m^2,8:43:27,28/6/17,Day of week:,Wednesday,27.50,Grade Celsius,
134,186.96,W/m^2,8:43:30,28/6/17,Day of week:,Wednesday,27.44,Grade Celsius,
120,175.28,W/m^2,8:43:33,28/6/17,Day of week:,Wednesday,27.56,Grade Celsius,
113,166.51,W/m^2,8:43:36,28/6/17,Day of week:,Wednesday,27.62,Grade Celsius,
112,165.05,W/m^2,8:43:39,28/6/17,Day of week:,Wednesday,27.50,Grade Celsius,
109,182.58,W/m^2,8:43:42,28/6/17,Day of week:,Wednesday,27.62,Grade Celsius,
109,165.05,W/m^2,8:43:45,28/6/17,Day of week:,Wednesday,27.50,Grade Celsius,
105,157.75,W/m^2,8:43:48,28/6/17,Day of week:,Wednesday,27.25,Grade Celsius,
108,151.91,W/m^2,8:43:51,28/6/17,Day of week:,Wednesday,27.25,Grade Celsius,
96,122.69,W/m^2,8:43:54,28/6/17,Day of week:,Wednesday,27.37,Grade Celsius,
80,130.00,W/m^2,8:43:57,28/6/17,Day of week:,Wednesday,27.37,Grade Celsius,
84,130.00,W/m^2,8:44:00,28/6/17,Day of week:,Wednesday,27.31,Grade Celsius,
75,118.31,W/m^2,8:44:04,28/6/17,Day of week:,Wednesday,27.25,Grade Celsius,
82,116.85,W/m^2,8:44:07,28/6/17,Day of week:,Wednesday,26.87,Grade Celsius,
80,116.85,W/m^2,8:44:10,28/6/17,Day of week:,Wednesday,26.69,Grade Celsius,
79,116.85,W/m^2,8:44:13,28/6/17,Day of week:,Wednesday,26.44,Grade Celsius,
74,96.40,W/m^2,8:44:16,28/6/17,Day of week:,Wednesday,26.37,Grade Celsius,
76,111.01,W/m^2,8:44:19,28/6/17,Day of week:,Wednesday,26.44,Grade Celsius,
75,111.01,W/m^2,8:44:22,28/6/17,Day of week:,Wednesday,26.25,Grade Celsius,
64,111.01,W/m^2,8:44:25,28/6/17,Day of week:,Wednesday,26.19,Grade Celsius,
79,116.85,W/m^2,8:44:28,28/6/17,Day of week:,Wednesday,26.12,Grade Celsius,
80,116.85,W/m^2,8:44:31,28/6/17,Day of week:,Wednesday,25.94,Grade Celsius,
81,116.85,W/m^2,8:44:34,28/6/17,Day of week:,Wednesday,26.00,Grade Celsius,
80,116.85,W/m^2,8:44:37,28/6/17,Day of week:,Wednesday,26.06,Grade Celsius,
81,119.77,W/m^2,8:44:40,28/6/17,Day of week:,Wednesday,26.06,Grade Celsius,
85,124.15,W/m^2,8:44:43,28/6/17,Day of week:,Wednesday,26.25,Grade Celsius,
86,131.46,W/m^2,8:44:46,28/6/17,Day of week:,Wednesday,26.37,Grade Celsius,
105,143.14,W/m^2,8:44:49,28/6/17,Day of week:,Wednesday,26.50,Grade Celsius,
103,146.06,W/m^2,8:44:53,28/6/17,Day of week:,Wednesday,26.50,Grade Celsius,
102,151.91,W/m^2,8:44:56,28/6/17,Day of week:,Wednesday,26.62,Grade Celsius,
113,169.43,W/m^2,8:44:59,28/6/17,Day of week:,Wednesday,26.62,Grade Celsius,
101,146.06,W/m^2,8:45:02,28/6/17,Day of week:,Wednesday,26.69,Grade Celsius,
92,140.22,W/m^2,8:45:05,28/6/17,Day of week:,Wednesday,26.62,Grade Celsius,
90,140.22,W/m^2,8:45:08,28/6/17,Day of week:,Wednesday,26.62,Grade Celsius,
89,131.46,W/m^2,8:45:11,28/6/17,Day of week:,Wednesday,26.75,Grade Celsius,
89,131.46,W/m^2,8:45:14,28/6/17,Day of week:,Wednesday,26.75,Grade Celsius,
93,140.22,W/m^2,8:45:17,28/6/17,Day of week:,Wednesday,26.81,Grade Celsius,
108,146.06,W/m^2,8:45:20,28/6/17,Day of week:,Wednesday,26.75,Grade Celsius,
103,163.59,W/m^2,8:45:23,28/6/17,Day of week:,Wednesday,26.81,Grade Celsius,
122,182.58,W/m^2,8:45:26,28/6/17,Day of week:,Wednesday,26.94,Grade Celsius,
139,204.49,W/m^2,8:45:29,28/6/17,Day of week:,Wednesday,26.94,Grade Celsius,
155,227.86,W/m^2,8:45:32,28/6/17,Day of week:,Wednesday,27.00,Grade Celsius,
167,245.39,W/m^2,8:45:35,28/6/17,Day of week:,Wednesday,26.81,Grade Celsius,
176,261.45,W/m^2,8:45:39,28/6/17,Day of week:,Wednesday,27.06,Grade Celsius,
183,276.06,W/m^2,8:45:42,28/6/17,Day of week:,Wednesday,27.25,Grade Celsius,
184,268.76,W/m^2,8:45:45,28/6/17,Day of week:,Wednesday,27.37,Grade Celsius,
183,268.76,W/m^2,8:45:48,28/6/17,Day of week:,Wednesday,27.62,Grade Celsius,
184,268.76,W/m^2,8:45:51,28/6/17,Day of week:,Wednesday,27.94,Grade Celsius,
184,265.84,W/m^2,8:45:54,28/6/17,Day of week:,Wednesday,28.19,Grade Celsius,
181,271.68,W/m^2,8:45:57,28/6/17,Day of week:,Wednesday,28.00,Grade Celsius,
185,274.60,W/m^2,8:46:00,28/6/17,Day of week:,Wednesday,28.19,Grade Celsius,
186,286.29,W/m^2,8:46:03,28/6/17,Day of week:,Wednesday,28.25,Grade Celsius,
188,274.60,W/m^2,8:46:06,28/6/17,Day of week:,Wednesday,28.12,Grade Celsius,
203,293.59,W/m^2,8:46:09,28/6/17,Day of week:,Wednesday,28.12,Grade Celsius,
205,297.97,W/m^2,8:46:12,28/6/17,Day of week:,Wednesday,28.37,Grade Celsius,
192,280.44,W/m^2,8:46:15,28/6/17,Day of week:,Wednesday,28.56,Grade Celsius,
189,284.82,W/m^2,8:46:18,28/6/17,Day of week:,Wednesday,28.75,Grade Celsius,
178,276.06,W/m^2,8:46:21,28/6/17,Day of week:,Wednesday,28.50,Grade Celsius,
192,286.29,W/m^2,8:46:25,28/6/17,Day of week:,Wednesday,28.62,Grade Celsius,
193,286.29,W/m^2,8:46:28,28/6/17,Day of week:,Wednesday,28.75,Grade Celsius,
189,274.60,W/m^2,8:46:31,28/6/17,Day of week:,Wednesday,28.37,Grade Celsius,
192,295.05,W/m^2,8:46:34,28/6/17,Day of week:,Wednesday,28.12,Grade Celsius,
192,283.36,W/m^2,8:46:37,28/6/17,Day of week:,Wednesday,28.19,Grade Celsius,
192,280.44,W/m^2,8:46:40,28/6/17,Day of week:,Wednesday,28.25,Grade Celsius,
192,281.90,W/m^2,8:46:43,28/6/17,Day of week:,Wednesday,28.31,Grade Celsius,
191,280.44,W/m^2,8:46:46,28/6/17,Day of week:,Wednesday,28.31,Grade Celsius,
190,280.44,W/m^2,8:46:49,28/6/17,Day of week:,Wednesday,28.31,Grade Celsius,
187,281.90,W/m^2,8:46:52,28/6/17,Day of week:,Wednesday,28.50,Grade Celsius,
187,254.15,W/m^2,8:46:55,28/6/17,Day of week:,Wednesday,28.62,Grade Celsius,
185,264.38,W/m^2,8:46:58,28/6/17,Day of week:,Wednesday,28.50,Grade Celsius,
185,286.29,W/m^2,8:47:01,28/6/17,Day of week:,Wednesday,28.44,Grade Celsius,
181,268.76,W/m^2,8:47:04,28/6/17,Day of week:,Wednesday,28.62,Grade Celsius,
177,259.99,W/m^2,8:47:07,28/6/17,Day of week:,Wednesday,28.75,Grade Celsius,
162,248.31,W/m^2,8:47:11,28/6/17,Day of week:,Wednesday,28.75,Grade Celsius,
159,223.48,W/m^2,8:47:14,28/6/17,Day of week:,Wednesday,28.94,Grade Celsius,
149,222.02,W/m^2,8:47:17,28/6/17,Day of week:,Wednesday,29.00,Grade Celsius,
130,210.33,W/m^2,8:47:20,28/6/17,Day of week:,Wednesday,29.06,Grade Celsius,
137,198.65,W/m^2,8:47:23,28/6/17,Day of week:,Wednesday,28.81,Grade Celsius,
142,175.28,W/m^2,8:47:26,28/6/17,Day of week:,Wednesday,28.56,Grade Celsius,
122,163.59,W/m^2,8:47:29,28/6/17,Day of week:,Wednesday,28.50,Grade Celsius,
118,170.89,W/m^2,8:47:32,28/6/17,Day of week:,Wednesday,28.37,Grade Celsius,
114,166.51,W/m^2,8:47:35,28/6/17,Day of week:,Wednesday,28.25,Grade Celsius,
109,163.59,W/m^2,8:47:38,28/6/17,Day of week:,Wednesday,28.12,Grade Celsius,
103,156.29,W/m^2,8:47:41,28/6/17,Day of week:,Wednesday,28.12,Grade Celsius,
108,153.37,W/m^2,8:47:44,28/6/17,Day of week:,Wednesday,28.12,Grade Celsius,
114,175.28,W/m^2,8:47:47,28/6/17,Day of week:,Wednesday,27.81,Grade Celsius,
119,175.28,W/m^2,8:47:50,28/6/17,Day of week:,Wednesday,27.87,Grade Celsius,
131,195.73,W/m^2,8:47:53,28/6/17,Day of week:,Wednesday,27.94,Grade Celsius,
145,213.25,W/m^2,8:47:56,28/6/17,Day of week:,Wednesday,28.06,Grade Celsius,
155,238.08,W/m^2,8:48:00,28/6/17,Day of week:,Wednesday,27.94,Grade Celsius,
172,242.47,W/m^2,8:48:03,28/6/17,Day of week:,Wednesday,28.06,Grade Celsius,
192,271.68,W/m^2,8:48:06,28/6/17,Day of week:,Wednesday,28.25,Grade Celsius,
191,277.52,W/m^2,8:48:09,28/6/17,Day of week:,Wednesday,28.19,Grade Celsius,
196,292.13,W/m^2,8:48:12,28/6/17,Day of week:,Wednesday,28.37,Grade Celsius,
196,280.44,W/m^2,8:48:15,28/6/17,Day of week:,Wednesday,28.12,Grade Celsius,
196,292.13,W/m^2,8:48:18,28/6/17,Day of week:,Wednesday,28.12,Grade Celsius,
198,287.75,W/m^2,8:48:21,28/6/17,Day of week:,Wednesday,27.94,Grade Celsius,
194,289.21,W/m^2,8:48:24,28/6/17,Day of week:,Wednesday,27.75,Grade Celsius,
197,289.21,W/m^2,8:48:27,28/6/17,Day of week:,Wednesday,27.62,Grade Celsius,
198,297.97,W/m^2,8:48:30,28/6/17,Day of week:,Wednesday,27.81,Grade Celsius,
198,299.43,W/m^2,8:48:33,28/6/17,Day of week:,Wednesday,27.75,Grade Celsius,
188,292.13,W/m^2,8:48:36,28/6/17,Day of week:,Wednesday,27.81,Grade Celsius,
198,287.75,W/m^2,8:48:39,28/6/17,Day of week:,Wednesday,27.56,Grade Celsius,
198,292.13,W/m^2,8:48:42,28/6/17,Day of week:,Wednesday,27.56,Grade Celsius,
194,286.29,W/m^2,8:48:46,28/6/17,Day of week:,Wednesday,27.75,Grade Celsius,
198,292.13,W/m^2,8:48:49,28/6/17,Day of week:,Wednesday,28.00,Grade Celsius,
199,303.81,W/m^2,8:48:52,28/6/17,Day of week:,Wednesday,27.94,Grade Celsius,
198,295.05,W/m^2,8:48:55,28/6/17,Day of week:,Wednesday,28.00,Grade Celsius,
199,297.97,W/m^2,8:48:58,28/6/17,Day of week:,Wednesday,28.06,Grade Celsius,
197,292.13,W/m^2,8:49:01,28/6/17,Day of week:,Wednesday,27.69,Grade Celsius,
201,306.73,W/m^2,8:49:04,28/6/17,Day of week:,Wednesday,27.75,Grade Celsius,
194,292.13,W/m^2,8:49:07,28/6/17,Day of week:,Wednesday,27.94,Grade Celsius,
199,280.44,W/m^2,8:49:10,28/6/17,Day of week:,Wednesday,28.12,Grade Celsius,
193,274.60,W/m^2,8:49:13,28/6/17,Day of week:,Wednesday,28.31,Grade Celsius,
198,295.05,W/m^2,8:49:16,28/6/17,Day of week:,Wednesday,28.19,Grade Celsius,
186,295.05,W/m^2,8:49:19,28/6/17,Day of week:,Wednesday,28.25,Grade Celsius,
192,292.13,W/m^2,8:49:22,28/6/17,Day of week:,Wednesday,28.37,Grade Celsius,
198,293.59,W/m^2,8:49:25,28/6/17,Day of week:,Wednesday,28.44,Grade Celsius,
200,296.51,W/m^2,8:49:28,28/6/17,Day of week:,Wednesday,28.56,Grade Celsius,
202,293.59,W/m^2,8:49:31,28/6/17,Day of week:,Wednesday,28.62,Grade Celsius,
202,297.97,W/m^2,8:49:35,28/6/17,Day of week:,Wednesday,28.69,Grade Celsius,
205,306.73,W/m^2,8:49:38,28/6/17,Day of week:,Wednesday,28.81,Grade Celsius,
200,297.97,W/m^2,8:49:41,28/6/17,Day of week:,Wednesday,28.94,Grade Celsius,
206,297.97,W/m^2,8:49:44,28/6/17,Day of week:,Wednesday,28.75,Grade Celsius,
195,292.13,W/m^2,8:49:47,28/6/17,Day of week:,Wednesday,28.44,Grade Celsius,
196,292.13,W/m^2,8:49:50,28/6/17,Day of week:,Wednesday,28.62,Grade Celsius,
189,280.44,W/m^2,8:49:53,28/6/17,Day of week:,Wednesday,28.31,Grade Celsius,
183,268.76,W/m^2,8:49:56,28/6/17,Day of week:,Wednesday,28.44,Grade Celsius,
172,254.15,W/m^2,8:49:59,28/6/17,Day of week:,Wednesday,28.25,Grade Celsius,
162,239.54,W/m^2,8:50:02,28/6/17,Day of week:,Wednesday,28.19,Grade Celsius,
156,224.94,W/m^2,8:50:05,28/6/17,Day of week:,Wednesday,28.06,Grade Celsius,
154,233.70,W/m^2,8:50:08,28/6/17,Day of week:,Wednesday,27.94,Grade Celsius,
160,235.16,W/m^2,8:50:11,28/6/17,Day of week:,Wednesday,27.75,Grade Celsius,
165,242.47,W/m^2,8:50:14,28/6/17,Day of week:,Wednesday,27.62,Grade Celsius,
169,245.39,W/m^2,8:50:17,28/6/17,Day of week:,Wednesday,27.50,Grade Celsius,
177,254.15,W/m^2,8:50:21,28/6/17,Day of week:,Wednesday,27.62,Grade Celsius,
178,258.53,W/m^2,8:50:24,28/6/17,Day of week:,Wednesday,27.50,Grade Celsius,
180,257.07,W/m^2,8:50:27,28/6/17,Day of week:,Wednesday,27.62,Grade Celsius,
183,292.13,W/m^2,8:50:30,28/6/17,Day of week:,Wednesday,27.81,Grade Celsius,
186,280.44,W/m^2,8:50:33,28/6/17,Day of week:,Wednesday,28.12,Grade Celsius,
195,280.44,W/m^2,8:50:36,28/6/17,Day of week:,Wednesday,28.00,Grade Celsius,
191,286.29,W/m^2,8:50:39,28/6/17,Day of week:,Wednesday,28.25,Grade Celsius,
191,283.36,W/m^2,8:50:42,28/6/17,Day of week:,Wednesday,28.37,Grade Celsius,
196,280.44,W/m^2,8:50:45,28/6/17,Day of week:,Wednesday,28.62,Grade Celsius,
195,295.05,W/m^2,8:50:48,28/6/17,Day of week:,Wednesday,28.69,Grade Celsius,
198,287.75,W/m^2,8:50:51,28/6/17,Day of week:,Wednesday,28.81,Grade Celsius,
192,283.36,W/m^2,8:50:54,28/6/17,Day of week:,Wednesday,28.81,Grade Celsius,
191,280.44,W/m^2,8:50:57,28/6/17,Day of week:,Wednesday,28.87,Grade Celsius,
181,283.36,W/m^2,8:51:01,28/6/17,Day of week:,Wednesday,29.12,Grade Celsius,
192,283.36,W/m^2,8:51:04,28/6/17,Day of week:,Wednesday,29.00,Grade Celsius,
192,280.44,W/m^2,8:51:07,28/6/17,Day of week:,Wednesday,28.87,Grade Celsius,
192,258.53,W/m^2,8:51:10,28/6/17,Day of week:,Wednesday,28.94,Grade Celsius,
192,286.29,W/m^2,8:51:13,28/6/17,Day of week:,Wednesday,29.12,Grade Celsius,
190,280.44,W/m^2,8:51:16,28/6/17,Day of week:,Wednesday,28.94,Grade Celsius,
183,268.76,W/m^2,8:51:19,28/6/17,Day of week:,Wednesday,28.75,Grade Celsius,
188,274.60,W/m^2,8:51:22,28/6/17,Day of week:,Wednesday,28.37,Grade Celsius,
188,274.60,W/m^2,8:51:25,28/6/17,Day of week:,Wednesday,28.19,Grade Celsius,
190,280.44,W/m^2,8:51:28,28/6/17,Day of week:,Wednesday,28.12,Grade Celsius,
193,281.90,W/m^2,8:51:31,28/6/17,Day of week:,Wednesday,28.25,Grade Celsius,
194,286.29,W/m^2,8:51:34,28/6/17,Day of week:,Wednesday,28.25,Grade Celsius,
196,286.29,W/m^2,8:51:37,28/6/17,Day of week:,Wednesday,28.19,Grade Celsius,
199,297.97,W/m^2,8:51:40,28/6/17,Day of week:,Wednesday,27.94,Grade Celsius,
199,295.05,W/m^2,8:51:43,28/6/17,Day of week:,Wednesday,27.87,Grade Celsius,
215,299.43,W/m^2,8:51:46,28/6/17,Day of week:,Wednesday,28.00,Grade Celsius,
202,296.51,W/m^2,8:51:50,28/6/17,Day of week:,Wednesday,28.19,Grade Celsius,
203,316.96,W/m^2,8:51:53,28/6/17,Day of week:,Wednesday,28.12,Grade Celsius,
216,299.43,W/m^2,8:51:56,28/6/17,Day of week:,Wednesday,28.19,Grade Celsius,
204,303.81,W/m^2,8:51:59,28/6/17,Day of week:,Wednesday,28.50,Grade Celsius,
207,303.81,W/m^2,8:52:02,28/6/17,Day of week:,Wednesday,28.75,Grade Celsius,
209,300.89,W/m^2,8:52:05,28/6/17,Day of week:,Wednesday,28.25,Grade Celsius,
205,303.81,W/m^2,8:52:08,28/6/17,Day of week:,Wednesday,28.12,Grade Celsius,
201,300.89,W/m^2,8:52:11,28/6/17,Day of week:,Wednesday,28.00,Grade Celsius,
198,292.13,W/m^2,8:52:14,28/6/17,Day of week:,Wednesday,27.94,Grade Celsius,
190,280.44,W/m^2,8:52:17,28/6/17,Day of week:,Wednesday,27.94,Grade Celsius,
178,251.23,W/m^2,8:52:20,28/6/17,Day of week:,Wednesday,28.12,Grade Celsius,
161,248.31,W/m^2,8:52:23,28/6/17,Day of week:,Wednesday,28.19,Grade Celsius,
154,233.70,W/m^2,8:52:26,28/6/17,Day of week:,Wednesday,28.19,Grade Celsius,
147,217.64,W/m^2,8:52:29,28/6/17,Day of week:,Wednesday,28.25,Grade Celsius,
149,210.33,W/m^2,8:52:32,28/6/17,Day of week:,Wednesday,28.12,Grade Celsius,
141,219.10,W/m^2,8:52:36,28/6/17,Day of week:,Wednesday,28.12,Grade Celsius,
146,216.17,W/m^2,8:52:39,28/6/17,Day of week:,Wednesday,28.31,Grade Celsius,
155,233.70,W/m^2,8:52:42,28/6/17,Day of week:,Wednesday,28.44,Grade Celsius,
161,233.70,W/m^2,8:52:45,28/6/17,Day of week:,Wednesday,28.12,Grade Celsius,
167,245.39,W/m^2,8:52:48,28/6/17,Day of week:,Wednesday,27.94,Grade Celsius,
175,257.07,W/m^2,8:52:51,28/6/17,Day of week:,Wednesday,28.00,Grade Celsius,
181,265.84,W/m^2,8:52:54,28/6/17,Day of week:,Wednesday,27.94,Grade Celsius,
186,268.76,W/m^2,8:52:57,28/6/17,Day of week:,Wednesday,28.12,Grade Celsius,
185,276.06,W/m^2,8:53:00,28/6/17,Day of week:,Wednesday,27.87,Grade Celsius,
183,271.68,W/m^2,8:53:03,28/6/17,Day of week:,Wednesday,28.25,Grade Celsius,
198,271.68,W/m^2,8:53:06,28/6/17,Day of week:,Wednesday,28.19,Grade Celsius,
182,268.76,W/m^2,8:53:09,28/6/17,Day of week:,Wednesday,28.06,Grade Celsius,
181,268.76,W/m^2,8:53:12,28/6/17,Day of week:,Wednesday,27.87,Grade Celsius,
192,259.99,W/m^2,8:53:15,28/6/17,Day of week:,Wednesday,27.69,Grade Celsius,
177,262.92,W/m^2,8:53:18,28/6/17,Day of week:,Wednesday,27.75,Grade Celsius,
175,257.07,W/m^2,8:53:21,28/6/17,Day of week:,Wednesday,27.94,Grade Celsius,
170,257.07,W/m^2,8:53:25,28/6/17,Day of week:,Wednesday,27.87,Grade Celsius,
166,239.54,W/m^2,8:53:28,28/6/17,Day of week:,Wednesday,28.00,Grade Celsius,
162,236.62,W/m^2,8:53:31,28/6/17,Day of week:,Wednesday,27.69,Grade Celsius,
159,233.70,W/m^2,8:53:34,28/6/17,Day of week:,Wednesday,27.56,Grade Celsius,
159,235.16,W/m^2,8:53:37,28/6/17,Day of week:,Wednesday,27.81,Grade Celsius,
158,233.70,W/m^2,8:53:40,28/6/17,Day of week:,Wednesday,28.00,Grade Celsius,
163,233.70,W/m^2,8:53:43,28/6/17,Day of week:,Wednesday,28.06,Grade Celsius,
156,233.70,W/m^2,8:53:46,28/6/17,Day of week:,Wednesday,28.19,Grade Celsius,
155,233.70,W/m^2,8:53:49,28/6/17,Day of week:,Wednesday,28.12,Grade Celsius,
160,233.70,W/m^2,8:53:52,28/6/17,Day of week:,Wednesday,28.25,Grade Celsius,
155,210.33,W/m^2,8:53:55,28/6/17,Day of week:,Wednesday,28.44,Grade Celsius,
161,227.86,W/m^2,8:53:58,28/6/17,Day of week:,Wednesday,28.25,Grade Celsius,
144,227.86,W/m^2,8:54:01,28/6/17,Day of week:,Wednesday,28.12,Grade Celsius,
162,227.86,W/m^2,8:54:04,28/6/17,Day of week:,Wednesday,28.19,Grade Celsius,
162,239.54,W/m^2,8:54:07,28/6/17,Day of week:,Wednesday,28.25,Grade Celsius,
159,248.31,W/m^2,8:54:11,28/6/17,Day of week:,Wednesday,28.25,Grade Celsius,
173,257.07,W/m^2,8:54:14,28/6/17,Day of week:,Wednesday,28.50,Grade Celsius,
173,259.99,W/m^2,8:54:17,28/6/17,Day of week:,Wednesday,28.69,Grade Celsius,
176,276.06,W/m^2,8:54:20,28/6/17,Day of week:,Wednesday,28.94,Grade Celsius,
176,259.99,W/m^2,8:54:23,28/6/17,Day of week:,Wednesday,28.94,Grade Celsius,
174,257.07,W/m^2,8:54:26,28/6/17,Day of week:,Wednesday,29.06,Grade Celsius,
174,257.07,W/m^2,8:54:29,28/6/17,Day of week:,Wednesday,29.25,Grade Celsius,
183,257.07,W/m^2,8:54:32,28/6/17,Day of week:,Wednesday,29.19,Grade Celsius,
175,258.53,W/m^2,8:54:35,28/6/17,Day of week:,Wednesday,29.31,Grade Celsius,
172,261.45,W/m^2,8:54:38,28/6/17,Day of week:,Wednesday,29.19,Grade Celsius,
183,268.76,W/m^2,8:54:41,28/6/17,Day of week:,Wednesday,29.00,Grade Celsius,
183,271.68,W/m^2,8:54:44,28/6/17,Day of week:,Wednesday,28.81,Grade Celsius,
185,271.68,W/m^2,8:54:47,28/6/17,Day of week:,Wednesday,28.44,Grade Celsius,
184,251.23,W/m^2,8:54:50,28/6/17,Day of week:,Wednesday,28.50,Grade Celsius,
182,268.76,W/m^2,8:54:53,28/6/17,Day of week:,Wednesday,28.50,Grade Celsius,
179,262.92,W/m^2,8:54:56,28/6/17,Day of week:,Wednesday,28.31,Grade Celsius,
192,257.07,W/m^2,8:55:00,28/6/17,Day of week:,Wednesday,28.50,Grade Celsius,
181,268.76,W/m^2,8:55:03,28/6/17,Day of week:,Wednesday,28.50,Grade Celsius,
182,271.68,W/m^2,8:55:06,28/6/17,Day of week:,Wednesday,28.75,Grade Celsius,
179,265.84,W/m^2,8:55:09,28/6/17,Day of week:,Wednesday,28.94,Grade Celsius,
179,259.99,W/m^2,8:55:12,28/6/17,Day of week:,Wednesday,29.12,Grade Celsius,
176,257.07,W/m^2,8:55:15,28/6/17,Day of week:,Wednesday,29.31,Grade Celsius,
163,245.39,W/m^2,8:55:18,28/6/17,Day of week:,Wednesday,29.50,Grade Celsius,
147,236.62,W/m^2,8:55:21,28/6/17,Day of week:,Wednesday,29.19,Grade Celsius,
149,235.16,W/m^2,8:55:24,28/6/17,Day of week:,Wednesday,29.37,Grade Celsius,
150,223.48,W/m^2,8:55:27,28/6/17,Day of week:,Wednesday,29.50,Grade Celsius,
134,219.10,W/m^2,8:55:30,28/6/17,Day of week:,Wednesday,29.56,Grade Celsius,
148,217.64,W/m^2,8:55:33,28/6/17,Day of week:,Wednesday,29.62,Grade Celsius,
137,213.25,W/m^2,8:55:36,28/6/17,Day of week:,Wednesday,29.19,Grade Celsius,
149,216.17,W/m^2,8:55:39,28/6/17,Day of week:,Wednesday,29.19,Grade Celsius,
147,222.02,W/m^2,8:55:42,28/6/17,Day of week:,Wednesday,29.06,Grade Celsius,
144,210.33,W/m^2,8:55:46,28/6/17,Day of week:,Wednesday,28.81,Grade Celsius,
140,210.33,W/m^2,8:55:49,28/6/17,Day of week:,Wednesday,28.62,Grade Celsius,
138,204.49,W/m^2,8:55:52,28/6/17,Day of week:,Wednesday,28.37,Grade Celsius,
139,204.49,W/m^2,8:55:55,28/6/17,Day of week:,Wednesday,28.19,Grade Celsius,
141,210.33,W/m^2,8:55:58,28/6/17,Day of week:,Wednesday,28.06,Grade Celsius,
132,213.25,W/m^2,8:56:01,28/6/17,Day of week:,Wednesday,28.00,Grade Celsius,
149,222.02,W/m^2,8:56:04,28/6/17,Day of week:,Wednesday,27.87,Grade Celsius,
156,233.70,W/m^2,8:56:07,28/6/17,Day of week:,Wednesday,27.87,Grade Celsius,
160,236.62,W/m^2,8:56:10,28/6/17,Day of week:,Wednesday,28.06,Grade Celsius,
160,236.62,W/m^2,8:56:13,28/6/17,Day of week:,Wednesday,28.19,Grade Celsius,
159,233.70,W/m^2,8:56:16,28/6/17,Day of week:,Wednesday,28.25,Grade Celsius,
155,233.70,W/m^2,8:56:19,28/6/17,Day of week:,Wednesday,28.31,Grade Celsius,
147,217.64,W/m^2,8:56:22,28/6/17,Day of week:,Wednesday,28.31,Grade Celsius,
150,233.70,W/m^2,8:56:25,28/6/17,Day of week:,Wednesday,28.25,Grade Celsius,
145,213.25,W/m^2,8:56:29,28/6/17,Day of week:,Wednesday,28.19,Grade Celsius,
143,213.25,W/m^2,8:56:32,28/6/17,Day of week:,Wednesday,28.19,Grade Celsius,
142,210.33,W/m^2,8:56:35,28/6/17,Day of week:,Wednesday,28.00,Grade Celsius,
133,198.65,W/m^2,8:56:38,28/6/17,Day of week:,Wednesday,27.81,Grade Celsius,
133,204.49,W/m^2,8:56:41,28/6/17,Day of week:,Wednesday,27.81,Grade Celsius,
139,201.57,W/m^2,8:56:44,28/6/17,Day of week:,Wednesday,27.87,Grade Celsius,
138,201.57,W/m^2,8:56:47,28/6/17,Day of week:,Wednesday,28.00,Grade Celsius,
148,205.95,W/m^2,8:56:50,28/6/17,Day of week:,Wednesday,28.06,Grade Celsius,
146,217.64,W/m^2,8:56:53,28/6/17,Day of week:,Wednesday,28.06,Grade Celsius,
149,219.10,W/m^2,8:56:56,28/6/17,Day of week:,Wednesday,27.81,Grade Celsius,
150,222.02,W/m^2,8:56:59,28/6/17,Day of week:,Wednesday,27.94,Grade Celsius,
147,222.02,W/m^2,8:57:02,28/6/17,Day of week:,Wednesday,28.00,Grade Celsius,
156,217.64,W/m^2,8:57:05,28/6/17,Day of week:,Wednesday,28.00,Grade Celsius,
142,210.33,W/m^2,8:57:08,28/6/17,Day of week:,Wednesday,27.75,Grade Celsius,
137,204.49,W/m^2,8:57:11,28/6/17,Day of week:,Wednesday,27.56,Grade Celsius,
136,198.65,W/m^2,8:57:14,28/6/17,Day of week:,Wednesday,27.37,Grade Celsius,
116,186.96,W/m^2,8:57:18,28/6/17,Day of week:,Wednesday,27.25,Grade Celsius,
135,198.65,W/m^2,8:57:21,28/6/17,Day of week:,Wednesday,27.25,Grade Celsius,
122,198.65,W/m^2,8:57:24,28/6/17,Day of week:,Wednesday,27.31,Grade Celsius,
136,201.57,W/m^2,8:57:27,28/6/17,Day of week:,Wednesday,27.44,Grade Celsius,
137,204.49,W/m^2,8:57:30,28/6/17,Day of week:,Wednesday,27.37,Grade Celsius,
138,204.49,W/m^2,8:57:33,28/6/17,Day of week:,Wednesday,27.37,Grade Celsius,
139,204.49,W/m^2,8:57:36,28/6/17,Day of week:,Wednesday,27.19,Grade Celsius,
140,210.33,W/m^2,8:57:39,28/6/17,Day of week:,Wednesday,27.00,Grade Celsius,
157,216.17,W/m^2,8:57:42,28/6/17,Day of week:,Wednesday,27.12,Grade Celsius,
144,213.25,W/m^2,8:57:45,28/6/17,Day of week:,Wednesday,27.31,Grade Celsius,
143,213.25,W/m^2,8:57:48,28/6/17,Day of week:,Wednesday,27.37,Grade Celsius,
144,211.79,W/m^2,8:57:51,28/6/17,Day of week:,Wednesday,27.31,Grade Celsius,
145,213.25,W/m^2,8:57:54,28/6/17,Day of week:,Wednesday,27.25,Grade Celsius,
143,210.33,W/m^2,8:57:57,28/6/17,Day of week:,Wednesday,27.44,Grade Celsius,
140,211.79,W/m^2,8:58:00,28/6/17,Day of week:,Wednesday,27.31,Grade Celsius,
145,210.33,W/m^2,8:58:04,28/6/17,Day of week:,Wednesday,27.37,Grade Celsius,
145,213.25,W/m^2,8:58:07,28/6/17,Day of week:,Wednesday,27.37,Grade Celsius,
151,214.71,W/m^2,8:58:10,28/6/17,Day of week:,Wednesday,27.25,Grade Celsius,
153,219.10,W/m^2,8:58:13,28/6/17,Day of week:,Wednesday,27.31,Grade Celsius,
152,222.02,W/m^2,8:58:16,28/6/17,Day of week:,Wednesday,27.37,Grade Celsius,
149,224.94,W/m^2,8:58:19,28/6/17,Day of week:,Wednesday,27.56,Grade Celsius,
158,223.48,W/m^2,8:58:22,28/6/17,Day of week:,Wednesday,27.69,Grade Celsius,
156,233.70,W/m^2,8:58:25,28/6/17,Day of week:,Wednesday,27.87,Grade Celsius,
169,245.39,W/m^2,8:58:28,28/6/17,Day of week:,Wednesday,28.12,Grade Celsius,
178,262.92,W/m^2,8:58:31,28/6/17,Day of week:,Wednesday,28.37,Grade Celsius,
192,280.44,W/m^2,8:58:34,28/6/17,Day of week:,Wednesday,28.62,Grade Celsius,
200,295.05,W/m^2,8:58:37,28/6/17,Day of week:,Wednesday,28.87,Grade Celsius,
203,297.97,W/m^2,8:58:40,28/6/17,Day of week:,Wednesday,29.12,Grade Celsius,
202,303.81,W/m^2,8:58:43,28/6/17,Day of week:,Wednesday,29.37,Grade Celsius,
197,287.75,W/m^2,8:58:46,28/6/17,Day of week:,Wednesday,29.44,Grade Celsius,
192,276.06,W/m^2,8:58:49,28/6/17,Day of week:,Wednesday,29.37,Grade Celsius,
187,274.60,W/m^2,8:58:53,28/6/17,Day of week:,Wednesday,29.25,Grade Celsius,
184,259.99,W/m^2,8:58:56,28/6/17,Day of week:,Wednesday,29.44,Grade Celsius,
178,264.38,W/m^2,8:58:59,28/6/17,Day of week:,Wednesday,29.37,Grade Celsius,
177,252.69,W/m^2,8:59:02,28/6/17,Day of week:,Wednesday,29.06,Grade Celsius,
175,257.07,W/m^2,8:59:05,28/6/17,Day of week:,Wednesday,28.87,Grade Celsius,
185,280.44,W/m^2,8:59:08,28/6/17,Day of week:,Wednesday,28.94,Grade Celsius,
182,259.99,W/m^2,8:59:11,28/6/17,Day of week:,Wednesday,29.00,Grade Celsius,
186,280.44,W/m^2,8:59:14,28/6/17,Day of week:,Wednesday,28.94,Grade Celsius,
188,270.22,W/m^2,8:59:17,28/6/17,Day of week:,Wednesday,29.06,Grade Celsius,
188,276.06,W/m^2,8:59:20,28/6/17,Day of week:,Wednesday,29.31,Grade Celsius,
184,271.68,W/m^2,8:59:23,28/6/17,Day of week:,Wednesday,29.19,Grade Celsius,
183,271.68,W/m^2,8:59:26,28/6/17,Day of week:,Wednesday,29.19,Grade Celsius,
188,268.76,W/m^2,8:59:29,28/6/17,Day of week:,Wednesday,29.19,Grade Celsius,
184,274.60,W/m^2,8:59:32,28/6/17,Day of week:,Wednesday,29.19,Grade Celsius,
183,274.60,W/m^2,8:59:35,28/6/17,Day of week:,Wednesday,29.00,Grade Celsius,
186,292.13,W/m^2,8:59:38,28/6/17,Day of week:,Wednesday,29.31,Grade Celsius,
185,268.76,W/m^2,8:59:42,28/6/17,Day of week:,Wednesday,29.00,Grade Celsius,
182,265.84,W/m^2,8:59:45,28/6/17,Day of week:,Wednesday,28.87,Grade Celsius,
179,249.77,W/m^2,8:59:48,28/6/17,Day of week:,Wednesday,28.62,Grade Celsius,
173,257.07,W/m^2,8:59:51,28/6/17,Day of week:,Wednesday,28.50,Grade Celsius,
171,252.69,W/m^2,8:59:54,28/6/17,Day of week:,Wednesday,28.44,Grade Celsius,
174,251.23,W/m^2,8:59:57,28/6/17,Day of week:,Wednesday,28.19,Grade Celsius,
167,245.39,W/m^2,9:00:00,28/6/17,Day of week:,Wednesday,27.94,Grade Celsius,
165,243.93,W/m^2,9:00:03,28/6/17,Day of week:,Wednesday,28.00,Grade Celsius,
165,223.48,W/m^2,9:00:06,28/6/17,Day of week:,Wednesday,27.94,Grade Celsius,
165,245.39,W/m^2,9:00:09,28/6/17,Day of week:,Wednesday,28.00,Grade Celsius,
172,252.69,W/m^2,9:00:12,28/6/17,Day of week:,Wednesday,28.12,Grade Celsius,
187,270.22,W/m^2,9:00:15,28/6/17,Day of week:,Wednesday,28.31,Grade Celsius,
190,286.29,W/m^2,9:00:18,28/6/17,Day of week:,Wednesday,28.25,Grade Celsius,
200,297.97,W/m^2,9:00:21,28/6/17,Day of week:,Wednesday,28.50,Grade Celsius,
205,297.97,W/m^2,9:00:24,28/6/17,Day of week:,Wednesday,28.56,Grade Celsius,
206,303.81,W/m^2,9:00:28,28/6/17,Day of week:,Wednesday,28.87,Grade Celsius,
210,297.97,W/m^2,9:00:31,28/6/17,Day of week:,Wednesday,28.81,Grade Celsius,
212,297.97,W/m^2,9:00:34,28/6/17,Day of week:,Wednesday,28.94,Grade Celsius,
210,315.50,W/m^2,9:00:37,28/6/17,Day of week:,Wednesday,28.87,Grade Celsius,
215,315.50,W/m^2,9:00:40,28/6/17,Day of week:,Wednesday,28.75,Grade Celsius,
219,327.18,W/m^2,9:00:43,28/6/17,Day of week:,Wednesday,28.81,Grade Celsius,
213,328.64,W/m^2,9:00:46,28/6/17,Day of week:,Wednesday,28.87,Grade Celsius,
226,330.10,W/m^2,9:00:49,28/6/17,Day of week:,Wednesday,28.87,Grade Celsius,
225,350.55,W/m^2,9:00:52,28/6/17,Day of week:,Wednesday,29.00,Grade Celsius,
224,330.10,W/m^2,9:00:55,28/6/17,Day of week:,Wednesday,29.25,Grade Celsius,
219,335.95,W/m^2,9:00:58,28/6/17,Day of week:,Wednesday,29.31,Grade Celsius,
224,334.49,W/m^2,9:01:01,28/6/17,Day of week:,Wednesday,29.37,Grade Celsius,
227,333.03,W/m^2,9:01:04,28/6/17,Day of week:,Wednesday,29.50,Grade Celsius,
225,328.64,W/m^2,9:01:07,28/6/17,Day of week:,Wednesday,29.50,Grade Celsius,
224,338.87,W/m^2,9:01:10,28/6/17,Day of week:,Wednesday,29.44,Grade Celsius,
229,335.95,W/m^2,9:01:14,28/6/17,Day of week:,Wednesday,29.75,Grade Celsius,
226,333.03,W/m^2,9:01:17,28/6/17,Day of week:,Wednesday,29.44,Grade Celsius,
227,333.03,W/m^2,9:01:20,28/6/17,Day of week:,Wednesday,29.19,Grade Celsius,
226,335.95,W/m^2,9:01:23,28/6/17,Day of week:,Wednesday,29.37,Grade Celsius,
226,333.03,W/m^2,9:01:26,28/6/17,Day of week:,Wednesday,29.19,Grade Celsius,
226,333.03,W/m^2,9:01:29,28/6/17,Day of week:,Wednesday,29.12,Grade Celsius,
227,334.49,W/m^2,9:01:32,28/6/17,Day of week:,Wednesday,29.19,Grade Celsius,
214,334.49,W/m^2,9:01:35,28/6/17,Day of week:,Wednesday,29.25,Grade Celsius,
227,333.03,W/m^2,9:01:38,28/6/17,Day of week:,Wednesday,29.00,Grade Celsius,
233,334.49,W/m^2,9:01:41,28/6/17,Day of week:,Wednesday,29.06,Grade Celsius,
228,335.95,W/m^2,9:01:44,28/6/17,Day of week:,Wednesday,29.37,Grade Celsius,
227,338.87,W/m^2,9:01:47,28/6/17,Day of week:,Wednesday,29.62,Grade Celsius,
235,335.95,W/m^2,9:01:50,28/6/17,Day of week:,Wednesday,29.81,Grade Celsius,
229,335.95,W/m^2,9:01:54,28/6/17,Day of week:,Wednesday,30.00,Grade Celsius,
227,333.03,W/m^2,9:01:57,28/6/17,Day of week:,Wednesday,29.87,Grade Celsius,
227,334.49,W/m^2,9:02:00,28/6/17,Day of week:,Wednesday,29.81,Grade Celsius,
229,330.10,W/m^2,9:02:03,28/6/17,Day of week:,Wednesday,30.12,Grade Celsius,
228,333.03,W/m^2,9:02:06,28/6/17,Day of week:,Wednesday,30.37,Grade Celsius,
215,328.64,W/m^2,9:02:09,28/6/17,Day of week:,Wednesday,30.44,Grade Celsius,
226,327.18,W/m^2,9:02:12,28/6/17,Day of week:,Wednesday,30.69,Grade Celsius,
223,315.50,W/m^2,9:02:15,28/6/17,Day of week:,Wednesday,30.94,Grade Celsius,
219,321.34,W/m^2,9:02:18,28/6/17,Day of week:,Wednesday,30.94,Grade Celsius,
215,315.50,W/m^2,9:02:21,28/6/17,Day of week:,Wednesday,31.00,Grade Celsius,
213,312.58,W/m^2,9:02:24,28/6/17,Day of week:,Wednesday,31.31,Grade Celsius,
213,308.20,W/m^2,9:02:27,28/6/17,Day of week:,Wednesday,31.37,Grade Celsius,
210,306.73,W/m^2,9:02:30,28/6/17,Day of week:,Wednesday,31.19,Grade Celsius,
213,314.04,W/m^2,9:02:33,28/6/17,Day of week:,Wednesday,31.37,Grade Celsius,
215,318.42,W/m^2,9:02:36,28/6/17,Day of week:,Wednesday,30.94,Grade Celsius,
219,322.80,W/m^2,9:02:39,28/6/17,Day of week:,Wednesday,30.81,Grade Celsius,
213,318.42,W/m^2,9:02:43,28/6/17,Day of week:,Wednesday,30.12,Grade Celsius,
217,322.80,W/m^2,9:02:46,28/6/17,Day of week:,Wednesday,30.12,Grade Celsius,
218,319.88,W/m^2,9:02:49,28/6/17,Day of week:,Wednesday,30.06,Grade Celsius,
219,315.50,W/m^2,9:02:52,28/6/17,Day of week:,Wednesday,30.25,Grade Celsius,
207,327.18,W/m^2,9:02:55,28/6/17,Day of week:,Wednesday,30.19,Grade Celsius,
218,322.80,W/m^2,9:02:58,28/6/17,Day of week:,Wednesday,30.19,Grade Celsius,
218,316.96,W/m^2,9:03:01,28/6/17,Day of week:,Wednesday,30.44,Grade Celsius,
209,309.66,W/m^2,9:03:04,28/6/17,Day of week:,Wednesday,30.50,Grade Celsius,
209,305.27,W/m^2,9:03:07,28/6/17,Day of week:,Wednesday,30.62,Grade Celsius,
207,318.42,W/m^2,9:03:10,28/6/17,Day of week:,Wednesday,30.87,Grade Celsius,
208,314.04,W/m^2,9:03:13,28/6/17,Day of week:,Wednesday,30.56,Grade Celsius,
211,297.97,W/m^2,9:03:16,28/6/17,Day of week:,Wednesday,30.31,Grade Celsius,
212,309.66,W/m^2,9:03:19,28/6/17,Day of week:,Wednesday,30.50,Grade Celsius,
201,308.20,W/m^2,9:03:22,28/6/17,Day of week:,Wednesday,30.62,Grade Celsius,
211,309.66,W/m^2,9:03:25,28/6/17,Day of week:,Wednesday,30.50,Grade Celsius,
211,295.05,W/m^2,9:03:29,28/6/17,Day of week:,Wednesday,30.12,Grade Celsius,
222,315.50,W/m^2,9:03:32,28/6/17,Day of week:,Wednesday,30.25,Grade Celsius,
215,316.96,W/m^2,9:03:35,28/6/17,Day of week:,Wednesday,30.00,Grade Celsius,
216,316.96,W/m^2,9:03:38,28/6/17,Day of week:,Wednesday,29.62,Grade Celsius,
216,316.96,W/m^2,9:03:41,28/6/17,Day of week:,Wednesday,29.37,Grade Celsius,
212,312.58,W/m^2,9:03:44,28/6/17,Day of week:,Wednesday,29.19,Grade Celsius,
211,309.66,W/m^2,9:03:47,28/6/17,Day of week:,Wednesday,29.00,Grade Celsius,
209,303.81,W/m^2,9:03:50,28/6/17,Day of week:,Wednesday,28.81,Grade Celsius,
202,297.97,W/m^2,9:03:53,28/6/17,Day of week:,Wednesday,28.81,Grade Celsius,
201,292.13,W/m^2,9:03:56,28/6/17,Day of week:,Wednesday,28.62,Grade Celsius,
191,286.29,W/m^2,9:03:59,28/6/17,Day of week:,Wednesday,28.69,Grade Celsius,
195,268.76,W/m^2,9:04:02,28/6/17,Day of week:,Wednesday,28.44,Grade Celsius,
175,239.54,W/m^2,9:04:05,28/6/17,Day of week:,Wednesday,28.44,Grade Celsius,
163,245.39,W/m^2,9:04:08,28/6/17,Day of week:,Wednesday,28.50,Grade Celsius,
144,227.86,W/m^2,9:04:11,28/6/17,Day of week:,Wednesday,28.69,Grade Celsius,
154,216.17,W/m^2,9:04:14,28/6/17,Day of week:,Wednesday,28.62,Grade Celsius,
139,201.57,W/m^2,9:04:18,28/6/17,Day of week:,Wednesday,28.69,Grade Celsius,
126,185.50,W/m^2,9:04:21,28/6/17,Day of week:,Wednesday,28.87,Grade Celsius,
117,175.28,W/m^2,9:04:24,28/6/17,Day of week:,Wednesday,28.81,Grade Celsius,
119,166.51,W/m^2,9:04:27,28/6/17,Day of week:,Wednesday,29.00,Grade Celsius,
106,165.05,W/m^2,9:04:30,28/6/17,Day of week:,Wednesday,29.12,Grade Celsius,
104,154.83,W/m^2,9:04:33,28/6/17,Day of week:,Wednesday,29.19,Grade Celsius,
112,156.29,W/m^2,9:04:36,28/6/17,Day of week:,Wednesday,29.31,Grade Celsius,
110,157.75,W/m^2,9:04:39,28/6/17,Day of week:,Wednesday,29.44,Grade Celsius,
111,163.59,W/m^2,9:04:42,28/6/17,Day of week:,Wednesday,29.44,Grade Celsius,
117,175.28,W/m^2,9:04:45,28/6/17,Day of week:,Wednesday,29.19,Grade Celsius,
119,175.28,W/m^2,9:04:48,28/6/17,Day of week:,Wednesday,29.25,Grade Celsius,
119,186.96,W/m^2,9:04:51,28/6/17,Day of week:,Wednesday,29.31,Grade Celsius,
117,175.28,W/m^2,9:04:54,28/6/17,Day of week:,Wednesday,29.25,Grade Celsius,
115,170.89,W/m^2,9:04:57,28/6/17,Day of week:,Wednesday,29.12,Grade Celsius,
113,165.05,W/m^2,9:05:00,28/6/17,Day of week:,Wednesday,29.06,Grade Celsius,
111,163.59,W/m^2,9:05:04,28/6/17,Day of week:,Wednesday,28.87,Grade Celsius,
112,159.21,W/m^2,9:05:07,28/6/17,Day of week:,Wednesday,28.69,Grade Celsius,
108,163.59,W/m^2,9:05:10,28/6/17,Day of week:,Wednesday,28.50,Grade Celsius,
112,163.59,W/m^2,9:05:13,28/6/17,Day of week:,Wednesday,28.44,Grade Celsius,
115,167.97,W/m^2,9:05:16,28/6/17,Day of week:,Wednesday,28.12,Grade Celsius,
114,169.43,W/m^2,9:05:19,28/6/17,Day of week:,Wednesday,28.12,Grade Celsius,
128,178.20,W/m^2,9:05:22,28/6/17,Day of week:,Wednesday,28.19,Grade Celsius,
110,172.36,W/m^2,9:05:25,28/6/17,Day of week:,Wednesday,28.12,Grade Celsius,
102,175.28,W/m^2,9:05:28,28/6/17,Day of week:,Wednesday,28.19,Grade Celsius,
115,153.37,W/m^2,9:05:31,28/6/17,Day of week:,Wednesday,28.06,Grade Celsius,
119,169.43,W/m^2,9:05:34,28/6/17,Day of week:,Wednesday,28.25,Grade Celsius,
122,163.59,W/m^2,9:05:37,28/6/17,Day of week:,Wednesday,28.00,Grade Celsius,
108,163.59,W/m^2,9:05:40,28/6/17,Day of week:,Wednesday,27.62,Grade Celsius,
106,157.75,W/m^2,9:05:43,28/6/17,Day of week:,Wednesday,27.69,Grade Celsius,
104,163.59,W/m^2,9:05:46,28/6/17,Day of week:,Wednesday,27.44,Grade Celsius,
103,154.83,W/m^2,9:05:50,28/6/17,Day of week:,Wednesday,27.31,Grade Celsius,
100,151.91,W/m^2,9:05:53,28/6/17,Day of week:,Wednesday,27.06,Grade Celsius,
103,151.91,W/m^2,9:05:56,28/6/17,Day of week:,Wednesday,27.06,Grade Celsius,
103,153.37,W/m^2,9:05:59,28/6/17,Day of week:,Wednesday,27.00,Grade Celsius,
106,135.84,W/m^2,9:06:02,28/6/17,Day of week:,Wednesday,27.00,Grade Celsius,
109,157.75,W/m^2,9:06:05,28/6/17,Day of week:,Wednesday,27.06,Grade Celsius,
111,163.59,W/m^2,9:06:08,28/6/17,Day of week:,Wednesday,27.00,Grade Celsius,
110,169.43,W/m^2,9:06:11,28/6/17,Day of week:,Wednesday,27.06,Grade Celsius,
118,175.28,W/m^2,9:06:14,28/6/17,Day of week:,Wednesday,27.00,Grade Celsius,
124,186.96,W/m^2,9:06:17,28/6/17,Day of week:,Wednesday,26.94,Grade Celsius,
122,201.57,W/m^2,9:06:20,28/6/17,Day of week:,Wednesday,27.19,Grade Celsius,
147,210.33,W/m^2,9:06:23,28/6/17,Day of week:,Wednesday,27.31,Grade Celsius,
148,222.02,W/m^2,9:06:26,28/6/17,Day of week:,Wednesday,27.37,Grade Celsius,
146,204.49,W/m^2,9:06:29,28/6/17,Day of week:,Wednesday,27.37,Grade Celsius,
138,204.49,W/m^2,9:06:32,28/6/17,Day of week:,Wednesday,27.50,Grade Celsius,
124,186.96,W/m^2,9:06:35,28/6/17,Day of week:,Wednesday,27.62,Grade Celsius,
114,167.97,W/m^2,9:06:39,28/6/17,Day of week:,Wednesday,27.75,Grade Celsius,
106,151.91,W/m^2,9:06:42,28/6/17,Day of week:,Wednesday,27.69,Grade Celsius,
101,140.22,W/m^2,9:06:45,28/6/17,Day of week:,Wednesday,27.56,Grade Celsius,
97,159.21,W/m^2,9:06:48,28/6/17,Day of week:,Wednesday,27.56,Grade Celsius,
96,143.14,W/m^2,9:06:51,28/6/17,Day of week:,Wednesday,27.31,Grade Celsius,
94,140.22,W/m^2,9:06:54,28/6/17,Day of week:,Wednesday,27.37,Grade Celsius,
91,134.38,W/m^2,9:06:57,28/6/17,Day of week:,Wednesday,27.25,Grade Celsius,
87,128.54,W/m^2,9:07:00,28/6/17,Day of week:,Wednesday,27.31,Grade Celsius,
85,121.23,W/m^2,9:07:03,28/6/17,Day of week:,Wednesday,27.31,Grade Celsius,
83,128.54,W/m^2,9:07:06,28/6/17,Day of week:,Wednesday,27.31,Grade Celsius,
84,124.15,W/m^2,9:07:09,28/6/17,Day of week:,Wednesday,27.31,Grade Celsius,
80,140.22,W/m^2,9:07:12,28/6/17,Day of week:,Wednesday,27.31,Grade Celsius,
99,131.46,W/m^2,9:07:15,28/6/17,Day of week:,Wednesday,27.25,Grade Celsius,
93,140.22,W/m^2,9:07:18,28/6/17,Day of week:,Wednesday,27.19,Grade Celsius,
125,198.65,W/m^2,9:07:22,28/6/17,Day of week:,Wednesday,27.12,Grade Celsius,
157,235.16,W/m^2,9:07:25,28/6/17,Day of week:,Wednesday,27.00,Grade Celsius,
187,268.76,W/m^2,9:07:28,28/6/17,Day of week:,Wednesday,27.19,Grade Celsius,
203,318.42,W/m^2,9:07:31,28/6/17,Day of week:,Wednesday,27.37,Grade Celsius,
226,340.33,W/m^2,9:07:34,28/6/17,Day of week:,Wednesday,27.44,Grade Celsius,
237,350.55,W/m^2,9:07:37,28/6/17,Day of week:,Wednesday,27.62,Grade Celsius,
242,357.86,W/m^2,9:07:40,28/6/17,Day of week:,Wednesday,27.75,Grade Celsius,
247,362.24,W/m^2,9:07:43,28/6/17,Day of week:,Wednesday,27.94,Grade Celsius,
246,362.24,W/m^2,9:07:46,28/6/17,Day of week:,Wednesday,28.25,Grade Celsius,
245,362.24,W/m^2,9:07:49,28/6/17,Day of week:,Wednesday,28.44,Grade Celsius,
248,363.70,W/m^2,9:07:52,28/6/17,Day of week:,Wednesday,28.44,Grade Celsius,
249,382.69,W/m^2,9:07:55,28/6/17,Day of week:,Wednesday,28.44,Grade Celsius,
235,368.08,W/m^2,9:07:58,28/6/17,Day of week:,Wednesday,28.62,Grade Celsius,
245,368.08,W/m^2,9:08:01,28/6/17,Day of week:,Wednesday,28.81,Grade Celsius,
236,341.79,W/m^2,9:08:04,28/6/17,Day of week:,Wednesday,29.00,Grade Celsius,
225,333.03,W/m^2,9:08:07,28/6/17,Day of week:,Wednesday,29.12,Grade Celsius,
221,330.10,W/m^2,9:08:11,28/6/17,Day of week:,Wednesday,29.12,Grade Celsius,
201,296.51,W/m^2,9:08:14,28/6/17,Day of week:,Wednesday,29.12,Grade Celsius,
188,286.29,W/m^2,9:08:17,28/6/17,Day of week:,Wednesday,28.87,Grade Celsius,
192,286.29,W/m^2,9:08:20,28/6/17,Day of week:,Wednesday,28.87,Grade Celsius,
188,259.99,W/m^2,9:08:23,28/6/17,Day of week:,Wednesday,28.75,Grade Celsius,
182,268.76,W/m^2,9:08:26,28/6/17,Day of week:,Wednesday,28.87,Grade Celsius,
177,241.01,W/m^2,9:08:29,28/6/17,Day of week:,Wednesday,28.62,Grade Celsius,
171,251.23,W/m^2,9:08:32,28/6/17,Day of week:,Wednesday,28.62,Grade Celsius,
165,245.39,W/m^2,9:08:35,28/6/17,Day of week:,Wednesday,28.50,Grade Celsius,
166,242.47,W/m^2,9:08:38,28/6/17,Day of week:,Wednesday,28.37,Grade Celsius,
160,233.70,W/m^2,9:08:41,28/6/17,Day of week:,Wednesday,28.56,Grade Celsius,
158,229.32,W/m^2,9:08:44,28/6/17,Day of week:,Wednesday,28.37,Grade Celsius,
164,239.54,W/m^2,9:08:47,28/6/17,Day of week:,Wednesday,28.37,Grade Celsius,
169,271.68,W/m^2,9:08:50,28/6/17,Day of week:,Wednesday,28.19,Grade Celsius,
190,259.99,W/m^2,9:08:53,28/6/17,Day of week:,Wednesday,28.06,Grade Celsius,
179,268.76,W/m^2,9:08:56,28/6/17,Day of week:,Wednesday,28.25,Grade Celsius,
185,270.22,W/m^2,9:09:00,28/6/17,Day of week:,Wednesday,28.44,Grade Celsius,
192,281.90,W/m^2,9:09:03,28/6/17,Day of week:,Wednesday,28.62,Grade Celsius,
203,297.97,W/m^2,9:09:06,28/6/17,Day of week:,Wednesday,28.69,Grade Celsius,
214,321.34,W/m^2,9:09:09,28/6/17,Day of week:,Wednesday,28.94,Grade Celsius,
232,341.79,W/m^2,9:09:12,28/6/17,Day of week:,Wednesday,29.19,Grade Celsius,
241,354.94,W/m^2,9:09:15,28/6/17,Day of week:,Wednesday,29.19,Grade Celsius,
245,341.79,W/m^2,9:09:18,28/6/17,Day of week:,Wednesday,29.12,Grade Celsius,
249,362.24,W/m^2,9:09:21,28/6/17,Day of week:,Wednesday,29.25,Grade Celsius,
247,362.24,W/m^2,9:09:24,28/6/17,Day of week:,Wednesday,29.44,Grade Celsius,
244,362.24,W/m^2,9:09:27,28/6/17,Day of week:,Wednesday,29.44,Grade Celsius,
245,362.24,W/m^2,9:09:30,28/6/17,Day of week:,Wednesday,29.25,Grade Celsius,
244,341.79,W/m^2,9:09:33,28/6/17,Day of week:,Wednesday,29.12,Grade Celsius,
245,362.24,W/m^2,9:09:36,28/6/17,Day of week:,Wednesday,29.12,Grade Celsius,
247,385.61,W/m^2,9:09:39,28/6/17,Day of week:,Wednesday,29.37,Grade Celsius,
248,381.23,W/m^2,9:09:42,28/6/17,Day of week:,Wednesday,29.31,Grade Celsius,
247,368.08,W/m^2,9:09:46,28/6/17,Day of week:,Wednesday,29.62,Grade Celsius,
245,365.16,W/m^2,9:09:49,28/6/17,Day of week:,Wednesday,29.87,Grade Celsius,
256,365.16,W/m^2,9:09:52,28/6/17,Day of week:,Wednesday,30.06,Grade Celsius,
250,365.16,W/m^2,9:09:55,28/6/17,Day of week:,Wednesday,30.25,Grade Celsius,
263,363.70,W/m^2,9:09:58,28/6/17,Day of week:,Wednesday,30.50,Grade Celsius,
248,350.55,W/m^2,9:10:01,28/6/17,Day of week:,Wednesday,30.31,Grade Celsius,
235,357.86,W/m^2,9:10:04,28/6/17,Day of week:,Wednesday,30.19,Grade Celsius,
261,365.16,W/m^2,9:10:07,28/6/17,Day of week:,Wednesday,30.50,Grade Celsius,
247,363.70,W/m^2,9:10:10,28/6/17,Day of week:,Wednesday,30.62,Grade Celsius,
246,366.62,W/m^2,9:10:13,28/6/17,Day of week:,Wednesday,30.81,Grade Celsius,
249,384.15,W/m^2,9:10:16,28/6/17,Day of week:,Wednesday,30.81,Grade Celsius,
235,360.78,W/m^2,9:10:19,28/6/17,Day of week:,Wednesday,30.94,Grade Celsius,
247,363.70,W/m^2,9:10:22,28/6/17,Day of week:,Wednesday,30.87,Grade Celsius,
249,363.70,W/m^2,9:10:25,28/6/17,Day of week:,Wednesday,31.06,Grade Celsius,
235,362.24,W/m^2,9:10:28,28/6/17,Day of week:,Wednesday,31.00,Grade Celsius,
240,363.70,W/m^2,9:10:32,28/6/17,Day of week:,Wednesday,30.81,Grade Celsius,
245,382.69,W/m^2,9:10:35,28/6/17,Day of week:,Wednesday,30.75,Grade Celsius,
245,362.24,W/m^2,9:10:38,28/6/17,Day of week:,Wednesday,30.69,Grade Celsius,
247,362.24,W/m^2,9:10:41,28/6/17,Day of week:,Wednesday,30.31,Grade Celsius,
246,362.24,W/m^2,9:10:44,28/6/17,Day of week:,Wednesday,30.06,Grade Celsius,
248,363.70,W/m^2,9:10:47,28/6/17,Day of week:,Wednesday,29.62,Grade Celsius,
244,362.24,W/m^2,9:10:50,28/6/17,Day of week:,Wednesday,29.56,Grade Celsius,
245,362.24,W/m^2,9:10:53,28/6/17,Day of week:,Wednesday,29.56,Grade Celsius,
245,362.24,W/m^2,9:10:56,28/6/17,Day of week:,Wednesday,29.25,Grade Celsius,
246,365.16,W/m^2,9:10:59,28/6/17,Day of week:,Wednesday,29.06,Grade Celsius,
250,363.70,W/m^2,9:11:02,28/6/17,Day of week:,Wednesday,28.75,Grade Celsius,
248,365.16,W/m^2,9:11:05,28/6/17,Day of week:,Wednesday,28.62,Grade Celsius,
250,365.16,W/m^2,9:11:08,28/6/17,Day of week:,Wednesday,28.50,Grade Celsius,
255,387.07,W/m^2,9:11:11,28/6/17,Day of week:,Wednesday,28.75,Grade Celsius,
253,369.54,W/m^2,9:11:14,28/6/17,Day of week:,Wednesday,28.87,Grade Celsius,
252,373.92,W/m^2,9:11:17,28/6/17,Day of week:,Wednesday,29.06,Grade Celsius,
264,368.08,W/m^2,9:11:21,28/6/17,Day of week:,Wednesday,28.94,Grade Celsius,
253,368.08,W/m^2,9:11:24,28/6/17,Day of week:,Wednesday,29.19,Grade Celsius,
252,368.08,W/m^2,9:11:27,28/6/17,Day of week:,Wednesday,29.37,Grade Celsius,
253,371.00,W/m^2,9:11:30,28/6/17,Day of week:,Wednesday,29.31,Grade Celsius,
254,357.86,W/m^2,9:11:33,28/6/17,Day of week:,Wednesday,29.31,Grade Celsius,
254,373.92,W/m^2,9:11:36,28/6/17,Day of week:,Wednesday,29.25,Grade Celsius,
253,372.46,W/m^2,9:11:39,28/6/17,Day of week:,Wednesday,29.12,Grade Celsius,
254,369.54,W/m^2,9:11:42,28/6/17,Day of week:,Wednesday,29.19,Grade Celsius,
253,371.00,W/m^2,9:11:45,28/6/17,Day of week:,Wednesday,29.12,Grade Celsius,
253,373.92,W/m^2,9:11:48,28/6/17,Day of week:,Wednesday,29.19,Grade Celsius,
255,373.92,W/m^2,9:11:51,28/6/17,Day of week:,Wednesday,29.25,Grade Celsius,
254,354.94,W/m^2,9:11:54,28/6/17,Day of week:,Wednesday,29.31,Grade Celsius,
267,375.38,W/m^2,9:11:57,28/6/17,Day of week:,Wednesday,29.44,Grade Celsius,
256,373.92,W/m^2,9:12:00,28/6/17,Day of week:,Wednesday,29.12,Grade Celsius,
244,382.69,W/m^2,9:12:03,28/6/17,Day of week:,Wednesday,28.94,Grade Celsius,
257,376.85,W/m^2,9:12:07,28/6/17,Day of week:,Wednesday,28.81,Grade Celsius,
256,378.31,W/m^2,9:12:10,28/6/17,Day of week:,Wednesday,28.87,Grade Celsius,
260,376.85,W/m^2,9:12:13,28/6/17,Day of week:,Wednesday,28.87,Grade Celsius,
256,379.77,W/m^2,9:12:16,28/6/17,Day of week:,Wednesday,28.94,Grade Celsius,
263,385.61,W/m^2,9:12:19,28/6/17,Day of week:,Wednesday,29.06,Grade Celsius,
257,382.69,W/m^2,9:12:22,28/6/17,Day of week:,Wednesday,29.37,Grade Celsius,
258,382.69,W/m^2,9:12:25,28/6/17,Day of week:,Wednesday,29.31,Grade Celsius,
259,371.00,W/m^2,9:12:28,28/6/17,Day of week:,Wednesday,29.37,Grade Celsius,
253,375.38,W/m^2,9:12:31,28/6/17,Day of week:,Wednesday,29.69,Grade Celsius,
263,381.23,W/m^2,9:12:34,28/6/17,Day of week:,Wednesday,29.56,Grade Celsius,
267,379.77,W/m^2,9:12:37,28/6/17,Day of week:,Wednesday,29.56,Grade Celsius,
269,381.23,W/m^2,9:12:40,28/6/17,Day of week:,Wednesday,29.75,Grade Celsius,
258,382.69,W/m^2,9:12:43,28/6/17,Day of week:,Wednesday,30.00,Grade Celsius,
259,382.69,W/m^2,9:12:47,28/6/17,Day of week:,Wednesday,30.12,Grade Celsius,
262,385.61,W/m^2,9:12:50,28/6/17,Day of week:,Wednesday,30.25,Grade Celsius,
263,365.16,W/m^2,9:12:53,28/6/17,Day of week:,Wednesday,30.19,Grade Celsius,
263,385.61,W/m^2,9:12:56,28/6/17,Day of week:,Wednesday,29.69,Grade Celsius,
262,365.16,W/m^2,9:12:59,28/6/17,Day of week:,Wednesday,29.37,Grade Celsius,
264,388.53,W/m^2,9:13:02,28/6/17,Day of week:,Wednesday,29.62,Grade Celsius,
264,389.99,W/m^2,9:13:05,28/6/17,Day of week:,Wednesday,29.44,Grade Celsius,
272,376.85,W/m^2,9:13:08,28/6/17,Day of week:,Wednesday,29.44,Grade Celsius,
273,391.45,W/m^2,9:13:11,28/6/17,Day of week:,Wednesday,29.44,Grade Celsius,
254,391.45,W/m^2,9:13:14,28/6/17,Day of week:,Wednesday,29.69,Grade Celsius,
266,385.61,W/m^2,9:13:17,28/6/17,Day of week:,Wednesday,29.62,Grade Celsius,
267,397.29,W/m^2,9:13:20,28/6/17,Day of week:,Wednesday,29.87,Grade Celsius,
265,379.77,W/m^2,9:13:23,28/6/17,Day of week:,Wednesday,30.00,Grade Celsius,
266,391.45,W/m^2,9:13:26,28/6/17,Day of week:,Wednesday,29.87,Grade Celsius,
267,392.91,W/m^2,9:13:29,28/6/17,Day of week:,Wednesday,29.75,Grade Celsius,
269,397.29,W/m^2,9:13:32,28/6/17,Day of week:,Wednesday,29.75,Grade Celsius,
269,392.91,W/m^2,9:13:36,28/6/17,Day of week:,Wednesday,29.87,Grade Celsius,
268,408.98,W/m^2,9:13:39,28/6/17,Day of week:,Wednesday,30.12,Grade Celsius,
268,392.91,W/m^2,9:13:42,28/6/17,Day of week:,Wednesday,30.37,Grade Celsius,
267,392.91,W/m^2,9:13:45,28/6/17,Day of week:,Wednesday,30.62,Grade Celsius,
268,392.91,W/m^2,9:13:48,28/6/17,Day of week:,Wednesday,30.69,Grade Celsius,
269,387.07,W/m^2,9:13:51,28/6/17,Day of week:,Wednesday,30.69,Grade Celsius,
272,406.06,W/m^2,9:13:54,28/6/17,Day of week:,Wednesday,30.69,Grade Celsius,
269,397.29,W/m^2,9:13:57,28/6/17,Day of week:,Wednesday,30.62,Grade Celsius,
270,400.22,W/m^2,9:14:00,28/6/17,Day of week:,Wednesday,30.50,Grade Celsius,
270,400.22,W/m^2,9:14:03,28/6/17,Day of week:,Wednesday,30.87,Grade Celsius,
262,400.22,W/m^2,9:14:06,28/6/17,Day of week:,Wednesday,31.06,Grade Celsius,
271,397.29,W/m^2,9:14:09,28/6/17,Day of week:,Wednesday,31.25,Grade Celsius,
272,403.14,W/m^2,9:14:12,28/6/17,Day of week:,Wednesday,31.44,Grade Celsius,
273,400.22,W/m^2,9:14:15,28/6/17,Day of week:,Wednesday,31.44,Grade Celsius,
265,403.14,W/m^2,9:14:18,28/6/17,Day of week:,Wednesday,31.69,Grade Celsius,
275,404.60,W/m^2,9:14:22,28/6/17,Day of week:,Wednesday,31.56,Grade Celsius,
276,420.66,W/m^2,9:14:25,28/6/17,Day of week:,Wednesday,31.87,Grade Celsius,
276,404.60,W/m^2,9:14:28,28/6/17,Day of week:,Wednesday,31.75,Grade Celsius,
277,406.06,W/m^2,9:14:31,28/6/17,Day of week:,Wednesday,31.94,Grade Celsius,
277,404.60,W/m^2,9:14:34,28/6/17,Day of week:,Wednesday,32.19,Grade Celsius,
288,408.98,W/m^2,9:14:37,28/6/17,Day of week:,Wednesday,32.06,Grade Celsius,
277,406.06,W/m^2,9:14:40,28/6/17,Day of week:,Wednesday,32.19,Grade Celsius,
281,406.06,W/m^2,9:14:43,28/6/17,Day of week:,Wednesday,32.38,Grade Celsius,
278,404.60,W/m^2,9:14:46,28/6/17,Day of week:,Wednesday,32.63,Grade Celsius,
277,392.91,W/m^2,9:14:49,28/6/17,Day of week:,Wednesday,32.75,Grade Celsius,
279,406.06,W/m^2,9:14:52,28/6/17,Day of week:,Wednesday,32.31,Grade Celsius,
279,407.52,W/m^2,9:14:55,28/6/17,Day of week:,Wednesday,32.25,Grade Celsius,
278,408.98,W/m^2,9:14:58,28/6/17,Day of week:,Wednesday,32.13,Grade Celsius,
279,411.90,W/m^2,9:15:01,28/6/17,Day of week:,Wednesday,32.25,Grade Celsius,
289,408.98,W/m^2,9:15:04,28/6/17,Day of week:,Wednesday,31.81,Grade Celsius,
280,411.90,W/m^2,9:15:07,28/6/17,Day of week:,Wednesday,31.94,Grade Celsius,
281,391.45,W/m^2,9:15:11,28/6/17,Day of week:,Wednesday,32.19,Grade Celsius,
280,411.90,W/m^2,9:15:14,28/6/17,Day of week:,Wednesday,32.25,Grade Celsius,
279,413.36,W/m^2,9:15:17,28/6/17,Day of week:,Wednesday,32.00,Grade Celsius,
280,413.36,W/m^2,9:15:20,28/6/17,Day of week:,Wednesday,31.75,Grade Celsius,
293,414.82,W/m^2,9:15:23,28/6/17,Day of week:,Wednesday,31.87,Grade Celsius,
282,404.60,W/m^2,9:15:26,28/6/17,Day of week:,Wednesday,32.00,Grade Celsius,
281,413.36,W/m^2,9:15:29,28/6/17,Day of week:,Wednesday,31.37,Grade Celsius,
276,416.28,W/m^2,9:15:32,28/6/17,Day of week:,Wednesday,31.19,Grade Celsius,
285,413.36,W/m^2,9:15:35,28/6/17,Day of week:,Wednesday,31.37,Grade Celsius,
269,413.36,W/m^2,9:15:38,28/6/17,Day of week:,Wednesday,31.31,Grade Celsius,
283,414.82,W/m^2,9:15:41,28/6/17,Day of week:,Wednesday,31.50,Grade Celsius,
280,408.98,W/m^2,9:15:44,28/6/17,Day of week:,Wednesday,31.62,Grade Celsius,
277,408.98,W/m^2,9:15:47,28/6/17,Day of week:,Wednesday,31.62,Grade Celsius,
280,408.98,W/m^2,9:15:50,28/6/17,Day of week:,Wednesday,31.44,Grade Celsius,
277,404.60,W/m^2,9:15:53,28/6/17,Day of week:,Wednesday,31.00,Grade Celsius,
275,403.14,W/m^2,9:15:57,28/6/17,Day of week:,Wednesday,30.69,Grade Celsius,
273,400.22,W/m^2,9:16:00,28/6/17,Day of week:,Wednesday,30.37,Grade Celsius,
266,391.45,W/m^2,9:16:03,28/6/17,Day of week:,Wednesday,30.37,Grade Celsius,
258,387.07,W/m^2,9:16:06,28/6/17,Day of week:,Wednesday,30.62,Grade Celsius,
245,362.24,W/m^2,9:16:09,28/6/17,Day of week:,Wednesday,30.81,Grade Celsius,
245,354.94,W/m^2,9:16:12,28/6/17,Day of week:,Wednesday,30.94,Grade Celsius,
237,346.17,W/m^2,9:16:15,28/6/17,Day of week:,Wednesday,30.81,Grade Celsius,
223,335.95,W/m^2,9:16:18,28/6/17,Day of week:,Wednesday,31.00,Grade Celsius,
226,333.03,W/m^2,9:16:21,28/6/17,Day of week:,Wednesday,30.75,Grade Celsius,
229,344.71,W/m^2,9:16:24,28/6/17,Day of week:,Wednesday,30.75,Grade Celsius,
226,333.03,W/m^2,9:16:27,28/6/17,Day of week:,Wednesday,30.81,Grade Celsius,
230,338.87,W/m^2,9:16:30,28/6/17,Day of week:,Wednesday,30.87,Grade Celsius,
244,337.41,W/m^2,9:16:33,28/6/17,Day of week:,Wednesday,30.81,Grade Celsius,
245,359.32,W/m^2,9:16:36,28/6/17,Day of week:,Wednesday,30.87,Grade Celsius,
254,373.92,W/m^2,9:16:39,28/6/17,Day of week:,Wednesday,30.81,Grade Celsius,
253,404.60,W/m^2,9:16:43,28/6/17,Day of week:,Wednesday,31.06,Grade Celsius,
268,400.22,W/m^2,9:16:46,28/6/17,Day of week:,Wednesday,31.25,Grade Celsius,
275,404.60,W/m^2,9:16:49,28/6/17,Day of week:,Wednesday,31.44,Grade Celsius,
269,408.98,W/m^2,9:16:52,28/6/17,Day of week:,Wednesday,31.19,Grade Celsius,
278,406.06,W/m^2,9:16:55,28/6/17,Day of week:,Wednesday,31.12,Grade Celsius,
278,406.06,W/m^2,9:16:58,28/6/17,Day of week:,Wednesday,31.06,Grade Celsius,
276,406.06,W/m^2,9:17:01,28/6/17,Day of week:,Wednesday,31.12,Grade Celsius,
276,406.06,W/m^2,9:17:04,28/6/17,Day of week:,Wednesday,30.94,Grade Celsius,
274,397.29,W/m^2,9:17:07,28/6/17,Day of week:,Wednesday,31.12,Grade Celsius,
274,403.14,W/m^2,9:17:10,28/6/17,Day of week:,Wednesday,31.19,Grade Celsius,
260,400.22,W/m^2,9:17:13,28/6/17,Day of week:,Wednesday,31.44,Grade Celsius,
269,401.68,W/m^2,9:17:16,28/6/17,Day of week:,Wednesday,31.69,Grade Celsius,
278,403.14,W/m^2,9:17:19,28/6/17,Day of week:,Wednesday,31.81,Grade Celsius,
292,408.98,W/m^2,9:17:22,28/6/17,Day of week:,Wednesday,31.94,Grade Celsius,
283,414.82,W/m^2,9:17:25,28/6/17,Day of week:,Wednesday,31.94,Grade Celsius,
285,417.74,W/m^2,9:17:28,28/6/17,Day of week:,Wednesday,31.94,Grade Celsius,
277,423.59,W/m^2,9:17:32,28/6/17,Day of week:,Wednesday,32.25,Grade Celsius,
305,423.59,W/m^2,9:17:35,28/6/17,Day of week:,Wednesday,32.50,Grade Celsius,
291,423.59,W/m^2,9:17:38,28/6/17,Day of week:,Wednesday,32.69,Grade Celsius,
289,426.51,W/m^2,9:17:41,28/6/17,Day of week:,Wednesday,32.88,Grade Celsius,
275,422.12,W/m^2,9:17:44,28/6/17,Day of week:,Wednesday,32.56,Grade Celsius,
288,426.51,W/m^2,9:17:47,28/6/17,Day of week:,Wednesday,32.44,Grade Celsius,
291,432.35,W/m^2,9:17:50,28/6/17,Day of week:,Wednesday,32.13,Grade Celsius,
297,432.35,W/m^2,9:17:53,28/6/17,Day of week:,Wednesday,32.13,Grade Celsius,
302,438.19,W/m^2,9:17:56,28/6/17,Day of week:,Wednesday,31.87,Grade Celsius,
295,444.03,W/m^2,9:17:59,28/6/17,Day of week:,Wednesday,31.94,Grade Celsius,
302,449.88,W/m^2,9:18:02,28/6/17,Day of week:,Wednesday,32.13,Grade Celsius,
302,444.03,W/m^2,9:18:05,28/6/17,Day of week:,Wednesday,32.31,Grade Celsius,
300,444.03,W/m^2,9:18:08,28/6/17,Day of week:,Wednesday,32.56,Grade Celsius,
298,438.19,W/m^2,9:18:11,28/6/17,Day of week:,Wednesday,32.81,Grade Celsius,
294,435.27,W/m^2,9:18:15,28/6/17,Day of week:,Wednesday,33.00,Grade Celsius,
291,439.65,W/m^2,9:18:18,28/6/17,Day of week:,Wednesday,33.25,Grade Celsius,
287,423.59,W/m^2,9:18:21,28/6/17,Day of week:,Wednesday,33.44,Grade Celsius,
285,420.66,W/m^2,9:18:24,28/6/17,Day of week:,Wednesday,33.63,Grade Celsius,
287,422.12,W/m^2,9:18:27,28/6/17,Day of week:,Wednesday,33.81,Grade Celsius,
280,408.98,W/m^2,9:18:30,28/6/17,Day of week:,Wednesday,33.88,Grade Celsius,
279,414.82,W/m^2,9:18:33,28/6/17,Day of week:,Wednesday,33.75,Grade Celsius,
279,411.90,W/m^2,9:18:36,28/6/17,Day of week:,Wednesday,33.94,Grade Celsius,
276,406.06,W/m^2,9:18:39,28/6/17,Day of week:,Wednesday,33.94,Grade Celsius,
273,394.37,W/m^2,9:18:42,28/6/17,Day of week:,Wednesday,33.75,Grade Celsius,
257,375.38,W/m^2,9:18:45,28/6/17,Day of week:,Wednesday,33.50,Grade Celsius,
244,356.40,W/m^2,9:18:48,28/6/17,Day of week:,Wednesday,33.38,Grade Celsius,
224,335.95,W/m^2,9:18:51,28/6/17,Day of week:,Wednesday,33.63,Grade Celsius,
215,311.12,W/m^2,9:18:54,28/6/17,Day of week:,Wednesday,33.50,Grade Celsius,
207,299.43,W/m^2,9:18:57,28/6/17,Day of week:,Wednesday,33.50,Grade Celsius,
196,287.75,W/m^2,9:19:00,28/6/17,Day of week:,Wednesday,33.19,Grade Celsius,
198,280.44,W/m^2,9:19:04,28/6/17,Day of week:,Wednesday,33.13,Grade Celsius,
189,274.60,W/m^2,9:19:07,28/6/17,Day of week:,Wednesday,33.00,Grade Celsius,
185,274.60,W/m^2,9:19:10,28/6/17,Day of week:,Wednesday,32.75,Grade Celsius,
185,270.22,W/m^2,9:19:13,28/6/17,Day of week:,Wednesday,32.56,Grade Celsius,
185,268.76,W/m^2,9:19:16,28/6/17,Day of week:,Wednesday,32.31,Grade Celsius,
182,268.76,W/m^2,9:19:19,28/6/17,Day of week:,Wednesday,32.06,Grade Celsius,
183,268.76,W/m^2,9:19:22,28/6/17,Day of week:,Wednesday,32.19,Grade Celsius,
169,270.22,W/m^2,9:19:25,28/6/17,Day of week:,Wednesday,32.25,Grade Celsius,
188,276.06,W/m^2,9:19:28,28/6/17,Day of week:,Wednesday,32.38,Grade Celsius,
191,262.92,W/m^2,9:19:31,28/6/17,Day of week:,Wednesday,32.44,Grade Celsius,
184,289.21,W/m^2,9:19:34,28/6/17,Day of week:,Wednesday,32.63,Grade Celsius,
199,295.05,W/m^2,9:19:37,28/6/17,Day of week:,Wednesday,32.56,Grade Celsius,
198,299.43,W/m^2,9:19:40,28/6/17,Day of week:,Wednesday,32.63,Grade Celsius,
201,299.43,W/m^2,9:19:43,28/6/17,Day of week:,Wednesday,32.44,Grade Celsius,
198,293.59,W/m^2,9:19:46,28/6/17,Day of week:,Wednesday,32.63,Grade Celsius,
195,286.29,W/m^2,9:19:50,28/6/17,Day of week:,Wednesday,32.50,Grade Celsius,
185,274.60,W/m^2,9:19:53,28/6/17,Day of week:,Wednesday,32.31,Grade Celsius,
176,259.99,W/m^2,9:19:56,28/6/17,Day of week:,Wednesday,32.25,Grade Celsius,
160,248.31,W/m^2,9:19:59,28/6/17,Day of week:,Wednesday,32.25,Grade Celsius,
166,248.31,W/m^2,9:20:02,28/6/17,Day of week:,Wednesday,32.38,Grade Celsius,
164,248.31,W/m^2,9:20:05,28/6/17,Day of week:,Wednesday,32.13,Grade Celsius,
169,248.31,W/m^2,9:20:08,28/6/17,Day of week:,Wednesday,31.81,Grade Celsius,
169,254.15,W/m^2,9:20:11,28/6/17,Day of week:,Wednesday,31.87,Grade Celsius,
168,242.47,W/m^2,9:20:14,28/6/17,Day of week:,Wednesday,32.00,Grade Celsius,
165,227.86,W/m^2,9:20:17,28/6/17,Day of week:,Wednesday,32.13,Grade Celsius,
162,245.39,W/m^2,9:20:20,28/6/17,Day of week:,Wednesday,32.25,Grade Celsius,
157,233.70,W/m^2,9:20:23,28/6/17,Day of week:,Wednesday,32.38,Grade Celsius,
146,224.94,W/m^2,9:20:26,28/6/17,Day of week:,Wednesday,32.31,Grade Celsius,
144,222.02,W/m^2,9:20:29,28/6/17,Day of week:,Wednesday,31.81,Grade Celsius,
153,211.79,W/m^2,9:20:32,28/6/17,Day of week:,Wednesday,31.19,Grade Celsius,
141,205.95,W/m^2,9:20:35,28/6/17,Day of week:,Wednesday,31.12,Grade Celsius,
149,204.49,W/m^2,9:20:39,28/6/17,Day of week:,Wednesday,31.00,Grade Celsius,
138,204.49,W/m^2,9:20:42,28/6/17,Day of week:,Wednesday,30.75,Grade Celsius,
135,201.57,W/m^2,9:20:45,28/6/17,Day of week:,Wednesday,30.56,Grade Celsius,
140,204.49,W/m^2,9:20:48,28/6/17,Day of week:,Wednesday,30.56,Grade Celsius,
139,194.27,W/m^2,9:20:51,28/6/17,Day of week:,Wednesday,30.69,Grade Celsius,
139,205.95,W/m^2,9:20:54,28/6/17,Day of week:,Wednesday,30.69,Grade Celsius,
140,210.33,W/m^2,9:20:57,28/6/17,Day of week:,Wednesday,30.19,Grade Celsius,
144,233.70,W/m^2,9:21:00,28/6/17,Day of week:,Wednesday,30.00,Grade Celsius,
149,222.02,W/m^2,9:21:03,28/6/17,Day of week:,Wednesday,29.69,Grade Celsius,
155,229.32,W/m^2,9:21:06,28/6/17,Day of week:,Wednesday,29.31,Grade Celsius,
157,251.23,W/m^2,9:21:09,28/6/17,Day of week:,Wednesday,29.12,Grade Celsius,
166,233.70,W/m^2,9:21:12,28/6/17,Day of week:,Wednesday,29.19,Grade Celsius,
164,238.08,W/m^2,9:21:15,28/6/17,Day of week:,Wednesday,28.75,Grade Celsius,
164,242.47,W/m^2,9:21:18,28/6/17,Day of week:,Wednesday,28.37,Grade Celsius,
162,239.54,W/m^2,9:21:21,28/6/17,Day of week:,Wednesday,28.12,Grade Celsius,
163,245.39,W/m^2,9:21:25,28/6/17,Day of week:,Wednesday,27.94,Grade Celsius,
162,222.02,W/m^2,9:21:28,28/6/17,Day of week:,Wednesday,27.94,Grade Celsius,
166,245.39,W/m^2,9:21:31,28/6/17,Day of week:,Wednesday,28.06,Grade Celsius,
168,242.47,W/m^2,9:21:34,28/6/17,Day of week:,Wednesday,28.25,Grade Celsius,
167,245.39,W/m^2,9:21:37,28/6/17,Day of week:,Wednesday,28.37,Grade Celsius,
162,236.62,W/m^2,9:21:40,28/6/17,Day of week:,Wednesday,28.25,Grade Celsius,
156,226.40,W/m^2,9:21:43,28/6/17,Day of week:,Wednesday,28.19,Grade Celsius,
147,216.17,W/m^2,9:21:46,28/6/17,Day of week:,Wednesday,28.12,Grade Celsius,
137,203.03,W/m^2,9:21:49,28/6/17,Day of week:,Wednesday,28.00,Grade Celsius,
132,194.27,W/m^2,9:21:52,28/6/17,Day of week:,Wednesday,27.81,Grade Celsius,
122,186.96,W/m^2,9:21:55,28/6/17,Day of week:,Wednesday,27.94,Grade Celsius,
121,184.04,W/m^2,9:21:58,28/6/17,Day of week:,Wednesday,27.81,Grade Celsius,
123,175.28,W/m^2,9:22:01,28/6/17,Day of week:,Wednesday,27.69,Grade Celsius,
120,176.74,W/m^2,9:22:04,28/6/17,Day of week:,Wednesday,27.62,Grade Celsius,
112,169.43,W/m^2,9:22:07,28/6/17,Day of week:,Wednesday,27.69,Grade Celsius,
119,175.28,W/m^2,9:22:10,28/6/17,Day of week:,Wednesday,27.81,Grade Celsius,
118,170.89,W/m^2,9:22:14,28/6/17,Day of week:,Wednesday,27.94,Grade Celsius,
116,169.43,W/m^2,9:22:17,28/6/17,Day of week:,Wednesday,27.94,Grade Celsius,
117,166.51,W/m^2,9:22:20,28/6/17,Day of week:,Wednesday,28.00,Grade Celsius,
119,151.91,W/m^2,9:22:23,28/6/17,Day of week:,Wednesday,27.94,Grade Celsius,
115,170.89,W/m^2,9:22:26,28/6/17,Day of week:,Wednesday,28.12,Grade Celsius,
113,147.52,W/m^2,9:22:29,28/6/17,Day of week:,Wednesday,28.25,Grade Celsius,
113,166.51,W/m^2,9:22:32,28/6/17,Day of week:,Wednesday,28.37,Grade Celsius,
121,165.05,W/m^2,9:22:35,28/6/17,Day of week:,Wednesday,28.50,Grade Celsius,
107,163.59,W/m^2,9:22:38,28/6/17,Day of week:,Wednesday,28.56,Grade Celsius,
109,154.83,W/m^2,9:22:41,28/6/17,Day of week:,Wednesday,28.75,Grade Celsius,
119,163.59,W/m^2,9:22:44,28/6/17,Day of week:,Wednesday,28.81,Grade Celsius,
104,153.37,W/m^2,9:22:47,28/6/17,Day of week:,Wednesday,28.75,Grade Celsius,
105,157.75,W/m^2,9:22:50,28/6/17,Day of week:,Wednesday,28.94,Grade Celsius,
104,140.22,W/m^2,9:22:53,28/6/17,Day of week:,Wednesday,29.00,Grade Celsius,
99,151.91,W/m^2,9:22:56,28/6/17,Day of week:,Wednesday,28.94,Grade Celsius,
104,151.91,W/m^2,9:23:00,28/6/17,Day of week:,Wednesday,28.81,Grade Celsius,
91,169.43,W/m^2,9:23:03,28/6/17,Day of week:,Wednesday,28.87,Grade Celsius,
103,153.37,W/m^2,9:23:06,28/6/17,Day of week:,Wednesday,28.94,Grade Celsius,
102,151.91,W/m^2,9:23:09,28/6/17,Day of week:,Wednesday,29.06,Grade Celsius,
102,148.99,W/m^2,9:23:12,28/6/17,Day of week:,Wednesday,29.19,Grade Celsius,
97,147.52,W/m^2,9:23:15,28/6/17,Day of week:,Wednesday,29.25,Grade Celsius,
97,146.06,W/m^2,9:23:18,28/6/17,Day of week:,Wednesday,29.31,Grade Celsius,
90,146.06,W/m^2,9:23:21,28/6/17,Day of week:,Wednesday,29.37,Grade Celsius,
98,151.91,W/m^2,9:23:24,28/6/17,Day of week:,Wednesday,29.50,Grade Celsius,
99,148.99,W/m^2,9:23:27,28/6/17,Day of week:,Wednesday,29.62,Grade Celsius,
89,151.91,W/m^2,9:23:30,28/6/17,Day of week:,Wednesday,29.62,Grade Celsius,
98,151.91,W/m^2,9:23:33,28/6/17,Day of week:,Wednesday,29.50,Grade Celsius,
101,147.52,W/m^2,9:23:36,28/6/17,Day of week:,Wednesday,29.50,Grade Celsius,
99,147.52,W/m^2,9:23:40,28/6/17,Day of week:,Wednesday,29.56,Grade Celsius,
100,159.21,W/m^2,9:23:43,28/6/17,Day of week:,Wednesday,29.44,Grade Celsius,
100,146.06,W/m^2,9:23:46,28/6/17,Day of week:,Wednesday,29.50,Grade Celsius,
99,147.52,W/m^2,9:23:49,28/6/17,Day of week:,Wednesday,29.62,Grade Celsius,
99,165.05,W/m^2,9:23:52,28/6/17,Day of week:,Wednesday,29.69,Grade Celsius,
96,148.99,W/m^2,9:23:55,28/6/17,Day of week:,Wednesday,29.62,Grade Celsius,
98,151.91,W/m^2,9:23:58,28/6/17,Day of week:,Wednesday,29.37,Grade Celsius,
99,147.52,W/m^2,9:24:01,28/6/17,Day of week:,Wednesday,29.25,Grade Celsius,
99,146.06,W/m^2,9:24:04,28/6/17,Day of week:,Wednesday,29.31,Grade Celsius,
99,146.06,W/m^2,9:24:07,28/6/17,Day of week:,Wednesday,29.44,Grade Celsius,
100,144.60,W/m^2,9:24:10,28/6/17,Day of week:,Wednesday,29.44,Grade Celsius,
99,146.06,W/m^2,9:24:13,28/6/17,Day of week:,Wednesday,29.44,Grade Celsius,
101,146.06,W/m^2,9:24:16,28/6/17,Day of week:,Wednesday,29.37,Grade Celsius,
100,146.06,W/m^2,9:24:19,28/6/17,Day of week:,Wednesday,29.31,Grade Celsius,
98,146.06,W/m^2,9:24:22,28/6/17,Day of week:,Wednesday,29.25,Grade Celsius,
98,146.06,W/m^2,9:24:26,28/6/17,Day of week:,Wednesday,29.25,Grade Celsius,
99,143.14,W/m^2,9:24:29,28/6/17,Day of week:,Wednesday,29.31,Grade Celsius,
109,146.06,W/m^2,9:24:32,28/6/17,Day of week:,Wednesday,29.37,Grade Celsius,
98,131.46,W/m^2,9:24:35,28/6/17,Day of week:,Wednesday,29.44,Grade Celsius,
97,144.60,W/m^2,9:24:38,28/6/17,Day of week:,Wednesday,29.50,Grade Celsius,
98,143.14,W/m^2,9:24:41,28/6/17,Day of week:,Wednesday,29.56,Grade Celsius,
97,143.14,W/m^2,9:24:44,28/6/17,Day of week:,Wednesday,29.69,Grade Celsius,
97,143.14,W/m^2,9:24:47,28/6/17,Day of week:,Wednesday,29.69,Grade Celsius,
96,140.22,W/m^2,9:24:50,28/6/17,Day of week:,Wednesday,29.75,Grade Celsius,
94,140.22,W/m^2,9:24:53,28/6/17,Day of week:,Wednesday,29.87,Grade Celsius,
96,143.14,W/m^2,9:24:56,28/6/17,Day of week:,Wednesday,29.69,Grade Celsius,
93,140.22,W/m^2,9:24:59,28/6/17,Day of week:,Wednesday,29.50,Grade Celsius,
96,140.22,W/m^2,9:25:02,28/6/17,Day of week:,Wednesday,29.31,Grade Celsius,
93,140.22,W/m^2,9:25:05,28/6/17,Day of week:,Wednesday,29.31,Grade Celsius,
93,140.22,W/m^2,9:25:08,28/6/17,Day of week:,Wednesday,29.37,Grade Celsius,
94,140.22,W/m^2,9:25:11,28/6/17,Day of week:,Wednesday,29.44,Grade Celsius,
94,140.22,W/m^2,9:25:15,28/6/17,Day of week:,Wednesday,29.50,Grade Celsius,
93,140.22,W/m^2,9:25:18,28/6/17,Day of week:,Wednesday,29.62,Grade Celsius,
93,157.75,W/m^2,9:25:21,28/6/17,Day of week:,Wednesday,29.69,Grade Celsius,
97,140.22,W/m^2,9:25:24,28/6/17,Day of week:,Wednesday,29.75,Grade Celsius,
96,140.22,W/m^2,9:25:27,28/6/17,Day of week:,Wednesday,29.81,Grade Celsius,
92,140.22,W/m^2,9:25:30,28/6/17,Day of week:,Wednesday,29.87,Grade Celsius,
89,140.22,W/m^2,9:25:33,28/6/17,Day of week:,Wednesday,29.94,Grade Celsius,
94,140.22,W/m^2,9:25:36,28/6/17,Day of week:,Wednesday,30.00,Grade Celsius,
91,141.68,W/m^2,9:25:39,28/6/17,Day of week:,Wednesday,30.06,Grade Celsius,
93,122.69,W/m^2,9:25:42,28/6/17,Day of week:,Wednesday,30.12,Grade Celsius,
92,141.68,W/m^2,9:25:45,28/6/17,Day of week:,Wednesday,30.19,Grade Celsius,
83,157.75,W/m^2,9:25:48,28/6/17,Day of week:,Wednesday,30.25,Grade Celsius,
92,141.68,W/m^2,9:25:51,28/6/17,Day of week:,Wednesday,30.25,Grade Celsius,
94,148.99,W/m^2,9:25:54,28/6/17,Day of week:,Wednesday,30.31,Grade Celsius,
93,143.14,W/m^2,9:25:57,28/6/17,Day of week:,Wednesday,30.37,Grade Celsius,
96,140.22,W/m^2,9:26:00,28/6/17,Day of week:,Wednesday,30.44,Grade Celsius,
90,130.00,W/m^2,9:26:04,28/6/17,Day of week:,Wednesday,30.50,Grade Celsius,
95,140.22,W/m^2,9:26:07,28/6/17,Day of week:,Wednesday,30.50,Grade Celsius,
100,140.22,W/m^2,9:26:10,28/6/17,Day of week:,Wednesday,30.44,Grade Celsius,
85,143.14,W/m^2,9:26:13,28/6/17,Day of week:,Wednesday,30.44,Grade Celsius,
97,140.22,W/m^2,9:26:16,28/6/17,Day of week:,Wednesday,30.37,Grade Celsius,
92,143.14,W/m^2,9:26:19,28/6/17,Day of week:,Wednesday,30.25,Grade Celsius,
97,146.06,W/m^2,9:26:22,28/6/17,Day of week:,Wednesday,30.00,Grade Celsius,
97,146.06,W/m^2,9:26:25,28/6/17,Day of week:,Wednesday,30.00,Grade Celsius,
97,143.14,W/m^2,9:26:28,28/6/17,Day of week:,Wednesday,30.00,Grade Celsius,
98,140.22,W/m^2,9:26:31,28/6/17,Day of week:,Wednesday,30.00,Grade Celsius,
100,146.06,W/m^2,9:26:34,28/6/17,Day of week:,Wednesday,30.00,Grade Celsius,
98,144.60,W/m^2,9:26:37,28/6/17,Day of week:,Wednesday,30.00,Grade Celsius,
106,146.06,W/m^2,9:26:40,28/6/17,Day of week:,Wednesday,30.06,Grade Celsius,
100,143.14,W/m^2,9:26:43,28/6/17,Day of week:,Wednesday,30.12,Grade Celsius,
101,148.99,W/m^2,9:26:46,28/6/17,Day of week:,Wednesday,29.94,Grade Celsius,
102,151.91,W/m^2,9:26:49,28/6/17,Day of week:,Wednesday,29.94,Grade Celsius,
101,151.91,W/m^2,9:26:53,28/6/17,Day of week:,Wednesday,29.87,Grade Celsius,
102,146.06,W/m^2,9:26:56,28/6/17,Day of week:,Wednesday,29.69,Grade Celsius,
107,151.91,W/m^2,9:26:59,28/6/17,Day of week:,Wednesday,29.81,Grade Celsius,
99,153.37,W/m^2,9:27:02,28/6/17,Day of week:,Wednesday,29.81,Grade Celsius,
100,146.06,W/m^2,9:27:05,28/6/17,Day of week:,Wednesday,29.75,Grade Celsius,
100,134.38,W/m^2,9:27:08,28/6/17,Day of week:,Wednesday,29.69,Grade Celsius,
89,151.91,W/m^2,9:27:11,28/6/17,Day of week:,Wednesday,29.50,Grade Celsius,
105,151.91,W/m^2,9:27:14,28/6/17,Day of week:,Wednesday,29.62,Grade Celsius,
104,154.83,W/m^2,9:27:17,28/6/17,Day of week:,Wednesday,29.69,Grade Celsius,
113,151.91,W/m^2,9:27:20,28/6/17,Day of week:,Wednesday,29.75,Grade Celsius,
106,157.75,W/m^2,9:27:23,28/6/17,Day of week:,Wednesday,29.62,Grade Celsius,
106,159.21,W/m^2,9:27:26,28/6/17,Day of week:,Wednesday,29.50,Grade Celsius,
109,163.59,W/m^2,9:27:29,28/6/17,Day of week:,Wednesday,29.50,Grade Celsius,
112,173.82,W/m^2,9:27:32,28/6/17,Day of week:,Wednesday,29.62,Grade Celsius,
105,163.59,W/m^2,9:27:35,28/6/17,Day of week:,Wednesday,29.56,Grade Celsius,
115,154.83,W/m^2,9:27:39,28/6/17,Day of week:,Wednesday,29.50,Grade Celsius,
112,163.59,W/m^2,9:27:42,28/6/17,Day of week:,Wednesday,29.62,Grade Celsius,
112,175.28,W/m^2,9:27:45,28/6/17,Day of week:,Wednesday,29.62,Grade Celsius,
114,151.91,W/m^2,9:27:48,28/6/17,Day of week:,Wednesday,29.69,Grade Celsius,
106,169.43,W/m^2,9:27:51,28/6/17,Day of week:,Wednesday,29.56,Grade Celsius,
114,169.43,W/m^2,9:27:54,28/6/17,Day of week:,Wednesday,29.37,Grade Celsius,
118,169.43,W/m^2,9:27:57,28/6/17,Day of week:,Wednesday,29.12,Grade Celsius,
117,175.28,W/m^2,9:28:00,28/6/17,Day of week:,Wednesday,29.00,Grade Celsius,
119,176.74,W/m^2,9:28:03,28/6/17,Day of week:,Wednesday,28.75,Grade Celsius,
121,169.43,W/m^2,9:28:06,28/6/17,Day of week:,Wednesday,28.62,Grade Celsius,
122,181.12,W/m^2,9:28:09,28/6/17,Day of week:,Wednesday,28.44,Grade Celsius,
123,194.27,W/m^2,9:28:12,28/6/17,Day of week:,Wednesday,28.25,Grade Celsius,
135,186.96,W/m^2,9:28:15,28/6/17,Day of week:,Wednesday,28.06,Grade Celsius,
125,191.34,W/m^2,9:28:18,28/6/17,Day of week:,Wednesday,28.19,Grade Celsius,
130,198.65,W/m^2,9:28:21,28/6/17,Day of week:,Wednesday,28.25,Grade Celsius,
139,204.49,W/m^2,9:28:24,28/6/17,Day of week:,Wednesday,28.25,Grade Celsius,
142,210.33,W/m^2,9:28:28,28/6/17,Day of week:,Wednesday,28.37,Grade Celsius,
145,217.64,W/m^2,9:28:31,28/6/17,Day of week:,Wednesday,28.50,Grade Celsius,
161,200.11,W/m^2,9:28:34,28/6/17,Day of week:,Wednesday,28.62,Grade Celsius,
145,204.49,W/m^2,9:28:37,28/6/17,Day of week:,Wednesday,28.50,Grade Celsius,
152,235.16,W/m^2,9:28:40,28/6/17,Day of week:,Wednesday,28.50,Grade Celsius,
151,219.10,W/m^2,9:28:43,28/6/17,Day of week:,Wednesday,28.62,Grade Celsius,
147,216.17,W/m^2,9:28:46,28/6/17,Day of week:,Wednesday,28.69,Grade Celsius,
144,211.79,W/m^2,9:28:49,28/6/17,Day of week:,Wednesday,28.81,Grade Celsius,
148,210.33,W/m^2,9:28:52,28/6/17,Day of week:,Wednesday,28.87,Grade Celsius,
135,203.03,W/m^2,9:28:55,28/6/17,Day of week:,Wednesday,28.94,Grade Celsius,
141,195.73,W/m^2,9:28:58,28/6/17,Day of week:,Wednesday,29.00,Grade Celsius,
134,198.65,W/m^2,9:29:01,28/6/17,Day of week:,Wednesday,29.12,Grade Celsius,
146,198.65,W/m^2,9:29:04,28/6/17,Day of week:,Wednesday,29.25,Grade Celsius,
135,200.11,W/m^2,9:29:07,28/6/17,Day of week:,Wednesday,29.37,Grade Celsius,
137,201.57,W/m^2,9:29:11,28/6/17,Day of week:,Wednesday,29.44,Grade Celsius,
136,205.95,W/m^2,9:29:14,28/6/17,Day of week:,Wednesday,29.12,Grade Celsius,
139,207.41,W/m^2,9:29:17,28/6/17,Day of week:,Wednesday,28.81,Grade Celsius,
148,210.33,W/m^2,9:29:20,28/6/17,Day of week:,Wednesday,28.69,Grade Celsius,
141,213.25,W/m^2,9:29:23,28/6/17,Day of week:,Wednesday,28.50,Grade Celsius,
146,216.17,W/m^2,9:29:26,28/6/17,Day of week:,Wednesday,28.50,Grade Celsius,
152,219.10,W/m^2,9:29:29,28/6/17,Day of week:,Wednesday,28.50,Grade Celsius,
153,227.86,W/m^2,9:29:32,28/6/17,Day of week:,Wednesday,28.50,Grade Celsius,
160,238.08,W/m^2,9:29:35,28/6/17,Day of week:,Wednesday,28.56,Grade Celsius,
167,245.39,W/m^2,9:29:38,28/6/17,Day of week:,Wednesday,28.69,Grade Celsius,
172,252.69,W/m^2,9:29:41,28/6/17,Day of week:,Wednesday,28.69,Grade Celsius,
177,261.45,W/m^2,9:29:44,28/6/17,Day of week:,Wednesday,28.69,Grade Celsius,
180,271.68,W/m^2,9:29:47,28/6/17,Day of week:,Wednesday,28.69,Grade Celsius,
185,274.60,W/m^2,9:29:50,28/6/17,Day of week:,Wednesday,28.75,Grade Celsius,
199,274.60,W/m^2,9:29:53,28/6/17,Day of week:,Wednesday,28.69,Grade Celsius,
187,265.84,W/m^2,9:29:57,28/6/17,Day of week:,Wednesday,28.81,Grade Celsius,
190,280.44,W/m^2,9:30:00,28/6/17,Day of week:,Wednesday,28.94,Grade Celsius,
193,283.36,W/m^2,9:30:03,28/6/17,Day of week:,Wednesday,29.06,Grade Celsius,
212,292.13,W/m^2,9:30:06,28/6/17,Day of week:,Wednesday,29.25,Grade Celsius,
219,312.58,W/m^2,9:30:09,28/6/17,Day of week:,Wednesday,29.31,Grade Celsius,
227,333.03,W/m^2,9:30:12,28/6/17,Day of week:,Wednesday,29.44,Grade Celsius,
243,350.55,W/m^2,9:30:15,28/6/17,Day of week:,Wednesday,29.50,Grade Celsius,
256,375.38,W/m^2,9:30:18,28/6/17,Day of week:,Wednesday,29.62,Grade Celsius,
275,388.53,W/m^2,9:30:21,28/6/17,Day of week:,Wednesday,29.69,Grade Celsius,
269,394.37,W/m^2,9:30:24,28/6/17,Day of week:,Wednesday,29.56,Grade Celsius,
267,392.91,W/m^2,9:30:27,28/6/17,Day of week:,Wednesday,29.50,Grade Celsius,
265,389.99,W/m^2,9:30:30,28/6/17,Day of week:,Wednesday,29.50,Grade Celsius,
265,388.53,W/m^2,9:30:33,28/6/17,Day of week:,Wednesday,29.62,Grade Celsius,
259,379.77,W/m^2,9:30:36,28/6/17,Day of week:,Wednesday,29.69,Grade Celsius,
256,353.47,W/m^2,9:30:39,28/6/17,Day of week:,Wednesday,29.75,Grade Celsius,
242,371.00,W/m^2,9:30:42,28/6/17,Day of week:,Wednesday,29.81,Grade Celsius,
242,362.24,W/m^2,9:30:46,28/6/17,Day of week:,Wednesday,29.62,Grade Celsius,
234,353.47,W/m^2,9:30:49,28/6/17,Day of week:,Wednesday,29.62,Grade Celsius,
232,338.87,W/m^2,9:30:52,28/6/17,Day of week:,Wednesday,29.50,Grade Celsius,
224,328.64,W/m^2,9:30:55,28/6/17,Day of week:,Wednesday,29.37,Grade Celsius,
219,315.50,W/m^2,9:30:58,28/6/17,Day of week:,Wednesday,29.37,Grade Celsius,
220,327.18,W/m^2,9:31:01,28/6/17,Day of week:,Wednesday,29.19,Grade Celsius,
224,331.57,W/m^2,9:31:04,28/6/17,Day of week:,Wednesday,28.94,Grade Celsius,
222,340.33,W/m^2,9:31:07,28/6/17,Day of week:,Wednesday,28.94,Grade Celsius,
234,321.34,W/m^2,9:31:10,28/6/17,Day of week:,Wednesday,29.06,Grade Celsius,
230,335.95,W/m^2,9:31:13,28/6/17,Day of week:,Wednesday,28.94,Grade Celsius,
224,330.10,W/m^2,9:31:16,28/6/17,Day of week:,Wednesday,29.00,Grade Celsius,
231,311.12,W/m^2,9:31:19,28/6/17,Day of week:,Wednesday,29.19,Grade Celsius,
205,280.44,W/m^2,9:31:22,28/6/17,Day of week:,Wednesday,29.06,Grade Celsius,
199,276.06,W/m^2,9:31:25,28/6/17,Day of week:,Wednesday,28.87,Grade Celsius,
194,276.06,W/m^2,9:31:28,28/6/17,Day of week:,Wednesday,28.94,Grade Celsius,
191,284.82,W/m^2,9:31:32,28/6/17,Day of week:,Wednesday,29.00,Grade Celsius,
187,280.44,W/m^2,9:31:35,28/6/17,Day of week:,Wednesday,29.06,Grade Celsius,
194,276.06,W/m^2,9:31:38,28/6/17,Day of week:,Wednesday,29.12,Grade Celsius,
200,271.68,W/m^2,9:31:41,28/6/17,Day of week:,Wednesday,29.31,Grade Celsius,
189,280.44,W/m^2,9:31:44,28/6/17,Day of week:,Wednesday,29.50,Grade Celsius,
192,281.90,W/m^2,9:31:47,28/6/17,Day of week:,Wednesday,29.62,Grade Celsius,
190,287.75,W/m^2,9:31:50,28/6/17,Day of week:,Wednesday,29.75,Grade Celsius,
206,295.05,W/m^2,9:31:53,28/6/17,Day of week:,Wednesday,29.75,Grade Celsius,
225,309.66,W/m^2,9:31:56,28/6/17,Day of week:,Wednesday,29.75,Grade Celsius,
247,365.16,W/m^2,9:31:59,28/6/17,Day of week:,Wednesday,29.87,Grade Celsius,
272,400.22,W/m^2,9:32:02,28/6/17,Day of week:,Wednesday,30.12,Grade Celsius,
293,426.51,W/m^2,9:32:05,28/6/17,Day of week:,Wednesday,30.31,Grade Celsius,
310,448.42,W/m^2,9:32:08,28/6/17,Day of week:,Wednesday,30.56,Grade Celsius,
319,474.71,W/m^2,9:32:11,28/6/17,Day of week:,Wednesday,30.81,Grade Celsius,
324,480.55,W/m^2,9:32:14,28/6/17,Day of week:,Wednesday,31.00,Grade Celsius,
328,482.01,W/m^2,9:32:17,28/6/17,Day of week:,Wednesday,30.87,Grade Celsius,
322,493.70,W/m^2,9:32:21,28/6/17,Day of week:,Wednesday,30.81,Grade Celsius,
339,476.17,W/m^2,9:32:24,28/6/17,Day of week:,Wednesday,31.12,Grade Celsius,
323,470.33,W/m^2,9:32:27,28/6/17,Day of week:,Wednesday,31.19,Grade Celsius,
313,461.56,W/m^2,9:32:30,28/6/17,Day of week:,Wednesday,31.19,Grade Celsius,
304,455.72,W/m^2,9:32:33,28/6/17,Day of week:,Wednesday,31.19,Grade Celsius,
312,445.50,W/m^2,9:32:36,28/6/17,Day of week:,Wednesday,31.25,Grade Celsius,
296,430.89,W/m^2,9:32:39,28/6/17,Day of week:,Wednesday,31.00,Grade Celsius,
284,414.82,W/m^2,9:32:42,28/6/17,Day of week:,Wednesday,30.87,Grade Celsius,
281,403.14,W/m^2,9:32:45,28/6/17,Day of week:,Wednesday,31.06,Grade Celsius,
262,387.07,W/m^2,9:32:48,28/6/17,Day of week:,Wednesday,30.94,Grade Celsius,
256,373.92,W/m^2,9:32:51,28/6/17,Day of week:,Wednesday,31.12,Grade Celsius,
252,369.54,W/m^2,9:32:54,28/6/17,Day of week:,Wednesday,31.00,Grade Celsius,
242,354.94,W/m^2,9:32:57,28/6/17,Day of week:,Wednesday,31.00,Grade Celsius,
240,353.47,W/m^2,9:33:00,28/6/17,Day of week:,Wednesday,31.12,Grade Celsius,
237,356.40,W/m^2,9:33:03,28/6/17,Day of week:,Wednesday,30.94,Grade Celsius,
248,363.70,W/m^2,9:33:07,28/6/17,Day of week:,Wednesday,30.87,Grade Celsius,
259,381.23,W/m^2,9:33:10,28/6/17,Day of week:,Wednesday,30.81,Grade Celsius,
275,406.06,W/m^2,9:33:13,28/6/17,Day of week:,Wednesday,30.62,Grade Celsius,
304,427.97,W/m^2,9:33:16,28/6/17,Day of week:,Wednesday,30.44,Grade Celsius,
305,452.80,W/m^2,9:33:19,28/6/17,Day of week:,Wednesday,30.69,Grade Celsius,
304,467.40,W/m^2,9:33:22,28/6/17,Day of week:,Wednesday,30.69,Grade Celsius,
325,476.17,W/m^2,9:33:25,28/6/17,Day of week:,Wednesday,30.87,Grade Celsius,
322,473.25,W/m^2,9:33:28,28/6/17,Day of week:,Wednesday,31.00,Grade Celsius,
319,458.64,W/m^2,9:33:31,28/6/17,Day of week:,Wednesday,31.25,Grade Celsius,
313,467.40,W/m^2,9:33:34,28/6/17,Day of week:,Wednesday,31.44,Grade Celsius,
319,470.33,W/m^2,9:33:37,28/6/17,Day of week:,Wednesday,31.62,Grade Celsius,
323,457.18,W/m^2,9:33:40,28/6/17,Day of week:,Wednesday,31.50,Grade Celsius,
327,486.39,W/m^2,9:33:43,28/6/17,Day of week:,Wednesday,31.50,Grade Celsius,
325,476.17,W/m^2,9:33:46,28/6/17,Day of week:,Wednesday,31.56,Grade Celsius,
324,467.40,W/m^2,9:33:49,28/6/17,Day of week:,Wednesday,31.69,Grade Celsius,
328,482.01,W/m^2,9:33:52,28/6/17,Day of week:,Wednesday,31.87,Grade Celsius,
329,473.25,W/m^2,9:33:56,28/6/17,Day of week:,Wednesday,32.13,Grade Celsius,
331,486.39,W/m^2,9:33:59,28/6/17,Day of week:,Wednesday,32.25,Grade Celsius,
327,484.93,W/m^2,9:34:02,28/6/17,Day of week:,Wednesday,32.25,Grade Celsius,
339,483.47,W/m^2,9:34:05,28/6/17,Day of week:,Wednesday,32.25,Grade Celsius,
323,482.01,W/m^2,9:34:08,28/6/17,Day of week:,Wednesday,32.50,Grade Celsius,
317,482.01,W/m^2,9:34:11,28/6/17,Day of week:,Wednesday,32.19,Grade Celsius,
330,484.93,W/m^2,9:34:14,28/6/17,Day of week:,Wednesday,32.19,Grade Celsius,
329,484.93,W/m^2,9:34:17,28/6/17,Day of week:,Wednesday,32.19,Grade Celsius,
332,476.17,W/m^2,9:34:20,28/6/17,Day of week:,Wednesday,32.13,Grade Celsius,
328,482.01,W/m^2,9:34:23,28/6/17,Day of week:,Wednesday,32.00,Grade Celsius,
311,486.39,W/m^2,9:34:26,28/6/17,Day of week:,Wednesday,32.25,Grade Celsius,
319,467.40,W/m^2,9:34:29,28/6/17,Day of week:,Wednesday,31.75,Grade Celsius,
309,452.80,W/m^2,9:34:33,28/6/17,Day of week:,Wednesday,31.56,Grade Celsius,
286,436.73,W/m^2,9:34:36,28/6/17,Day of week:,Wednesday,31.56,Grade Celsius,
283,410.44,W/m^2,9:34:39,28/6/17,Day of week:,Wednesday,31.50,Grade Celsius,
272,398.75,W/m^2,9:34:42,28/6/17,Day of week:,Wednesday,31.50,Grade Celsius,
269,414.82,W/m^2,9:34:45,28/6/17,Day of week:,Wednesday,31.37,Grade Celsius,
275,397.29,W/m^2,9:34:48,28/6/17,Day of week:,Wednesday,31.37,Grade Celsius,
272,398.75,W/m^2,9:34:51,28/6/17,Day of week:,Wednesday,31.37,Grade Celsius,
279,408.98,W/m^2,9:34:54,28/6/17,Day of week:,Wednesday,31.44,Grade Celsius,
290,422.12,W/m^2,9:34:57,28/6/17,Day of week:,Wednesday,31.56,Grade Celsius,
301,444.03,W/m^2,9:35:00,28/6/17,Day of week:,Wednesday,31.62,Grade Celsius,
313,458.64,W/m^2,9:35:03,28/6/17,Day of week:,Wednesday,31.75,Grade Celsius,
322,473.25,W/m^2,9:35:06,28/6/17,Day of week:,Wednesday,32.06,Grade Celsius,
327,482.01,W/m^2,9:35:09,28/6/17,Day of week:,Wednesday,32.06,Grade Celsius,
333,496.62,W/m^2,9:35:12,28/6/17,Day of week:,Wednesday,32.00,Grade Celsius,
336,493.70,W/m^2,9:35:15,28/6/17,Day of week:,Wednesday,32.19,Grade Celsius,
336,495.16,W/m^2,9:35:19,28/6/17,Day of week:,Wednesday,32.38,Grade Celsius,
337,490.78,W/m^2,9:35:22,28/6/17,Day of week:,Wednesday,32.63,Grade Celsius,
337,493.70,W/m^2,9:35:25,28/6/17,Day of week:,Wednesday,32.50,Grade Celsius,
337,492.24,W/m^2,9:35:28,28/6/17,Day of week:,Wednesday,32.31,Grade Celsius,
345,493.70,W/m^2,9:35:31,28/6/17,Day of week:,Wednesday,32.38,Grade Celsius,
336,493.70,W/m^2,9:35:34,28/6/17,Day of week:,Wednesday,32.31,Grade Celsius,
324,493.70,W/m^2,9:35:37,28/6/17,Day of week:,Wednesday,32.50,Grade Celsius,
337,495.16,W/m^2,9:35:40,28/6/17,Day of week:,Wednesday,32.69,Grade Celsius,
336,495.16,W/m^2,9:35:43,28/6/17,Day of week:,Wednesday,32.81,Grade Celsius,
337,487.85,W/m^2,9:35:46,28/6/17,Day of week:,Wednesday,32.69,Grade Celsius,
337,499.54,W/m^2,9:35:49,28/6/17,Day of week:,Wednesday,32.50,Grade Celsius,
343,498.08,W/m^2,9:35:52,28/6/17,Day of week:,Wednesday,32.44,Grade Celsius,
339,519.99,W/m^2,9:35:55,28/6/17,Day of week:,Wednesday,32.38,Grade Celsius,
339,498.08,W/m^2,9:35:58,28/6/17,Day of week:,Wednesday,32.44,Grade Celsius,
350,499.54,W/m^2,9:36:01,28/6/17,Day of week:,Wednesday,32.25,Grade Celsius,
325,501.00,W/m^2,9:36:04,28/6/17,Day of week:,Wednesday,32.25,Grade Celsius,
341,498.08,W/m^2,9:36:08,28/6/17,Day of week:,Wednesday,32.25,Grade Celsius,
331,505.38,W/m^2,9:36:11,28/6/17,Day of week:,Wednesday,31.94,Grade Celsius,
341,499.54,W/m^2,9:36:14,28/6/17,Day of week:,Wednesday,31.81,Grade Celsius,
341,496.62,W/m^2,9:36:17,28/6/17,Day of week:,Wednesday,31.81,Grade Celsius,
342,501.00,W/m^2,9:36:20,28/6/17,Day of week:,Wednesday,31.75,Grade Celsius,
329,483.47,W/m^2,9:36:23,28/6/17,Day of week:,Wednesday,32.00,Grade Celsius,
335,511.22,W/m^2,9:36:26,28/6/17,Day of week:,Wednesday,32.06,Grade Celsius,
341,502.46,W/m^2,9:36:29,28/6/17,Day of week:,Wednesday,32.31,Grade Celsius,
342,502.46,W/m^2,9:36:32,28/6/17,Day of week:,Wednesday,32.25,Grade Celsius,
343,517.07,W/m^2,9:36:35,28/6/17,Day of week:,Wednesday,32.25,Grade Celsius,
331,496.62,W/m^2,9:36:38,28/6/17,Day of week:,Wednesday,32.38,Grade Celsius,
341,496.62,W/m^2,9:36:41,28/6/17,Day of week:,Wednesday,32.25,Grade Celsius,
343,505.38,W/m^2,9:36:44,28/6/17,Day of week:,Wednesday,31.81,Grade Celsius,
343,490.78,W/m^2,9:36:47,28/6/17,Day of week:,Wednesday,31.81,Grade Celsius,
344,503.92,W/m^2,9:36:50,28/6/17,Day of week:,Wednesday,31.75,Grade Celsius,
345,493.70,W/m^2,9:36:53,28/6/17,Day of week:,Wednesday,32.00,Grade Celsius,
344,502.46,W/m^2,9:36:57,28/6/17,Day of week:,Wednesday,32.19,Grade Celsius,
343,505.38,W/m^2,9:37:00,28/6/17,Day of week:,Wednesday,32.44,Grade Celsius,
345,508.30,W/m^2,9:37:03,28/6/17,Day of week:,Wednesday,32.63,Grade Celsius,
345,484.93,W/m^2,9:37:06,28/6/17,Day of week:,Wednesday,32.31,Grade Celsius,
345,502.46,W/m^2,9:37:09,28/6/17,Day of week:,Wednesday,32.50,Grade Celsius,
345,521.45,W/m^2,9:37:12,28/6/17,Day of week:,Wednesday,32.75,Grade Celsius,
339,484.93,W/m^2,9:37:15,28/6/17,Day of week:,Wednesday,33.00,Grade Celsius,
359,505.38,W/m^2,9:37:18,28/6/17,Day of week:,Wednesday,32.75,Grade Celsius,
346,525.83,W/m^2,9:37:21,28/6/17,Day of week:,Wednesday,32.88,Grade Celsius,
344,506.84,W/m^2,9:37:24,28/6/17,Day of week:,Wednesday,32.63,Grade Celsius,
358,508.30,W/m^2,9:37:27,28/6/17,Day of week:,Wednesday,32.50,Grade Celsius,
345,509.76,W/m^2,9:37:30,28/6/17,Day of week:,Wednesday,32.25,Grade Celsius,
345,511.22,W/m^2,9:37:33,28/6/17,Day of week:,Wednesday,32.00,Grade Celsius,
349,522.91,W/m^2,9:37:36,28/6/17,Day of week:,Wednesday,31.87,Grade Celsius,
349,511.22,W/m^2,9:37:39,28/6/17,Day of week:,Wednesday,31.62,Grade Celsius,
348,511.22,W/m^2,9:37:43,28/6/17,Day of week:,Wednesday,31.44,Grade Celsius,
335,515.61,W/m^2,9:37:46,28/6/17,Day of week:,Wednesday,31.31,Grade Celsius,
350,492.24,W/m^2,9:37:49,28/6/17,Day of week:,Wednesday,31.12,Grade Celsius,
351,514.15,W/m^2,9:37:52,28/6/17,Day of week:,Wednesday,30.94,Grade Celsius,
351,511.22,W/m^2,9:37:55,28/6/17,Day of week:,Wednesday,30.94,Grade Celsius,
348,511.22,W/m^2,9:37:58,28/6/17,Day of week:,Wednesday,30.69,Grade Celsius,
351,514.15,W/m^2,9:38:01,28/6/17,Day of week:,Wednesday,30.62,Grade Celsius,
351,525.83,W/m^2,9:38:04,28/6/17,Day of week:,Wednesday,30.81,Grade Celsius,
351,514.15,W/m^2,9:38:07,28/6/17,Day of week:,Wednesday,31.12,Grade Celsius,
351,517.07,W/m^2,9:38:10,28/6/17,Day of week:,Wednesday,31.44,Grade Celsius,
353,508.30,W/m^2,9:38:13,28/6/17,Day of week:,Wednesday,31.69,Grade Celsius,
354,537.52,W/m^2,9:38:16,28/6/17,Day of week:,Wednesday,31.81,Grade Celsius,
353,518.53,W/m^2,9:38:19,28/6/17,Day of week:,Wednesday,32.13,Grade Celsius,
352,521.45,W/m^2,9:38:22,28/6/17,Day of week:,Wednesday,32.38,Grade Celsius,
355,522.91,W/m^2,9:38:25,28/6/17,Day of week:,Wednesday,32.19,Grade Celsius,
353,517.07,W/m^2,9:38:28,28/6/17,Day of week:,Wednesday,32.13,Grade Celsius,
357,521.45,W/m^2,9:38:32,28/6/17,Day of week:,Wednesday,32.13,Grade Celsius,
344,517.07,W/m^2,9:38:35,28/6/17,Day of week:,Wednesday,32.19,Grade Celsius,
345,519.99,W/m^2,9:38:38,28/6/17,Day of week:,Wednesday,32.25,Grade Celsius,
356,522.91,W/m^2,9:38:41,28/6/17,Day of week:,Wednesday,32.13,Grade Celsius,
355,521.45,W/m^2,9:38:44,28/6/17,Day of week:,Wednesday,31.87,Grade Celsius,
359,521.45,W/m^2,9:38:47,28/6/17,Day of week:,Wednesday,31.62,Grade Celsius,
341,525.83,W/m^2,9:38:50,28/6/17,Day of week:,Wednesday,31.37,Grade Celsius,
356,525.83,W/m^2,9:38:53,28/6/17,Day of week:,Wednesday,31.25,Grade Celsius,
357,525.83,W/m^2,9:38:56,28/6/17,Day of week:,Wednesday,30.87,Grade Celsius,
352,528.75,W/m^2,9:38:59,28/6/17,Day of week:,Wednesday,30.75,Grade Celsius,
358,528.75,W/m^2,9:39:02,28/6/17,Day of week:,Wednesday,31.00,Grade Celsius,
359,530.21,W/m^2,9:39:05,28/6/17,Day of week:,Wednesday,31.25,Grade Celsius,
362,531.67,W/m^2,9:39:08,28/6/17,Day of week:,Wednesday,31.44,Grade Celsius,
361,531.67,W/m^2,9:39:11,28/6/17,Day of week:,Wednesday,31.50,Grade Celsius,
362,530.21,W/m^2,9:39:14,28/6/17,Day of week:,Wednesday,31.69,Grade Celsius,
358,538.98,W/m^2,9:39:18,28/6/17,Day of week:,Wednesday,31.87,Grade Celsius,
365,530.21,W/m^2,9:39:21,28/6/17,Day of week:,Wednesday,31.94,Grade Celsius,
362,536.05,W/m^2,9:39:24,28/6/17,Day of week:,Wednesday,32.13,Grade Celsius,
365,534.59,W/m^2,9:39:27,28/6/17,Day of week:,Wednesday,32.44,Grade Celsius,
364,521.45,W/m^2,9:39:30,28/6/17,Day of week:,Wednesday,32.63,Grade Celsius,
378,540.44,W/m^2,9:39:33,28/6/17,Day of week:,Wednesday,32.81,Grade Celsius,
364,555.04,W/m^2,9:39:36,28/6/17,Day of week:,Wednesday,33.00,Grade Celsius,
365,533.13,W/m^2,9:39:39,28/6/17,Day of week:,Wednesday,33.13,Grade Celsius,
367,537.52,W/m^2,9:39:42,28/6/17,Day of week:,Wednesday,33.06,Grade Celsius,
366,537.52,W/m^2,9:39:45,28/6/17,Day of week:,Wednesday,33.00,Grade Celsius,
364,537.52,W/m^2,9:39:48,28/6/17,Day of week:,Wednesday,33.25,Grade Celsius,
366,537.52,W/m^2,9:39:51,28/6/17,Day of week:,Wednesday,33.44,Grade Celsius,
368,533.13,W/m^2,9:39:54,28/6/17,Day of week:,Wednesday,33.69,Grade Celsius,
364,534.59,W/m^2,9:39:57,28/6/17,Day of week:,Wednesday,33.88,Grade Celsius,
362,525.83,W/m^2,9:40:01,28/6/17,Day of week:,Wednesday,34.13,Grade Celsius,
363,531.67,W/m^2,9:40:04,28/6/17,Day of week:,Wednesday,34.31,Grade Celsius,
363,522.91,W/m^2,9:40:07,28/6/17,Day of week:,Wednesday,34.38,Grade Celsius,
361,524.37,W/m^2,9:40:10,28/6/17,Day of week:,Wednesday,34.44,Grade Celsius,
362,549.20,W/m^2,9:40:13,28/6/17,Day of week:,Wednesday,34.38,Grade Celsius,
365,552.12,W/m^2,9:40:16,28/6/17,Day of week:,Wednesday,34.00,Grade Celsius,
365,537.52,W/m^2,9:40:19,28/6/17,Day of week:,Wednesday,34.19,Grade Celsius,
371,525.83,W/m^2,9:40:22,28/6/17,Day of week:,Wednesday,34.44,Grade Celsius,
370,543.36,W/m^2,9:40:25,28/6/17,Day of week:,Wednesday,34.56,Grade Celsius,
370,546.28,W/m^2,9:40:28,28/6/17,Day of week:,Wednesday,34.56,Grade Celsius,
386,550.66,W/m^2,9:40:31,28/6/17,Day of week:,Wednesday,34.63,Grade Celsius,
374,546.28,W/m^2,9:40:34,28/6/17,Day of week:,Wednesday,34.81,Grade Celsius,
375,549.20,W/m^2,9:40:37,28/6/17,Day of week:,Wednesday,35.00,Grade Celsius,
375,552.12,W/m^2,9:40:40,28/6/17,Day of week:,Wednesday,35.00,Grade Celsius,
373,547.74,W/m^2,9:40:43,28/6/17,Day of week:,Wednesday,35.00,Grade Celsius,
373,546.28,W/m^2,9:40:46,28/6/17,Day of week:,Wednesday,34.69,Grade Celsius,
373,547.74,W/m^2,9:40:50,28/6/17,Day of week:,Wednesday,34.44,Grade Celsius,
377,544.82,W/m^2,9:40:53,28/6/17,Day of week:,Wednesday,34.56,Grade Celsius,
387,557.96,W/m^2,9:40:56,28/6/17,Day of week:,Wednesday,34.63,Grade Celsius,
373,547.74,W/m^2,9:40:59,28/6/17,Day of week:,Wednesday,34.75,Grade Celsius,
371,544.82,W/m^2,9:41:02,28/6/17,Day of week:,Wednesday,34.75,Grade Celsius,
371,546.28,W/m^2,9:41:05,28/6/17,Day of week:,Wednesday,34.88,Grade Celsius,
384,537.52,W/m^2,9:41:08,28/6/17,Day of week:,Wednesday,35.00,Grade Celsius,
370,543.36,W/m^2,9:41:11,28/6/17,Day of week:,Wednesday,35.31,Grade Celsius,
381,555.04,W/m^2,9:41:14,28/6/17,Day of week:,Wednesday,35.31,Grade Celsius,
372,541.90,W/m^2,9:41:17,28/6/17,Day of week:,Wednesday,35.06,Grade Celsius,
373,527.29,W/m^2,9:41:20,28/6/17,Day of week:,Wednesday,34.88,Grade Celsius,
370,544.82,W/m^2,9:41:23,28/6/17,Day of week:,Wednesday,34.56,Grade Celsius,
376,540.44,W/m^2,9:41:26,28/6/17,Day of week:,Wednesday,34.25,Grade Celsius,
372,537.52,W/m^2,9:41:29,28/6/17,Day of week:,Wednesday,33.88,Grade Celsius,
362,537.52,W/m^2,9:41:32,28/6/17,Day of week:,Wednesday,33.44,Grade Celsius,
363,533.13,W/m^2,9:41:35,28/6/17,Day of week:,Wednesday,33.19,Grade Celsius,
358,528.75,W/m^2,9:41:39,28/6/17,Day of week:,Wednesday,32.88,Grade Celsius,
356,525.83,W/m^2,9:41:42,28/6/17,Day of week:,Wednesday,32.81,Grade Celsius,
339,521.45,W/m^2,9:41:45,28/6/17,Day of week:,Wednesday,32.94,Grade Celsius,
336,527.29,W/m^2,9:41:48,28/6/17,Day of week:,Wednesday,32.69,Grade Celsius,
343,508.30,W/m^2,9:41:51,28/6/17,Day of week:,Wednesday,32.69,Grade Celsius,
341,498.08,W/m^2,9:41:54,28/6/17,Day of week:,Wednesday,32.44,Grade Celsius,
335,490.78,W/m^2,9:41:57,28/6/17,Day of week:,Wednesday,32.31,Grade Celsius,
329,482.01,W/m^2,9:42:00,28/6/17,Day of week:,Wednesday,32.25,Grade Celsius,
323,490.78,W/m^2,9:42:03,28/6/17,Day of week:,Wednesday,32.00,Grade Celsius,
318,479.09,W/m^2,9:42:06,28/6/17,Day of week:,Wednesday,31.75,Grade Celsius,
307,452.80,W/m^2,9:42:09,28/6/17,Day of week:,Wednesday,32.00,Grade Celsius,
300,446.96,W/m^2,9:42:12,28/6/17,Day of week:,Wednesday,32.06,Grade Celsius,
293,451.34,W/m^2,9:42:15,28/6/17,Day of week:,Wednesday,32.38,Grade Celsius,
291,426.51,W/m^2,9:42:18,28/6/17,Day of week:,Wednesday,32.63,Grade Celsius,
284,420.66,W/m^2,9:42:21,28/6/17,Day of week:,Wednesday,32.69,Grade Celsius,
283,416.28,W/m^2,9:42:25,28/6/17,Day of week:,Wednesday,32.81,Grade Celsius,
291,416.28,W/m^2,9:42:28,28/6/17,Day of week:,Wednesday,32.94,Grade Celsius,
301,444.03,W/m^2,9:42:31,28/6/17,Day of week:,Wednesday,33.19,Grade Celsius,
314,461.56,W/m^2,9:42:34,28/6/17,Day of week:,Wednesday,33.19,Grade Celsius,
329,463.02,W/m^2,9:42:37,28/6/17,Day of week:,Wednesday,33.19,Grade Celsius,
342,502.46,W/m^2,9:42:40,28/6/17,Day of week:,Wednesday,33.38,Grade Celsius,
354,521.45,W/m^2,9:42:43,28/6/17,Day of week:,Wednesday,33.63,Grade Celsius,
364,534.59,W/m^2,9:42:46,28/6/17,Day of week:,Wednesday,33.88,Grade Celsius,
372,543.36,W/m^2,9:42:49,28/6/17,Day of week:,Wednesday,33.81,Grade Celsius,
376,556.50,W/m^2,9:42:52,28/6/17,Day of week:,Wednesday,34.13,Grade Celsius,
382,560.89,W/m^2,9:42:55,28/6/17,Day of week:,Wednesday,34.19,Grade Celsius,
385,568.19,W/m^2,9:42:58,28/6/17,Day of week:,Wednesday,34.38,Grade Celsius,
389,566.73,W/m^2,9:43:01,28/6/17,Day of week:,Wednesday,34.69,Grade Celsius,
389,572.57,W/m^2,9:43:04,28/6/17,Day of week:,Wednesday,34.75,Grade Celsius,
393,574.03,W/m^2,9:43:07,28/6/17,Day of week:,Wednesday,35.00,Grade Celsius,
389,560.89,W/m^2,9:43:10,28/6/17,Day of week:,Wednesday,35.25,Grade Celsius,
389,566.73,W/m^2,9:43:14,28/6/17,Day of week:,Wednesday,35.25,Grade Celsius,
387,568.19,W/m^2,9:43:17,28/6/17,Day of week:,Wednesday,35.44,Grade Celsius,
389,571.11,W/m^2,9:43:20,28/6/17,Day of week:,Wednesday,35.50,Grade Celsius,
390,572.57,W/m^2,9:43:23,28/6/17,Day of week:,Wednesday,35.19,Grade Celsius,
392,574.03,W/m^2,9:43:26,28/6/17,Day of week:,Wednesday,34.88,Grade Celsius,
396,576.95,W/m^2,9:43:29,28/6/17,Day of week:,Wednesday,34.94,Grade Celsius,
400,584.26,W/m^2,9:43:32,28/6/17,Day of week:,Wednesday,35.25,Grade Celsius,
404,591.56,W/m^2,9:43:35,28/6/17,Day of week:,Wednesday,35.19,Grade Celsius,
397,600.32,W/m^2,9:43:38,28/6/17,Day of week:,Wednesday,35.25,Grade Celsius,
411,626.61,W/m^2,9:43:41,28/6/17,Day of week:,Wednesday,35.63,Grade Celsius,
416,609.09,W/m^2,9:43:44,28/6/17,Day of week:,Wednesday,35.88,Grade Celsius,
417,612.01,W/m^2,9:43:47,28/6/17,Day of week:,Wednesday,36.00,Grade Celsius,
417,607.63,W/m^2,9:43:50,28/6/17,Day of week:,Wednesday,36.13,Grade Celsius,
420,617.85,W/m^2,9:43:53,28/6/17,Day of week:,Wednesday,36.38,Grade Celsius,
424,613.47,W/m^2,9:43:56,28/6/17,Day of week:,Wednesday,36.38,Grade Celsius,
419,620.77,W/m^2,9:44:00,28/6/17,Day of week:,Wednesday,35.88,Grade Celsius,
413,607.63,W/m^2,9:44:03,28/6/17,Day of week:,Wednesday,36.13,Grade Celsius,
399,582.80,W/m^2,9:44:06,28/6/17,Day of week:,Wednesday,36.25,Grade Celsius,
382,560.89,W/m^2,9:44:09,28/6/17,Day of week:,Wednesday,36.31,Grade Celsius,
368,537.52,W/m^2,9:44:12,28/6/17,Day of week:,Wednesday,36.50,Grade Celsius,
364,531.67,W/m^2,9:44:15,28/6/17,Day of week:,Wednesday,36.13,Grade Celsius,
365,537.52,W/m^2,9:44:18,28/6/17,Day of week:,Wednesday,35.75,Grade Celsius,
382,556.50,W/m^2,9:44:21,28/6/17,Day of week:,Wednesday,35.63,Grade Celsius,
388,568.19,W/m^2,9:44:24,28/6/17,Day of week:,Wednesday,35.88,Grade Celsius,
384,566.73,W/m^2,9:44:27,28/6/17,Day of week:,Wednesday,35.81,Grade Celsius,
402,591.56,W/m^2,9:44:30,28/6/17,Day of week:,Wednesday,35.63,Grade Celsius,
407,595.94,W/m^2,9:44:33,28/6/17,Day of week:,Wednesday,36.00,Grade Celsius,
387,576.95,W/m^2,9:44:36,28/6/17,Day of week:,Wednesday,36.19,Grade Celsius,
371,546.28,W/m^2,9:44:39,28/6/17,Day of week:,Wednesday,36.00,Grade Celsius,
343,501.00,W/m^2,9:44:42,28/6/17,Day of week:,Wednesday,35.69,Grade Celsius,
321,473.25,W/m^2,9:44:46,28/6/17,Day of week:,Wednesday,35.56,Grade Celsius,
301,446.96,W/m^2,9:44:49,28/6/17,Day of week:,Wednesday,35.38,Grade Celsius,
283,414.82,W/m^2,9:44:52,28/6/17,Day of week:,Wednesday,34.94,Grade Celsius,
275,408.98,W/m^2,9:44:55,28/6/17,Day of week:,Wednesday,34.94,Grade Celsius,
280,433.81,W/m^2,9:44:58,28/6/17,Day of week:,Wednesday,35.13,Grade Celsius,
283,420.66,W/m^2,9:45:01,28/6/17,Day of week:,Wednesday,35.25,Grade Celsius,
268,394.37,W/m^2,9:45:04,28/6/17,Day of week:,Wednesday,35.25,Grade Celsius,
283,414.82,W/m^2,9:45:07,28/6/17,Day of week:,Wednesday,35.06,Grade Celsius,
293,414.82,W/m^2,9:45:10,28/6/17,Day of week:,Wednesday,34.38,Grade Celsius,
295,426.51,W/m^2,9:45:13,28/6/17,Day of week:,Wednesday,34.50,Grade Celsius,
260,381.23,W/m^2,9:45:16,28/6/17,Day of week:,Wednesday,34.31,Grade Celsius,
225,344.71,W/m^2,9:45:19,28/6/17,Day of week:,Wednesday,33.88,Grade Celsius,
233,330.10,W/m^2,9:45:22,28/6/17,Day of week:,Wednesday,33.56,Grade Celsius,
227,334.49,W/m^2,9:45:26,28/6/17,Day of week:,Wednesday,33.13,Grade Celsius,
231,346.17,W/m^2,9:45:29,28/6/17,Day of week:,Wednesday,33.19,Grade Celsius,
245,338.87,W/m^2,9:45:32,28/6/17,Day of week:,Wednesday,32.75,Grade Celsius,
248,362.24,W/m^2,9:45:35,28/6/17,Day of week:,Wednesday,32.50,Grade Celsius,
249,376.85,W/m^2,9:45:38,28/6/17,Day of week:,Wednesday,32.38,Grade Celsius,
261,385.61,W/m^2,9:45:41,28/6/17,Day of week:,Wednesday,32.50,Grade Celsius,
296,426.51,W/m^2,9:45:44,28/6/17,Day of week:,Wednesday,32.44,Grade Celsius,
316,461.56,W/m^2,9:45:47,28/6/17,Day of week:,Wednesday,32.50,Grade Celsius,
330,496.62,W/m^2,9:45:50,28/6/17,Day of week:,Wednesday,32.44,Grade Celsius,
323,473.25,W/m^2,9:45:53,28/6/17,Day of week:,Wednesday,32.44,Grade Celsius,
320,473.25,W/m^2,9:45:56,28/6/17,Day of week:,Wednesday,32.19,Grade Celsius,
334,490.78,W/m^2,9:45:59,28/6/17,Day of week:,Wednesday,32.44,Grade Celsius,
315,473.25,W/m^2,9:46:02,28/6/17,Day of week:,Wednesday,32.75,Grade Celsius,
273,404.60,W/m^2,9:46:05,28/6/17,Day of week:,Wednesday,32.88,Grade Celsius,
234,349.09,W/m^2,9:46:08,28/6/17,Day of week:,Wednesday,32.75,Grade Celsius,
218,324.26,W/m^2,9:46:11,28/6/17,Day of week:,Wednesday,32.63,Grade Celsius,
215,315.50,W/m^2,9:46:15,28/6/17,Day of week:,Wednesday,32.44,Grade Celsius,
212,319.88,W/m^2,9:46:18,28/6/17,Day of week:,Wednesday,32.13,Grade Celsius,
201,295.05,W/m^2,9:46:21,28/6/17,Day of week:,Wednesday,31.87,Grade Celsius,
178,268.76,W/m^2,9:46:24,28/6/17,Day of week:,Wednesday,32.00,Grade Celsius,
175,264.38,W/m^2,9:46:27,28/6/17,Day of week:,Wednesday,31.81,Grade Celsius,
175,258.53,W/m^2,9:46:30,28/6/17,Day of week:,Wednesday,31.50,Grade Celsius,
171,254.15,W/m^2,9:46:33,28/6/17,Day of week:,Wednesday,31.37,Grade Celsius,
170,248.31,W/m^2,9:46:36,28/6/17,Day of week:,Wednesday,31.12,Grade Celsius,
170,248.31,W/m^2,9:46:39,28/6/17,Day of week:,Wednesday,30.87,Grade Celsius,
171,252.69,W/m^2,9:46:42,28/6/17,Day of week:,Wednesday,30.75,Grade Celsius,
183,262.92,W/m^2,9:46:45,28/6/17,Day of week:,Wednesday,30.87,Grade Celsius,
181,262.92,W/m^2,9:46:48,28/6/17,Day of week:,Wednesday,30.87,Grade Celsius,
184,257.07,W/m^2,9:46:51,28/6/17,Day of week:,Wednesday,30.94,Grade Celsius,
171,236.62,W/m^2,9:46:54,28/6/17,Day of week:,Wednesday,31.06,Grade Celsius,
162,251.23,W/m^2,9:46:57,28/6/17,Day of week:,Wednesday,31.25,Grade Celsius,
179,265.84,W/m^2,9:47:01,28/6/17,Day of week:,Wednesday,31.12,Grade Celsius,
189,277.52,W/m^2,9:47:04,28/6/17,Day of week:,Wednesday,30.87,Grade Celsius,
193,286.29,W/m^2,9:47:07,28/6/17,Day of week:,Wednesday,30.81,Grade Celsius,
192,303.81,W/m^2,9:47:10,28/6/17,Day of week:,Wednesday,31.00,Grade Celsius,
215,295.05,W/m^2,9:47:13,28/6/17,Day of week:,Wednesday,31.00,Grade Celsius,
217,303.81,W/m^2,9:47:16,28/6/17,Day of week:,Wednesday,31.00,Grade Celsius,
216,316.96,W/m^2,9:47:19,28/6/17,Day of week:,Wednesday,30.87,Grade Celsius,
218,330.10,W/m^2,9:47:22,28/6/17,Day of week:,Wednesday,30.81,Grade Celsius,
215,306.73,W/m^2,9:47:25,28/6/17,Day of week:,Wednesday,30.81,Grade Celsius,
203,297.97,W/m^2,9:47:28,28/6/17,Day of week:,Wednesday,31.06,Grade Celsius,
189,280.44,W/m^2,9:47:31,28/6/17,Day of week:,Wednesday,31.12,Grade Celsius,
183,270.22,W/m^2,9:47:34,28/6/17,Day of week:,Wednesday,31.06,Grade Celsius,
174,259.99,W/m^2,9:47:37,28/6/17,Day of week:,Wednesday,30.94,Grade Celsius,
172,252.69,W/m^2,9:47:40,28/6/17,Day of week:,Wednesday,30.94,Grade Celsius,
152,245.39,W/m^2,9:47:43,28/6/17,Day of week:,Wednesday,30.94,Grade Celsius,
159,241.01,W/m^2,9:47:46,28/6/17,Day of week:,Wednesday,31.06,Grade Celsius,
168,248.31,W/m^2,9:47:50,28/6/17,Day of week:,Wednesday,30.69,Grade Celsius,
174,257.07,W/m^2,9:47:53,28/6/17,Day of week:,Wednesday,30.62,Grade Celsius,
168,264.38,W/m^2,9:47:56,28/6/17,Day of week:,Wednesday,30.69,Grade Celsius,
185,274.60,W/m^2,9:47:59,28/6/17,Day of week:,Wednesday,30.81,Grade Celsius,
180,268.76,W/m^2,9:48:02,28/6/17,Day of week:,Wednesday,30.94,Grade Celsius,
172,252.69,W/m^2,9:48:05,28/6/17,Day of week:,Wednesday,30.94,Grade Celsius,
171,245.39,W/m^2,9:48:08,28/6/17,Day of week:,Wednesday,30.69,Grade Celsius,
164,249.77,W/m^2,9:48:11,28/6/17,Day of week:,Wednesday,30.69,Grade Celsius,
163,257.07,W/m^2,9:48:14,28/6/17,Day of week:,Wednesday,30.44,Grade Celsius,
150,233.70,W/m^2,9:48:17,28/6/17,Day of week:,Wednesday,30.19,Grade Celsius,
148,233.70,W/m^2,9:48:20,28/6/17,Day of week:,Wednesday,30.00,Grade Celsius,
153,224.94,W/m^2,9:48:23,28/6/17,Day of week:,Wednesday,30.00,Grade Celsius,
152,223.48,W/m^2,9:48:26,28/6/17,Day of week:,Wednesday,29.87,Grade Celsius,
150,213.25,W/m^2,9:48:29,28/6/17,Day of week:,Wednesday,30.06,Grade Celsius,
152,222.02,W/m^2,9:48:32,28/6/17,Day of week:,Wednesday,30.06,Grade Celsius,
163,222.02,W/m^2,9:48:35,28/6/17,Day of week:,Wednesday,29.94,Grade Celsius,
148,210.33,W/m^2,9:48:39,28/6/17,Day of week:,Wednesday,29.87,Grade Celsius,
147,216.17,W/m^2,9:48:42,28/6/17,Day of week:,Wednesday,30.06,Grade Celsius,
145,216.17,W/m^2,9:48:45,28/6/17,Day of week:,Wednesday,29.69,Grade Celsius,
147,216.17,W/m^2,9:48:48,28/6/17,Day of week:,Wednesday,29.62,Grade Celsius,
146,216.17,W/m^2,9:48:51,28/6/17,Day of week:,Wednesday,29.69,Grade Celsius,
142,213.25,W/m^2,9:48:54,28/6/17,Day of week:,Wednesday,29.62,Grade Celsius,
145,213.25,W/m^2,9:48:57,28/6/17,Day of week:,Wednesday,29.75,Grade Celsius,
144,189.88,W/m^2,9:49:00,28/6/17,Day of week:,Wednesday,29.50,Grade Celsius,
143,210.33,W/m^2,9:49:03,28/6/17,Day of week:,Wednesday,29.62,Grade Celsius,
141,213.25,W/m^2,9:49:06,28/6/17,Day of week:,Wednesday,29.62,Grade Celsius,
144,227.86,W/m^2,9:49:09,28/6/17,Day of week:,Wednesday,29.81,Grade Celsius,
144,210.33,W/m^2,9:49:12,28/6/17,Day of week:,Wednesday,29.94,Grade Celsius,
153,210.33,W/m^2,9:49:15,28/6/17,Day of week:,Wednesday,30.12,Grade Celsius,
142,210.33,W/m^2,9:49:18,28/6/17,Day of week:,Wednesday,30.19,Grade Celsius,
138,210.33,W/m^2,9:49:21,28/6/17,Day of week:,Wednesday,30.31,Grade Celsius,
141,205.95,W/m^2,9:49:25,28/6/17,Day of week:,Wednesday,30.44,Grade Celsius,
140,210.33,W/m^2,9:49:28,28/6/17,Day of week:,Wednesday,30.62,Grade Celsius,
140,207.41,W/m^2,9:49:31,28/6/17,Day of week:,Wednesday,30.69,Grade Celsius,
137,210.33,W/m^2,9:49:34,28/6/17,Day of week:,Wednesday,30.81,Grade Celsius,
142,211.79,W/m^2,9:49:37,28/6/17,Day of week:,Wednesday,30.75,Grade Celsius,
144,200.11,W/m^2,9:49:40,28/6/17,Day of week:,Wednesday,30.87,Grade Celsius,
144,204.49,W/m^2,9:49:43,28/6/17,Day of week:,Wednesday,30.75,Grade Celsius,
143,213.25,W/m^2,9:49:46,28/6/17,Day of week:,Wednesday,30.50,Grade Celsius,
137,213.25,W/m^2,9:49:49,28/6/17,Day of week:,Wednesday,30.31,Grade Celsius,
141,211.79,W/m^2,9:49:52,28/6/17,Day of week:,Wednesday,30.31,Grade Celsius,
145,213.25,W/m^2,9:49:55,28/6/17,Day of week:,Wednesday,30.44,Grade Celsius,
145,211.79,W/m^2,9:49:58,28/6/17,Day of week:,Wednesday,30.50,Grade Celsius,
146,213.25,W/m^2,9:50:01,28/6/17,Day of week:,Wednesday,30.69,Grade Celsius,
144,216.17,W/m^2,9:50:04,28/6/17,Day of week:,Wednesday,30.81,Grade Celsius,
146,219.10,W/m^2,9:50:08,28/6/17,Day of week:,Wednesday,30.94,Grade Celsius,
147,216.17,W/m^2,9:50:11,28/6/17,Day of week:,Wednesday,31.00,Grade Celsius,
153,219.10,W/m^2,9:50:14,28/6/17,Day of week:,Wednesday,31.12,Grade Celsius,
153,227.86,W/m^2,9:50:17,28/6/17,Day of week:,Wednesday,31.19,Grade Celsius,
152,223.48,W/m^2,9:50:20,28/6/17,Day of week:,Wednesday,31.31,Grade Celsius,
155,222.02,W/m^2,9:50:23,28/6/17,Day of week:,Wednesday,31.12,Grade Celsius,
152,227.86,W/m^2,9:50:26,28/6/17,Day of week:,Wednesday,30.94,Grade Celsius,
155,227.86,W/m^2,9:50:29,28/6/17,Day of week:,Wednesday,30.81,Grade Celsius,
157,233.70,W/m^2,9:50:32,28/6/17,Day of week:,Wednesday,30.81,Grade Celsius,
160,233.70,W/m^2,9:50:35,28/6/17,Day of week:,Wednesday,30.94,Grade Celsius,
162,239.54,W/m^2,9:50:38,28/6/17,Day of week:,Wednesday,31.00,Grade Celsius,
165,245.39,W/m^2,9:50:41,28/6/17,Day of week:,Wednesday,31.00,Grade Celsius,
166,249.77,W/m^2,9:50:44,28/6/17,Day of week:,Wednesday,30.87,Grade Celsius,
187,257.07,W/m^2,9:50:47,28/6/17,Day of week:,Wednesday,30.75,Grade Celsius,
201,280.44,W/m^2,9:50:50,28/6/17,Day of week:,Wednesday,30.69,Grade Celsius,
216,333.03,W/m^2,9:50:53,28/6/17,Day of week:,Wednesday,30.69,Grade Celsius,
234,366.62,W/m^2,9:50:57,28/6/17,Day of week:,Wednesday,30.62,Grade Celsius,
244,362.24,W/m^2,9:51:00,28/6/17,Day of week:,Wednesday,30.56,Grade Celsius,
237,353.47,W/m^2,9:51:03,28/6/17,Day of week:,Wednesday,30.44,Grade Celsius,
225,330.10,W/m^2,9:51:06,28/6/17,Day of week:,Wednesday,30.37,Grade Celsius,
213,318.42,W/m^2,9:51:09,28/6/17,Day of week:,Wednesday,30.37,Grade Celsius,
203,281.90,W/m^2,9:51:12,28/6/17,Day of week:,Wednesday,30.50,Grade Celsius,
196,293.59,W/m^2,9:51:15,28/6/17,Day of week:,Wednesday,30.37,Grade Celsius,
199,274.60,W/m^2,9:51:18,28/6/17,Day of week:,Wednesday,30.50,Grade Celsius,
192,276.06,W/m^2,9:51:21,28/6/17,Day of week:,Wednesday,30.44,Grade Celsius,
206,292.13,W/m^2,9:51:24,28/6/17,Day of week:,Wednesday,30.50,Grade Celsius,
222,315.50,W/m^2,9:51:27,28/6/17,Day of week:,Wednesday,30.62,Grade Celsius,
221,327.18,W/m^2,9:51:30,28/6/17,Day of week:,Wednesday,30.62,Grade Celsius,
227,333.03,W/m^2,9:51:33,28/6/17,Day of week:,Wednesday,30.75,Grade Celsius,
225,333.03,W/m^2,9:51:36,28/6/17,Day of week:,Wednesday,30.50,Grade Celsius,
232,341.79,W/m^2,9:51:39,28/6/17,Day of week:,Wednesday,30.50,Grade Celsius,
248,363.70,W/m^2,9:51:43,28/6/17,Day of week:,Wednesday,30.44,Grade Celsius,
258,373.92,W/m^2,9:51:46,28/6/17,Day of week:,Wednesday,30.44,Grade Celsius,
252,365.16,W/m^2,9:51:49,28/6/17,Day of week:,Wednesday,30.19,Grade Celsius,
244,368.08,W/m^2,9:51:52,28/6/17,Day of week:,Wednesday,30.31,Grade Celsius,
264,363.70,W/m^2,9:51:55,28/6/17,Day of week:,Wednesday,30.37,Grade Celsius,
255,376.85,W/m^2,9:51:58,28/6/17,Day of week:,Wednesday,30.12,Grade Celsius,
270,397.29,W/m^2,9:52:01,28/6/17,Day of week:,Wednesday,30.25,Grade Celsius,
264,388.53,W/m^2,9:52:04,28/6/17,Day of week:,Wednesday,30.44,Grade Celsius,
261,359.32,W/m^2,9:52:07,28/6/17,Day of week:,Wednesday,30.56,Grade Celsius,
230,338.87,W/m^2,9:52:10,28/6/17,Day of week:,Wednesday,30.69,Grade Celsius,
221,327.18,W/m^2,9:52:13,28/6/17,Day of week:,Wednesday,30.81,Grade Celsius,
224,328.64,W/m^2,9:52:16,28/6/17,Day of week:,Wednesday,30.69,Grade Celsius,
245,362.24,W/m^2,9:52:19,28/6/17,Day of week:,Wednesday,30.44,Grade Celsius,
268,392.91,W/m^2,9:52:22,28/6/17,Day of week:,Wednesday,30.44,Grade Celsius,
272,420.66,W/m^2,9:52:25,28/6/17,Day of week:,Wednesday,30.25,Grade Celsius,
305,436.73,W/m^2,9:52:28,28/6/17,Day of week:,Wednesday,30.31,Grade Celsius,
321,473.25,W/m^2,9:52:32,28/6/17,Day of week:,Wednesday,30.50,Grade Celsius,
333,490.78,W/m^2,9:52:35,28/6/17,Day of week:,Wednesday,30.62,Grade Celsius,
355,517.07,W/m^2,9:52:38,28/6/17,Day of week:,Wednesday,30.81,Grade Celsius,
371,552.12,W/m^2,9:52:41,28/6/17,Day of week:,Wednesday,31.12,Grade Celsius,
397,594.48,W/m^2,9:52:44,28/6/17,Day of week:,Wednesday,31.37,Grade Celsius,
410,601.78,W/m^2,9:52:47,28/6/17,Day of week:,Wednesday,31.69,Grade Celsius,
421,626.61,W/m^2,9:52:50,28/6/17,Day of week:,Wednesday,31.94,Grade Celsius,
419,626.61,W/m^2,9:52:53,28/6/17,Day of week:,Wednesday,32.19,Grade Celsius,
431,633.92,W/m^2,9:52:56,28/6/17,Day of week:,Wednesday,32.44,Grade Celsius,
450,619.31,W/m^2,9:52:59,28/6/17,Day of week:,Wednesday,32.69,Grade Celsius,
432,639.76,W/m^2,9:53:02,28/6/17,Day of week:,Wednesday,33.00,Grade Celsius,
436,641.22,W/m^2,9:53:05,28/6/17,Day of week:,Wednesday,32.69,Grade Celsius,
437,635.38,W/m^2,9:53:08,28/6/17,Day of week:,Wednesday,32.69,Grade Celsius,
426,641.22,W/m^2,9:53:11,28/6/17,Day of week:,Wednesday,32.94,Grade Celsius,
430,651.45,W/m^2,9:53:14,28/6/17,Day of week:,Wednesday,33.13,Grade Celsius,
433,620.77,W/m^2,9:53:18,28/6/17,Day of week:,Wednesday,33.06,Grade Celsius,
414,609.09,W/m^2,9:53:21,28/6/17,Day of week:,Wednesday,33.13,Grade Celsius,
416,607.63,W/m^2,9:53:24,28/6/17,Day of week:,Wednesday,33.19,Grade Celsius,
419,617.85,W/m^2,9:53:27,28/6/17,Day of week:,Wednesday,33.19,Grade Celsius,
425,639.76,W/m^2,9:53:30,28/6/17,Day of week:,Wednesday,33.19,Grade Celsius,
425,625.15,W/m^2,9:53:33,28/6/17,Day of week:,Wednesday,33.31,Grade Celsius,
429,616.39,W/m^2,9:53:36,28/6/17,Day of week:,Wednesday,33.50,Grade Celsius,
425,629.54,W/m^2,9:53:39,28/6/17,Day of week:,Wednesday,33.75,Grade Celsius,
429,620.77,W/m^2,9:53:42,28/6/17,Day of week:,Wednesday,33.94,Grade Celsius,
414,609.09,W/m^2,9:53:45,28/6/17,Day of week:,Wednesday,34.06,Grade Celsius,
405,594.48,W/m^2,9:53:48,28/6/17,Day of week:,Wednesday,34.25,Grade Celsius,
398,594.48,W/m^2,9:53:51,28/6/17,Day of week:,Wednesday,34.38,Grade Celsius,
413,609.09,W/m^2,9:53:54,28/6/17,Day of week:,Wednesday,34.50,Grade Celsius,
423,620.77,W/m^2,9:53:57,28/6/17,Day of week:,Wednesday,34.44,Grade Celsius,
423,619.31,W/m^2,9:54:00,28/6/17,Day of week:,Wednesday,34.31,Grade Celsius,
416,591.56,W/m^2,9:54:04,28/6/17,Day of week:,Wednesday,34.50,Grade Celsius,
381,566.73,W/m^2,9:54:07,28/6/17,Day of week:,Wednesday,34.69,Grade Celsius,
354,508.30,W/m^2,9:54:10,28/6/17,Day of week:,Wednesday,34.88,Grade Celsius,
307,446.96,W/m^2,9:54:13,28/6/17,Day of week:,Wednesday,34.94,Grade Celsius,
294,426.51,W/m^2,9:54:16,28/6/17,Day of week:,Wednesday,34.88,Grade Celsius,
289,426.51,W/m^2,9:54:19,28/6/17,Day of week:,Wednesday,34.38,Grade Celsius,
288,416.28,W/m^2,9:54:22,28/6/17,Day of week:,Wednesday,34.00,Grade Celsius,
249,385.61,W/m^2,9:54:25,28/6/17,Day of week:,Wednesday,33.88,Grade Celsius,
247,368.08,W/m^2,9:54:28,28/6/17,Day of week:,Wednesday,34.00,Grade Celsius,
246,347.63,W/m^2,9:54:31,28/6/17,Day of week:,Wednesday,33.81,Grade Celsius,
255,371.00,W/m^2,9:54:34,28/6/17,Day of week:,Wednesday,33.50,Grade Celsius,
253,379.77,W/m^2,9:54:37,28/6/17,Day of week:,Wednesday,33.13,Grade Celsius,
252,362.24,W/m^2,9:54:40,28/6/17,Day of week:,Wednesday,33.00,Grade Celsius,
251,373.92,W/m^2,9:54:43,28/6/17,Day of week:,Wednesday,32.63,Grade Celsius,
253,369.54,W/m^2,9:54:46,28/6/17,Day of week:,Wednesday,32.31,Grade Celsius,
249,359.32,W/m^2,9:54:49,28/6/17,Day of week:,Wednesday,31.94,Grade Celsius,
244,359.32,W/m^2,9:54:53,28/6/17,Day of week:,Wednesday,31.75,Grade Celsius,
248,363.70,W/m^2,9:54:56,28/6/17,Day of week:,Wednesday,31.56,Grade Celsius,
275,403.14,W/m^2,9:54:59,28/6/17,Day of week:,Wednesday,31.25,Grade Celsius,
306,454.26,W/m^2,9:55:02,28/6/17,Day of week:,Wednesday,30.87,Grade Celsius,
358,505.38,W/m^2,9:55:05,28/6/17,Day of week:,Wednesday,30.75,Grade Celsius,
373,546.28,W/m^2,9:55:08,28/6/17,Day of week:,Wednesday,30.75,Grade Celsius,
397,581.33,W/m^2,9:55:11,28/6/17,Day of week:,Wednesday,30.94,Grade Celsius,
406,607.63,W/m^2,9:55:14,28/6/17,Day of week:,Wednesday,30.81,Grade Celsius,
416,607.63,W/m^2,9:55:17,28/6/17,Day of week:,Wednesday,30.75,Grade Celsius,
416,609.09,W/m^2,9:55:20,28/6/17,Day of week:,Wednesday,30.87,Grade Celsius,
412,607.63,W/m^2,9:55:23,28/6/17,Day of week:,Wednesday,31.19,Grade Celsius,
399,590.10,W/m^2,9:55:26,28/6/17,Day of week:,Wednesday,31.44,Grade Celsius,
347,492.24,W/m^2,9:55:29,28/6/17,Day of week:,Wednesday,31.62,Grade Celsius,
286,444.03,W/m^2,9:55:33,28/6/17,Day of week:,Wednesday,31.81,Grade Celsius,
260,362.24,W/m^2,9:55:36,28/6/17,Day of week:,Wednesday,31.75,Grade Celsius,
256,391.45,W/m^2,9:55:39,28/6/17,Day of week:,Wednesday,32.06,Grade Celsius,
257,384.15,W/m^2,9:55:42,28/6/17,Day of week:,Wednesday,32.13,Grade Celsius,
264,392.91,W/m^2,9:55:45,28/6/17,Day of week:,Wednesday,32.25,Grade Celsius,
270,397.29,W/m^2,9:55:48,28/6/17,Day of week:,Wednesday,32.38,Grade Celsius,
292,433.81,W/m^2,9:55:51,28/6/17,Day of week:,Wednesday,32.63,Grade Celsius,
314,457.18,W/m^2,9:55:54,28/6/17,Day of week:,Wednesday,32.81,Grade Celsius,
326,473.25,W/m^2,9:55:57,28/6/17,Day of week:,Wednesday,33.06,Grade Celsius,
305,458.64,W/m^2,9:56:00,28/6/17,Day of week:,Wednesday,32.75,Grade Celsius,
303,429.43,W/m^2,9:56:03,28/6/17,Day of week:,Wednesday,32.75,Grade Celsius,
299,438.19,W/m^2,9:56:06,28/6/17,Day of week:,Wednesday,32.69,Grade Celsius,
311,455.72,W/m^2,9:56:09,28/6/17,Day of week:,Wednesday,32.44,Grade Celsius,
329,490.78,W/m^2,9:56:12,28/6/17,Day of week:,Wednesday,32.38,Grade Celsius,
362,533.13,W/m^2,9:56:15,28/6/17,Day of week:,Wednesday,32.50,Grade Celsius,
385,563.81,W/m^2,9:56:19,28/6/17,Day of week:,Wednesday,32.75,Grade Celsius,
388,572.57,W/m^2,9:56:22,28/6/17,Day of week:,Wednesday,32.69,Grade Celsius,
390,572.57,W/m^2,9:56:25,28/6/17,Day of week:,Wednesday,32.94,Grade Celsius,
397,593.02,W/m^2,9:56:28,28/6/17,Day of week:,Wednesday,32.69,Grade Celsius,
389,572.57,W/m^2,9:56:31,28/6/17,Day of week:,Wednesday,33.00,Grade Celsius,
367,537.52,W/m^2,9:56:34,28/6/17,Day of week:,Wednesday,33.19,Grade Celsius,
347,511.22,W/m^2,9:56:37,28/6/17,Day of week:,Wednesday,33.38,Grade Celsius,
327,479.09,W/m^2,9:56:40,28/6/17,Day of week:,Wednesday,33.44,Grade Celsius,
317,467.40,W/m^2,9:56:43,28/6/17,Day of week:,Wednesday,33.38,Grade Celsius,
317,463.02,W/m^2,9:56:46,28/6/17,Day of week:,Wednesday,33.06,Grade Celsius,
298,452.80,W/m^2,9:56:49,28/6/17,Day of week:,Wednesday,33.00,Grade Celsius,
301,449.88,W/m^2,9:56:52,28/6/17,Day of week:,Wednesday,32.88,Grade Celsius,
291,426.51,W/m^2,9:56:55,28/6/17,Day of week:,Wednesday,32.63,Grade Celsius,
287,422.12,W/m^2,9:56:58,28/6/17,Day of week:,Wednesday,32.31,Grade Celsius,
318,467.40,W/m^2,9:57:01,28/6/17,Day of week:,Wednesday,31.81,Grade Celsius,
376,537.52,W/m^2,9:57:04,28/6/17,Day of week:,Wednesday,31.62,Grade Celsius,
415,607.63,W/m^2,9:57:08,28/6/17,Day of week:,Wednesday,31.50,Grade Celsius,
429,631.00,W/m^2,9:57:11,28/6/17,Day of week:,Wednesday,31.69,Grade Celsius,
412,628.08,W/m^2,9:57:14,28/6/17,Day of week:,Wednesday,31.87,Grade Celsius,
426,626.61,W/m^2,9:57:17,28/6/17,Day of week:,Wednesday,32.19,Grade Celsius,
428,622.23,W/m^2,9:57:20,28/6/17,Day of week:,Wednesday,32.44,Grade Celsius,
428,614.93,W/m^2,9:57:23,28/6/17,Day of week:,Wednesday,32.81,Grade Celsius,
405,595.94,W/m^2,9:57:26,28/6/17,Day of week:,Wednesday,33.06,Grade Celsius,
382,581.33,W/m^2,9:57:29,28/6/17,Day of week:,Wednesday,33.00,Grade Celsius,
395,581.33,W/m^2,9:57:32,28/6/17,Day of week:,Wednesday,33.13,Grade Celsius,
395,563.81,W/m^2,9:57:35,28/6/17,Day of week:,Wednesday,33.38,Grade Celsius,
360,527.29,W/m^2,9:57:38,28/6/17,Day of week:,Wednesday,33.63,Grade Celsius,
343,505.38,W/m^2,9:57:41,28/6/17,Day of week:,Wednesday,33.88,Grade Celsius,
324,479.09,W/m^2,9:57:44,28/6/17,Day of week:,Wednesday,34.13,Grade Celsius,
305,454.26,W/m^2,9:57:47,28/6/17,Day of week:,Wednesday,34.25,Grade Celsius,
290,420.66,W/m^2,9:57:50,28/6/17,Day of week:,Wednesday,34.31,Grade Celsius,
259,373.92,W/m^2,9:57:54,28/6/17,Day of week:,Wednesday,34.38,Grade Celsius,
235,341.79,W/m^2,9:57:57,28/6/17,Day of week:,Wednesday,34.44,Grade Celsius,
209,311.12,W/m^2,9:58:00,28/6/17,Day of week:,Wednesday,34.56,Grade Celsius,
193,292.13,W/m^2,9:58:03,28/6/17,Day of week:,Wednesday,34.63,Grade Celsius,
199,297.97,W/m^2,9:58:06,28/6/17,Day of week:,Wednesday,34.69,Grade Celsius,
196,292.13,W/m^2,9:58:09,28/6/17,Day of week:,Wednesday,34.63,Grade Celsius,
206,299.43,W/m^2,9:58:12,28/6/17,Day of week:,Wednesday,34.38,Grade Celsius,
203,302.35,W/m^2,9:58:15,28/6/17,Day of week:,Wednesday,34.44,Grade Celsius,
200,297.97,W/m^2,9:58:18,28/6/17,Day of week:,Wednesday,34.50,Grade Celsius,
198,292.13,W/m^2,9:58:21,28/6/17,Day of week:,Wednesday,34.38,Grade Celsius,
193,281.90,W/m^2,9:58:24,28/6/17,Day of week:,Wednesday,34.13,Grade Celsius,
197,274.60,W/m^2,9:58:27,28/6/17,Day of week:,Wednesday,34.00,Grade Celsius,
177,257.07,W/m^2,9:58:30,28/6/17,Day of week:,Wednesday,33.88,Grade Celsius,
172,257.07,W/m^2,9:58:33,28/6/17,Day of week:,Wednesday,33.69,Grade Celsius,
160,257.07,W/m^2,9:58:36,28/6/17,Day of week:,Wednesday,33.75,Grade Celsius,
177,248.31,W/m^2,9:58:39,28/6/17,Day of week:,Wednesday,33.81,Grade Celsius,
169,251.23,W/m^2,9:58:43,28/6/17,Day of week:,Wednesday,33.81,Grade Celsius,
171,251.23,W/m^2,9:58:46,28/6/17,Day of week:,Wednesday,33.94,Grade Celsius,
156,246.85,W/m^2,9:58:49,28/6/17,Day of week:,Wednesday,33.94,Grade Celsius,
169,249.77,W/m^2,9:58:52,28/6/17,Day of week:,Wednesday,33.50,Grade Celsius,
167,246.85,W/m^2,9:58:55,28/6/17,Day of week:,Wednesday,33.19,Grade Celsius,
167,233.70,W/m^2,9:58:58,28/6/17,Day of week:,Wednesday,32.81,Grade Celsius,
166,245.39,W/m^2,9:59:01,28/6/17,Day of week:,Wednesday,32.63,Grade Celsius,
166,233.70,W/m^2,9:59:04,28/6/17,Day of week:,Wednesday,32.38,Grade Celsius,
157,224.94,W/m^2,9:59:07,28/6/17,Day of week:,Wednesday,32.00,Grade Celsius,
158,229.32,W/m^2,9:59:10,28/6/17,Day of week:,Wednesday,32.13,Grade Celsius,
160,229.32,W/m^2,9:59:13,28/6/17,Day of week:,Wednesday,31.94,Grade Celsius,
143,227.86,W/m^2,9:59:16,28/6/17,Day of week:,Wednesday,31.87,Grade Celsius,
152,227.86,W/m^2,9:59:19,28/6/17,Day of week:,Wednesday,31.81,Grade Celsius,
153,223.48,W/m^2,9:59:22,28/6/17,Day of week:,Wednesday,31.94,Grade Celsius,
150,222.02,W/m^2,9:59:25,28/6/17,Day of week:,Wednesday,31.81,Grade Celsius,
152,227.86,W/m^2,9:59:29,28/6/17,Day of week:,Wednesday,31.87,Grade Celsius,
155,229.32,W/m^2,9:59:32,28/6/17,Day of week:,Wednesday,31.94,Grade Celsius,
157,233.70,W/m^2,9:59:35,28/6/17,Day of week:,Wednesday,31.69,Grade Celsius,
157,245.39,W/m^2,9:59:38,28/6/17,Day of week:,Wednesday,31.81,Grade Celsius,
157,229.32,W/m^2,9:59:41,28/6/17,Day of week:,Wednesday,31.62,Grade Celsius,
156,224.94,W/m^2,9:59:44,28/6/17,Day of week:,Wednesday,31.44,Grade Celsius,
155,211.79,W/m^2,9:59:47,28/6/17,Day of week:,Wednesday,31.50,Grade Celsius,
160,226.40,W/m^2,9:59:50,28/6/17,Day of week:,Wednesday,31.25,Grade Celsius,
154,224.94,W/m^2,9:59:53,28/6/17,Day of week:,Wednesday,31.50,Grade Celsius,
157,229.32,W/m^2,9:59:56,28/6/17,Day of week:,Wednesday,31.62,Grade Celsius,
161,236.62,W/m^2,9:59:59,28/6/17,Day of week:,Wednesday,31.44,Grade Celsius,
164,236.62,W/m^2,10:00:02,28/6/17,Day of week:,Wednesday,31.50,Grade Celsius,
161,239.54,W/m^2,10:00:05,28/6/17,Day of week:,Wednesday,31.31,Grade Celsius,
163,245.39,W/m^2,10:00:08,28/6/17,Day of week:,Wednesday,31.37,Grade Celsius,
180,254.15,W/m^2,10:00:11,28/6/17,Day of week:,Wednesday,31.44,Grade Celsius,
170,251.23,W/m^2,10:00:15,28/6/17,Day of week:,Wednesday,31.50,Grade Celsius,
169,251.23,W/m^2,10:00:18,28/6/17,Day of week:,Wednesday,31.31,Grade Celsius,
164,261.45,W/m^2,10:00:21,28/6/17,Day of week:,Wednesday,31.19,Grade Celsius,
163,233.70,W/m^2,10:00:24,28/6/17,Day of week:,Wednesday,30.81,Grade Celsius,
164,242.47,W/m^2,10:00:27,28/6/17,Day of week:,Wednesday,30.69,Grade Celsius,
162,257.07,W/m^2,10:00:30,28/6/17,Day of week:,Wednesday,30.75,Grade Celsius,
176,258.53,W/m^2,10:00:33,28/6/17,Day of week:,Wednesday,30.69,Grade Celsius,
175,257.07,W/m^2,10:00:36,28/6/17,Day of week:,Wednesday,30.37,Grade Celsius,
169,251.23,W/m^2,10:00:39,28/6/17,Day of week:,Wednesday,30.12,Grade Celsius,
173,257.07,W/m^2,10:00:42,28/6/17,Day of week:,Wednesday,29.75,Grade Celsius,
176,258.53,W/m^2,10:00:45,28/6/17,Day of week:,Wednesday,29.62,Grade Celsius,
177,259.99,W/m^2,10:00:48,28/6/17,Day of week:,Wednesday,29.44,Grade Celsius,
177,261.45,W/m^2,10:00:51,28/6/17,Day of week:,Wednesday,29.19,Grade Celsius,
175,258.53,W/m^2,10:00:54,28/6/17,Day of week:,Wednesday,28.87,Grade Celsius,
175,248.31,W/m^2,10:00:58,28/6/17,Day of week:,Wednesday,28.81,Grade Celsius,
171,251.23,W/m^2,10:01:01,28/6/17,Day of week:,Wednesday,28.87,Grade Celsius,
174,257.07,W/m^2,10:01:04,28/6/17,Day of week:,Wednesday,29.00,Grade Celsius,
178,259.99,W/m^2,10:01:07,28/6/17,Day of week:,Wednesday,29.00,Grade Celsius,
181,265.84,W/m^2,10:01:10,28/6/17,Day of week:,Wednesday,29.12,Grade Celsius,
184,268.76,W/m^2,10:01:13,28/6/17,Day of week:,Wednesday,29.31,Grade Celsius,
184,270.22,W/m^2,10:01:16,28/6/17,Day of week:,Wednesday,29.50,Grade Celsius,
205,280.44,W/m^2,10:01:19,28/6/17,Day of week:,Wednesday,29.50,Grade Celsius,
195,286.29,W/m^2,10:01:22,28/6/17,Day of week:,Wednesday,29.69,Grade Celsius,
195,293.59,W/m^2,10:01:25,28/6/17,Day of week:,Wednesday,29.81,Grade Celsius,
201,292.13,W/m^2,10:01:28,28/6/17,Day of week:,Wednesday,29.87,Grade Celsius,
207,299.43,W/m^2,10:01:31,28/6/17,Day of week:,Wednesday,29.87,Grade Celsius,
202,308.20,W/m^2,10:01:34,28/6/17,Day of week:,Wednesday,29.50,Grade Celsius,
215,309.66,W/m^2,10:01:37,28/6/17,Day of week:,Wednesday,29.44,Grade Celsius,
207,306.73,W/m^2,10:01:40,28/6/17,Day of week:,Wednesday,29.31,Grade Celsius,
209,309.66,W/m^2,10:01:43,28/6/17,Day of week:,Wednesday,29.12,Grade Celsius,
216,328.64,W/m^2,10:01:47,28/6/17,Day of week:,Wednesday,28.87,Grade Celsius,
244,359.32,W/m^2,10:01:50,28/6/17,Day of week:,Wednesday,28.87,Grade Celsius,
256,373.92,W/m^2,10:01:53,28/6/17,Day of week:,Wednesday,28.87,Grade Celsius,
244,356.40,W/m^2,10:01:56,28/6/17,Day of week:,Wednesday,28.87,Grade Celsius,
219,330.10,W/m^2,10:01:59,28/6/17,Day of week:,Wednesday,28.87,Grade Celsius,
200,295.05,W/m^2,10:02:02,28/6/17,Day of week:,Wednesday,28.81,Grade Celsius,
196,286.29,W/m^2,10:02:05,28/6/17,Day of week:,Wednesday,28.81,Grade Celsius,
206,299.43,W/m^2,10:02:08,28/6/17,Day of week:,Wednesday,28.75,Grade Celsius,
222,327.18,W/m^2,10:02:11,28/6/17,Day of week:,Wednesday,28.94,Grade Celsius,
237,322.80,W/m^2,10:02:14,28/6/17,Day of week:,Wednesday,29.06,Grade Celsius,
233,350.55,W/m^2,10:02:17,28/6/17,Day of week:,Wednesday,29.31,Grade Celsius,
219,319.88,W/m^2,10:02:20,28/6/17,Day of week:,Wednesday,29.37,Grade Celsius,
192,289.21,W/m^2,10:02:23,28/6/17,Day of week:,Wednesday,29.37,Grade Celsius,
188,280.44,W/m^2,10:02:26,28/6/17,Day of week:,Wednesday,29.37,Grade Celsius,
219,341.79,W/m^2,10:02:29,28/6/17,Day of week:,Wednesday,29.25,Grade Celsius,
242,362.24,W/m^2,10:02:33,28/6/17,Day of week:,Wednesday,29.19,Grade Celsius,
252,365.16,W/m^2,10:02:36,28/6/17,Day of week:,Wednesday,29.19,Grade Celsius,
249,368.08,W/m^2,10:02:39,28/6/17,Day of week:,Wednesday,29.06,Grade Celsius,
232,369.54,W/m^2,10:02:42,28/6/17,Day of week:,Wednesday,29.06,Grade Celsius,
240,362.24,W/m^2,10:02:45,28/6/17,Day of week:,Wednesday,29.12,Grade Celsius,
228,324.26,W/m^2,10:02:48,28/6/17,Day of week:,Wednesday,29.19,Grade Celsius,
221,321.34,W/m^2,10:02:51,28/6/17,Day of week:,Wednesday,29.06,Grade Celsius,
206,297.97,W/m^2,10:02:54,28/6/17,Day of week:,Wednesday,29.25,Grade Celsius,
210,311.12,W/m^2,10:02:57,28/6/17,Day of week:,Wednesday,29.37,Grade Celsius,
231,341.79,W/m^2,10:03:00,28/6/17,Day of week:,Wednesday,29.50,Grade Celsius,
249,357.86,W/m^2,10:03:03,28/6/17,Day of week:,Wednesday,29.50,Grade Celsius,
241,353.47,W/m^2,10:03:06,28/6/17,Day of week:,Wednesday,29.37,Grade Celsius,
237,350.55,W/m^2,10:03:09,28/6/17,Day of week:,Wednesday,29.50,Grade Celsius,
254,373.92,W/m^2,10:03:12,28/6/17,Day of week:,Wednesday,29.62,Grade Celsius,
272,394.37,W/m^2,10:03:15,28/6/17,Day of week:,Wednesday,29.87,Grade Celsius,
266,397.29,W/m^2,10:03:19,28/6/17,Day of week:,Wednesday,30.00,Grade Celsius,
229,338.87,W/m^2,10:03:22,28/6/17,Day of week:,Wednesday,29.94,Grade Celsius,
209,292.13,W/m^2,10:03:25,28/6/17,Day of week:,Wednesday,29.94,Grade Celsius,
182,265.84,W/m^2,10:03:28,28/6/17,Day of week:,Wednesday,30.00,Grade Celsius,
189,280.44,W/m^2,10:03:31,28/6/17,Day of week:,Wednesday,30.19,Grade Celsius,
182,287.75,W/m^2,10:03:34,28/6/17,Day of week:,Wednesday,29.94,Grade Celsius,
184,274.60,W/m^2,10:03:37,28/6/17,Day of week:,Wednesday,29.94,Grade Celsius,
174,257.07,W/m^2,10:03:40,28/6/17,Day of week:,Wednesday,30.06,Grade Celsius,
151,259.99,W/m^2,10:03:43,28/6/17,Day of week:,Wednesday,30.12,Grade Celsius,
162,235.16,W/m^2,10:03:46,28/6/17,Day of week:,Wednesday,30.25,Grade Celsius,
182,246.85,W/m^2,10:03:49,28/6/17,Day of week:,Wednesday,30.19,Grade Celsius,
178,262.92,W/m^2,10:03:52,28/6/17,Day of week:,Wednesday,30.31,Grade Celsius,
191,280.44,W/m^2,10:03:55,28/6/17,Day of week:,Wednesday,30.50,Grade Celsius,
213,303.81,W/m^2,10:03:58,28/6/17,Day of week:,Wednesday,30.56,Grade Celsius,
247,362.24,W/m^2,10:04:01,28/6/17,Day of week:,Wednesday,30.37,Grade Celsius,
279,403.14,W/m^2,10:04:05,28/6/17,Day of week:,Wednesday,30.19,Grade Celsius,
310,452.80,W/m^2,10:04:08,28/6/17,Day of week:,Wednesday,30.31,Grade Celsius,
297,445.50,W/m^2,10:04:11,28/6/17,Day of week:,Wednesday,30.44,Grade Celsius,
283,411.90,W/m^2,10:04:14,28/6/17,Day of week:,Wednesday,30.12,Grade Celsius,
279,408.98,W/m^2,10:04:17,28/6/17,Day of week:,Wednesday,30.19,Grade Celsius,
291,429.43,W/m^2,10:04:20,28/6/17,Day of week:,Wednesday,30.00,Grade Celsius,
304,446.96,W/m^2,10:04:23,28/6/17,Day of week:,Wednesday,29.87,Grade Celsius,
318,484.93,W/m^2,10:04:26,28/6/17,Day of week:,Wednesday,30.12,Grade Celsius,
332,490.78,W/m^2,10:04:29,28/6/17,Day of week:,Wednesday,30.31,Grade Celsius,
336,502.46,W/m^2,10:04:32,28/6/17,Day of week:,Wednesday,30.44,Grade Celsius,
349,511.22,W/m^2,10:04:35,28/6/17,Day of week:,Wednesday,30.75,Grade Celsius,
352,514.15,W/m^2,10:04:38,28/6/17,Day of week:,Wednesday,30.81,Grade Celsius,
348,503.92,W/m^2,10:04:41,28/6/17,Day of week:,Wednesday,30.81,Grade Celsius,
351,514.15,W/m^2,10:04:44,28/6/17,Day of week:,Wednesday,31.00,Grade Celsius,
351,528.75,W/m^2,10:04:47,28/6/17,Day of week:,Wednesday,31.00,Grade Celsius,
377,550.66,W/m^2,10:04:51,28/6/17,Day of week:,Wednesday,31.25,Grade Celsius,
389,571.11,W/m^2,10:04:54,28/6/17,Day of week:,Wednesday,31.31,Grade Celsius,
398,585.72,W/m^2,10:04:57,28/6/17,Day of week:,Wednesday,31.12,Grade Celsius,
403,591.56,W/m^2,10:05:00,28/6/17,Day of week:,Wednesday,31.12,Grade Celsius,
401,584.26,W/m^2,10:05:03,28/6/17,Day of week:,Wednesday,31.00,Grade Celsius,
389,565.27,W/m^2,10:05:06,28/6/17,Day of week:,Wednesday,31.00,Grade Celsius,
377,562.35,W/m^2,10:05:09,28/6/17,Day of week:,Wednesday,31.31,Grade Celsius,
365,537.52,W/m^2,10:05:12,28/6/17,Day of week:,Wednesday,31.25,Grade Celsius,
360,543.36,W/m^2,10:05:15,28/6/17,Day of week:,Wednesday,31.12,Grade Celsius,
366,553.58,W/m^2,10:05:18,28/6/17,Day of week:,Wednesday,30.81,Grade Celsius,
382,560.89,W/m^2,10:05:21,28/6/17,Day of week:,Wednesday,30.56,Grade Celsius,
386,560.89,W/m^2,10:05:24,28/6/17,Day of week:,Wednesday,30.44,Grade Celsius,
388,566.73,W/m^2,10:05:27,28/6/17,Day of week:,Wednesday,30.25,Grade Celsius,
390,549.20,W/m^2,10:05:30,28/6/17,Day of week:,Wednesday,30.44,Grade Celsius,
396,578.41,W/m^2,10:05:33,28/6/17,Day of week:,Wednesday,30.62,Grade Celsius,
394,582.80,W/m^2,10:05:37,28/6/17,Day of week:,Wednesday,30.69,Grade Celsius,
399,584.26,W/m^2,10:05:40,28/6/17,Day of week:,Wednesday,30.87,Grade Celsius,
391,581.33,W/m^2,10:05:43,28/6/17,Day of week:,Wednesday,31.00,Grade Celsius,
396,581.33,W/m^2,10:05:46,28/6/17,Day of week:,Wednesday,31.25,Grade Celsius,
397,581.33,W/m^2,10:05:49,28/6/17,Day of week:,Wednesday,31.56,Grade Celsius,
393,581.33,W/m^2,10:05:52,28/6/17,Day of week:,Wednesday,31.81,Grade Celsius,
397,584.26,W/m^2,10:05:55,28/6/17,Day of week:,Wednesday,31.94,Grade Celsius,
397,582.80,W/m^2,10:05:58,28/6/17,Day of week:,Wednesday,32.00,Grade Celsius,
397,579.87,W/m^2,10:06:01,28/6/17,Day of week:,Wednesday,32.00,Grade Celsius,
394,575.49,W/m^2,10:06:04,28/6/17,Day of week:,Wednesday,31.94,Grade Celsius,
396,579.87,W/m^2,10:06:07,28/6/17,Day of week:,Wednesday,31.81,Grade Celsius,
396,587.18,W/m^2,10:06:10,28/6/17,Day of week:,Wednesday,31.94,Grade Celsius,
394,581.33,W/m^2,10:06:13,28/6/17,Day of week:,Wednesday,32.06,Grade Celsius,
383,569.65,W/m^2,10:06:17,28/6/17,Day of week:,Wednesday,32.13,Grade Celsius,
393,575.49,W/m^2,10:06:20,28/6/17,Day of week:,Wednesday,32.38,Grade Celsius,
392,578.41,W/m^2,10:06:23,28/6/17,Day of week:,Wednesday,32.13,Grade Celsius,
390,579.87,W/m^2,10:06:26,28/6/17,Day of week:,Wednesday,32.31,Grade Celsius,
392,579.87,W/m^2,10:06:29,28/6/17,Day of week:,Wednesday,32.06,Grade Celsius,
384,578.41,W/m^2,10:06:32,28/6/17,Day of week:,Wednesday,32.19,Grade Celsius,
394,576.95,W/m^2,10:06:35,28/6/17,Day of week:,Wednesday,32.31,Grade Celsius,
394,575.49,W/m^2,10:06:38,28/6/17,Day of week:,Wednesday,32.00,Grade Celsius,
392,575.49,W/m^2,10:06:41,28/6/17,Day of week:,Wednesday,32.19,Grade Celsius,
396,595.94,W/m^2,10:06:44,28/6/17,Day of week:,Wednesday,32.38,Grade Celsius,
376,574.03,W/m^2,10:06:47,28/6/17,Day of week:,Wednesday,32.06,Grade Celsius,
400,574.03,W/m^2,10:06:50,28/6/17,Day of week:,Wednesday,31.62,Grade Celsius,
391,575.49,W/m^2,10:06:53,28/6/17,Day of week:,Wednesday,31.44,Grade Celsius,
393,576.95,W/m^2,10:06:56,28/6/17,Day of week:,Wednesday,31.25,Grade Celsius,
392,575.49,W/m^2,10:06:59,28/6/17,Day of week:,Wednesday,31.19,Grade Celsius,
390,574.03,W/m^2,10:07:03,28/6/17,Day of week:,Wednesday,31.37,Grade Celsius,
391,565.27,W/m^2,10:07:06,28/6/17,Day of week:,Wednesday,31.62,Grade Celsius,
390,572.57,W/m^2,10:07:09,28/6/17,Day of week:,Wednesday,31.31,Grade Celsius,
390,578.41,W/m^2,10:07:12,28/6/17,Day of week:,Wednesday,31.19,Grade Celsius,
392,575.49,W/m^2,10:07:15,28/6/17,Day of week:,Wednesday,31.50,Grade Celsius,
387,572.57,W/m^2,10:07:18,28/6/17,Day of week:,Wednesday,31.69,Grade Celsius,
389,560.89,W/m^2,10:07:21,28/6/17,Day of week:,Wednesday,31.87,Grade Celsius,
389,569.65,W/m^2,10:07:24,28/6/17,Day of week:,Wednesday,31.75,Grade Celsius,
387,568.19,W/m^2,10:07:27,28/6/17,Day of week:,Wednesday,32.00,Grade Celsius,
388,571.11,W/m^2,10:07:30,28/6/17,Day of week:,Wednesday,32.25,Grade Celsius,
390,572.57,W/m^2,10:07:33,28/6/17,Day of week:,Wednesday,32.50,Grade Celsius,
390,572.57,W/m^2,10:07:36,28/6/17,Day of week:,Wednesday,32.69,Grade Celsius,
390,569.65,W/m^2,10:07:39,28/6/17,Day of week:,Wednesday,32.88,Grade Celsius,
382,563.81,W/m^2,10:07:42,28/6/17,Day of week:,Wednesday,33.00,Grade Celsius,
390,568.19,W/m^2,10:07:45,28/6/17,Day of week:,Wednesday,33.25,Grade Celsius,
388,579.87,W/m^2,10:07:48,28/6/17,Day of week:,Wednesday,33.50,Grade Celsius,
387,568.19,W/m^2,10:07:52,28/6/17,Day of week:,Wednesday,33.38,Grade Celsius,
398,572.57,W/m^2,10:07:55,28/6/17,Day of week:,Wednesday,33.50,Grade Celsius,
389,575.49,W/m^2,10:07:58,28/6/17,Day of week:,Wednesday,33.75,Grade Celsius,
389,574.03,W/m^2,10:08:01,28/6/17,Day of week:,Wednesday,33.88,Grade Celsius,
388,568.19,W/m^2,10:08:04,28/6/17,Day of week:,Wednesday,34.00,Grade Celsius,
386,572.57,W/m^2,10:08:07,28/6/17,Day of week:,Wednesday,34.13,Grade Celsius,
388,569.65,W/m^2,10:08:10,28/6/17,Day of week:,Wednesday,34.13,Grade Celsius,
388,574.03,W/m^2,10:08:13,28/6/17,Day of week:,Wednesday,34.31,Grade Celsius,
386,578.41,W/m^2,10:08:16,28/6/17,Day of week:,Wednesday,34.19,Grade Celsius,
392,572.57,W/m^2,10:08:19,28/6/17,Day of week:,Wednesday,34.13,Grade Celsius,
389,575.49,W/m^2,10:08:22,28/6/17,Day of week:,Wednesday,33.75,Grade Celsius,
390,572.57,W/m^2,10:08:25,28/6/17,Day of week:,Wednesday,33.63,Grade Celsius,
404,571.11,W/m^2,10:08:28,28/6/17,Day of week:,Wednesday,33.25,Grade Celsius,
388,576.95,W/m^2,10:08:31,28/6/17,Day of week:,Wednesday,32.81,Grade Celsius,
376,572.57,W/m^2,10:08:35,28/6/17,Day of week:,Wednesday,32.25,Grade Celsius,
391,576.95,W/m^2,10:08:38,28/6/17,Day of week:,Wednesday,32.19,Grade Celsius,
390,572.57,W/m^2,10:08:41,28/6/17,Day of week:,Wednesday,32.25,Grade Celsius,
389,574.03,W/m^2,10:08:44,28/6/17,Day of week:,Wednesday,32.50,Grade Celsius,
389,571.11,W/m^2,10:08:47,28/6/17,Day of week:,Wednesday,32.38,Grade Celsius,
388,569.65,W/m^2,10:08:50,28/6/17,Day of week:,Wednesday,32.50,Grade Celsius,
389,572.57,W/m^2,10:08:53,28/6/17,Day of week:,Wednesday,32.81,Grade Celsius,
391,553.58,W/m^2,10:08:56,28/6/17,Day of week:,Wednesday,32.63,Grade Celsius,
396,572.57,W/m^2,10:08:59,28/6/17,Day of week:,Wednesday,32.81,Grade Celsius,
388,569.65,W/m^2,10:09:02,28/6/17,Day of week:,Wednesday,32.94,Grade Celsius,
390,563.81,W/m^2,10:09:05,28/6/17,Day of week:,Wednesday,32.94,Grade Celsius,
386,576.95,W/m^2,10:09:08,28/6/17,Day of week:,Wednesday,33.00,Grade Celsius,
387,572.57,W/m^2,10:09:11,28/6/17,Day of week:,Wednesday,33.13,Grade Celsius,
393,593.02,W/m^2,10:09:14,28/6/17,Day of week:,Wednesday,33.19,Grade Celsius,
393,572.57,W/m^2,10:09:17,28/6/17,Day of week:,Wednesday,33.38,Grade Celsius,
375,560.89,W/m^2,10:09:21,28/6/17,Day of week:,Wednesday,33.19,Grade Celsius,
389,571.11,W/m^2,10:09:24,28/6/17,Day of week:,Wednesday,32.94,Grade Celsius,
389,569.65,W/m^2,10:09:27,28/6/17,Day of week:,Wednesday,32.63,Grade Celsius,
387,569.65,W/m^2,10:09:30,28/6/17,Day of week:,Wednesday,32.38,Grade Celsius,
391,572.57,W/m^2,10:09:33,28/6/17,Day of week:,Wednesday,32.19,Grade Celsius,
388,566.73,W/m^2,10:09:36,28/6/17,Day of week:,Wednesday,32.00,Grade Celsius,
388,575.49,W/m^2,10:09:39,28/6/17,Day of week:,Wednesday,32.25,Grade Celsius,
392,575.49,W/m^2,10:09:42,28/6/17,Day of week:,Wednesday,32.44,Grade Celsius,
389,552.12,W/m^2,10:09:45,28/6/17,Day of week:,Wednesday,32.31,Grade Celsius,
385,576.95,W/m^2,10:09:48,28/6/17,Day of week:,Wednesday,32.56,Grade Celsius,
391,572.57,W/m^2,10:09:51,28/6/17,Day of week:,Wednesday,32.19,Grade Celsius,
381,571.11,W/m^2,10:09:54,28/6/17,Day of week:,Wednesday,32.13,Grade Celsius,
388,565.27,W/m^2,10:09:57,28/6/17,Day of week:,Wednesday,31.87,Grade Celsius,
390,572.57,W/m^2,10:10:00,28/6/17,Day of week:,Wednesday,31.81,Grade Celsius,
390,572.57,W/m^2,10:10:03,28/6/17,Day of week:,Wednesday,31.87,Grade Celsius,
389,575.49,W/m^2,10:10:06,28/6/17,Day of week:,Wednesday,31.81,Grade Celsius,
390,576.95,W/m^2,10:10:10,28/6/17,Day of week:,Wednesday,32.06,Grade Celsius,
389,572.57,W/m^2,10:10:13,28/6/17,Day of week:,Wednesday,32.25,Grade Celsius,
391,572.57,W/m^2,10:10:16,28/6/17,Day of week:,Wednesday,32.19,Grade Celsius,
392,575.49,W/m^2,10:10:19,28/6/17,Day of week:,Wednesday,32.00,Grade Celsius,
395,574.03,W/m^2,10:10:22,28/6/17,Day of week:,Wednesday,32.00,Grade Celsius,
384,594.48,W/m^2,10:10:25,28/6/17,Day of week:,Wednesday,32.31,Grade Celsius,
393,576.95,W/m^2,10:10:28,28/6/17,Day of week:,Wednesday,32.13,Grade Celsius,
396,574.03,W/m^2,10:10:31,28/6/17,Day of week:,Wednesday,32.00,Grade Celsius,
384,575.49,W/m^2,10:10:34,28/6/17,Day of week:,Wednesday,32.19,Grade Celsius,
393,574.03,W/m^2,10:10:37,28/6/17,Day of week:,Wednesday,32.13,Grade Celsius,
388,578.41,W/m^2,10:10:40,28/6/17,Day of week:,Wednesday,32.19,Grade Celsius,
389,579.87,W/m^2,10:10:43,28/6/17,Day of week:,Wednesday,32.25,Grade Celsius,
392,591.56,W/m^2,10:10:46,28/6/17,Day of week:,Wednesday,32.44,Grade Celsius,
377,584.26,W/m^2,10:10:49,28/6/17,Day of week:,Wednesday,32.69,Grade Celsius,
391,574.03,W/m^2,10:10:52,28/6/17,Day of week:,Wednesday,32.81,Grade Celsius,
390,560.89,W/m^2,10:10:56,28/6/17,Day of week:,Wednesday,32.88,Grade Celsius,
391,575.49,W/m^2,10:10:59,28/6/17,Day of week:,Wednesday,33.13,Grade Celsius,
391,576.95,W/m^2,10:11:02,28/6/17,Day of week:,Wednesday,33.19,Grade Celsius,
391,575.49,W/m^2,10:11:05,28/6/17,Day of week:,Wednesday,33.44,Grade Celsius,
391,566.73,W/m^2,10:11:08,28/6/17,Day of week:,Wednesday,33.50,Grade Celsius,
393,576.95,W/m^2,10:11:11,28/6/17,Day of week:,Wednesday,33.44,Grade Celsius,
378,575.49,W/m^2,10:11:14,28/6/17,Day of week:,Wednesday,32.88,Grade Celsius,
390,574.03,W/m^2,10:11:17,28/6/17,Day of week:,Wednesday,33.00,Grade Celsius,
391,571.11,W/m^2,10:11:20,28/6/17,Day of week:,Wednesday,32.94,Grade Celsius,
391,571.11,W/m^2,10:11:23,28/6/17,Day of week:,Wednesday,32.81,Grade Celsius,
384,565.27,W/m^2,10:11:26,28/6/17,Day of week:,Wednesday,32.69,Grade Celsius,
390,575.49,W/m^2,10:11:29,28/6/17,Day of week:,Wednesday,32.69,Grade Celsius,
391,584.26,W/m^2,10:11:32,28/6/17,Day of week:,Wednesday,32.75,Grade Celsius,
393,578.41,W/m^2,10:11:35,28/6/17,Day of week:,Wednesday,32.75,Grade Celsius,
391,555.04,W/m^2,10:11:39,28/6/17,Day of week:,Wednesday,32.44,Grade Celsius,
392,572.57,W/m^2,10:11:42,28/6/17,Day of week:,Wednesday,32.13,Grade Celsius,
393,575.49,W/m^2,10:11:45,28/6/17,Day of week:,Wednesday,32.13,Grade Celsius,
393,579.87,W/m^2,10:11:48,28/6/17,Day of week:,Wednesday,31.62,Grade Celsius,
392,572.57,W/m^2,10:11:51,28/6/17,Day of week:,Wednesday,31.31,Grade Celsius,
397,574.03,W/m^2,10:11:54,28/6/17,Day of week:,Wednesday,31.44,Grade Celsius,
392,575.49,W/m^2,10:11:57,28/6/17,Day of week:,Wednesday,31.37,Grade Celsius,
384,576.95,W/m^2,10:12:00,28/6/17,Day of week:,Wednesday,31.50,Grade Celsius,
380,581.33,W/m^2,10:12:03,28/6/17,Day of week:,Wednesday,31.62,Grade Celsius,
385,560.89,W/m^2,10:12:06,28/6/17,Day of week:,Wednesday,31.94,Grade Celsius,
397,578.41,W/m^2,10:12:09,28/6/17,Day of week:,Wednesday,32.06,Grade Celsius,
391,590.10,W/m^2,10:12:12,28/6/17,Day of week:,Wednesday,31.94,Grade Celsius,
393,578.41,W/m^2,10:12:15,28/6/17,Day of week:,Wednesday,31.94,Grade Celsius,
407,566.73,W/m^2,10:12:18,28/6/17,Day of week:,Wednesday,31.94,Grade Celsius,
390,572.57,W/m^2,10:12:21,28/6/17,Day of week:,Wednesday,32.00,Grade Celsius,
394,557.96,W/m^2,10:12:25,28/6/17,Day of week:,Wednesday,32.13,Grade Celsius,
394,597.40,W/m^2,10:12:28,28/6/17,Day of week:,Wednesday,32.38,Grade Celsius,
388,575.49,W/m^2,10:12:31,28/6/17,Day of week:,Wednesday,32.63,Grade Celsius,
381,581.33,W/m^2,10:12:34,28/6/17,Day of week:,Wednesday,32.44,Grade Celsius,
392,574.03,W/m^2,10:12:37,28/6/17,Day of week:,Wednesday,32.31,Grade Celsius,
391,557.96,W/m^2,10:12:40,28/6/17,Day of week:,Wednesday,32.31,Grade Celsius,
395,579.87,W/m^2,10:12:43,28/6/17,Day of week:,Wednesday,32.19,Grade Celsius,
394,579.87,W/m^2,10:12:46,28/6/17,Day of week:,Wednesday,32.19,Grade Celsius,
409,578.41,W/m^2,10:12:49,28/6/17,Day of week:,Wednesday,32.31,Grade Celsius,
396,575.49,W/m^2,10:12:52,28/6/17,Day of week:,Wednesday,32.13,Grade Celsius,
393,572.57,W/m^2,10:12:55,28/6/17,Day of week:,Wednesday,32.00,Grade Celsius,
397,572.57,W/m^2,10:12:58,28/6/17,Day of week:,Wednesday,31.87,Grade Celsius,
391,575.49,W/m^2,10:13:01,28/6/17,Day of week:,Wednesday,32.13,Grade Celsius,
389,575.49,W/m^2,10:13:04,28/6/17,Day of week:,Wednesday,32.25,Grade Celsius,
392,578.41,W/m^2,10:13:07,28/6/17,Day of week:,Wednesday,32.06,Grade Celsius,
385,572.57,W/m^2,10:13:10,28/6/17,Day of week:,Wednesday,32.31,Grade Celsius,
392,578.41,W/m^2,10:13:14,28/6/17,Day of week:,Wednesday,32.50,Grade Celsius,
395,572.57,W/m^2,10:13:17,28/6/17,Day of week:,Wednesday,32.81,Grade Celsius,
397,575.49,W/m^2,10:13:20,28/6/17,Day of week:,Wednesday,33.00,Grade Celsius,
394,575.49,W/m^2,10:13:23,28/6/17,Day of week:,Wednesday,33.25,Grade Celsius,
395,584.26,W/m^2,10:13:26,28/6/17,Day of week:,Wednesday,33.44,Grade Celsius,
403,578.41,W/m^2,10:13:29,28/6/17,Day of week:,Wednesday,33.63,Grade Celsius,
402,572.57,W/m^2,10:13:32,28/6/17,Day of week:,Wednesday,33.75,Grade Celsius,
396,579.87,W/m^2,10:13:35,28/6/17,Day of week:,Wednesday,33.81,Grade Celsius,
395,579.87,W/m^2,10:13:38,28/6/17,Day of week:,Wednesday,34.06,Grade Celsius,
395,575.49,W/m^2,10:13:41,28/6/17,Day of week:,Wednesday,34.25,Grade Celsius,
395,581.33,W/m^2,10:13:44,28/6/17,Day of week:,Wednesday,34.19,Grade Celsius,
396,579.87,W/m^2,10:13:47,28/6/17,Day of week:,Wednesday,34.50,Grade Celsius,
393,578.41,W/m^2,10:13:50,28/6/17,Day of week:,Wednesday,34.69,Grade Celsius,
394,575.49,W/m^2,10:13:53,28/6/17,Day of week:,Wednesday,34.94,Grade Celsius,
393,571.11,W/m^2,10:13:57,28/6/17,Day of week:,Wednesday,34.75,Grade Celsius,
391,578.41,W/m^2,10:14:00,28/6/17,Day of week:,Wednesday,34.50,Grade Celsius,
393,581.33,W/m^2,10:14:03,28/6/17,Day of week:,Wednesday,34.56,Grade Celsius,
394,560.89,W/m^2,10:14:06,28/6/17,Day of week:,Wednesday,34.75,Grade Celsius,
392,588.64,W/m^2,10:14:09,28/6/17,Day of week:,Wednesday,34.94,Grade Celsius,
396,579.87,W/m^2,10:14:12,28/6/17,Day of week:,Wednesday,34.44,Grade Celsius,
394,578.41,W/m^2,10:14:15,28/6/17,Day of week:,Wednesday,34.44,Grade Celsius,
394,575.49,W/m^2,10:14:18,28/6/17,Day of week:,Wednesday,34.44,Grade Celsius,
393,579.87,W/m^2,10:14:21,28/6/17,Day of week:,Wednesday,34.31,Grade Celsius,
393,578.41,W/m^2,10:14:24,28/6/17,Day of week:,Wednesday,34.63,Grade Celsius,
393,582.80,W/m^2,10:14:27,28/6/17,Day of week:,Wednesday,34.81,Grade Celsius,
391,574.03,W/m^2,10:14:30,28/6/17,Day of week:,Wednesday,35.00,Grade Celsius,
397,574.03,W/m^2,10:14:33,28/6/17,Day of week:,Wednesday,35.00,Grade Celsius,
387,588.64,W/m^2,10:14:36,28/6/17,Day of week:,Wednesday,35.06,Grade Celsius,
385,590.10,W/m^2,10:14:39,28/6/17,Day of week:,Wednesday,35.25,Grade Celsius,
395,579.87,W/m^2,10:14:42,28/6/17,Day of week:,Wednesday,35.44,Grade Celsius,
379,588.64,W/m^2,10:14:46,28/6/17,Day of week:,Wednesday,35.13,Grade Celsius,
390,581.33,W/m^2,10:14:49,28/6/17,Day of week:,Wednesday,34.56,Grade Celsius,
386,574.03,W/m^2,10:14:52,28/6/17,Day of week:,Wednesday,34.06,Grade Celsius,
391,578.41,W/m^2,10:14:55,28/6/17,Day of week:,Wednesday,33.50,Grade Celsius,
390,575.49,W/m^2,10:14:58,28/6/17,Day of week:,Wednesday,33.00,Grade Celsius,
387,568.19,W/m^2,10:15:01,28/6/17,Day of week:,Wednesday,32.69,Grade Celsius,
381,560.89,W/m^2,10:15:04,28/6/17,Day of week:,Wednesday,32.75,Grade Celsius,
381,581.33,W/m^2,10:15:07,28/6/17,Day of week:,Wednesday,32.88,Grade Celsius,
387,566.73,W/m^2,10:15:10,28/6/17,Day of week:,Wednesday,32.75,Grade Celsius,
386,574.03,W/m^2,10:15:13,28/6/17,Day of week:,Wednesday,32.94,Grade Celsius,
386,565.27,W/m^2,10:15:16,28/6/17,Day of week:,Wednesday,32.81,Grade Celsius,
385,572.57,W/m^2,10:15:19,28/6/17,Day of week:,Wednesday,32.81,Grade Celsius,
389,569.65,W/m^2,10:15:22,28/6/17,Day of week:,Wednesday,32.88,Grade Celsius,
399,578.41,W/m^2,10:15:25,28/6/17,Day of week:,Wednesday,33.13,Grade Celsius,
392,581.33,W/m^2,10:15:28,28/6/17,Day of week:,Wednesday,33.38,Grade Celsius,
397,582.80,W/m^2,10:15:32,28/6/17,Day of week:,Wednesday,33.63,Grade Celsius,
397,582.80,W/m^2,10:15:35,28/6/17,Day of week:,Wednesday,33.94,Grade Celsius,
404,582.80,W/m^2,10:15:38,28/6/17,Day of week:,Wednesday,34.13,Grade Celsius,
397,578.41,W/m^2,10:15:41,28/6/17,Day of week:,Wednesday,34.25,Grade Celsius,
397,569.65,W/m^2,10:15:44,28/6/17,Day of week:,Wednesday,34.31,Grade Celsius,
398,601.78,W/m^2,10:15:47,28/6/17,Day of week:,Wednesday,34.38,Grade Celsius,
399,587.18,W/m^2,10:15:50,28/6/17,Day of week:,Wednesday,34.44,Grade Celsius,
397,584.26,W/m^2,10:15:53,28/6/17,Day of week:,Wednesday,34.56,Grade Celsius,
398,581.33,W/m^2,10:15:56,28/6/17,Day of week:,Wednesday,34.75,Grade Celsius,
404,581.33,W/m^2,10:15:59,28/6/17,Day of week:,Wednesday,34.94,Grade Celsius,
395,582.80,W/m^2,10:16:02,28/6/17,Day of week:,Wednesday,35.06,Grade Celsius,
398,584.26,W/m^2,10:16:05,28/6/17,Day of week:,Wednesday,35.19,Grade Celsius,
399,584.26,W/m^2,10:16:08,28/6/17,Day of week:,Wednesday,35.31,Grade Celsius,
393,578.41,W/m^2,10:16:11,28/6/17,Day of week:,Wednesday,35.44,Grade Celsius,
395,581.33,W/m^2,10:16:14,28/6/17,Day of week:,Wednesday,35.63,Grade Celsius,
396,581.33,W/m^2,10:16:18,28/6/17,Day of week:,Wednesday,35.75,Grade Celsius,
399,584.26,W/m^2,10:16:21,28/6/17,Day of week:,Wednesday,35.88,Grade Celsius,
397,581.33,W/m^2,10:16:24,28/6/17,Day of week:,Wednesday,36.06,Grade Celsius,
398,584.26,W/m^2,10:16:27,28/6/17,Day of week:,Wednesday,36.25,Grade Celsius,
381,584.26,W/m^2,10:16:30,28/6/17,Day of week:,Wednesday,36.44,Grade Celsius,
397,581.33,W/m^2,10:16:33,28/6/17,Day of week:,Wednesday,36.56,Grade Celsius,
397,593.02,W/m^2,10:16:36,28/6/17,Day of week:,Wednesday,36.63,Grade Celsius,
397,584.26,W/m^2,10:16:39,28/6/17,Day of week:,Wednesday,36.56,Grade Celsius,
399,584.26,W/m^2,10:16:42,28/6/17,Day of week:,Wednesday,36.50,Grade Celsius,
397,581.33,W/m^2,10:16:45,28/6/17,Day of week:,Wednesday,36.31,Grade Celsius,
397,582.80,W/m^2,10:16:48,28/6/17,Day of week:,Wednesday,36.06,Grade Celsius,
397,584.26,W/m^2,10:16:51,28/6/17,Day of week:,Wednesday,35.88,Grade Celsius,
395,585.72,W/m^2,10:16:54,28/6/17,Day of week:,Wednesday,35.81,Grade Celsius,
402,588.64,W/m^2,10:16:58,28/6/17,Day of week:,Wednesday,35.75,Grade Celsius,
400,585.72,W/m^2,10:17:01,28/6/17,Day of week:,Wednesday,35.63,Grade Celsius,
397,585.72,W/m^2,10:17:04,28/6/17,Day of week:,Wednesday,35.50,Grade Celsius,
410,587.18,W/m^2,10:17:07,28/6/17,Day of week:,Wednesday,35.38,Grade Celsius,
390,584.26,W/m^2,10:17:10,28/6/17,Day of week:,Wednesday,35.31,Grade Celsius,
404,581.33,W/m^2,10:17:13,28/6/17,Day of week:,Wednesday,35.25,Grade Celsius,
392,584.26,W/m^2,10:17:16,28/6/17,Day of week:,Wednesday,35.19,Grade Celsius,
399,587.18,W/m^2,10:17:19,28/6/17,Day of week:,Wednesday,35.19,Grade Celsius,
398,584.26,W/m^2,10:17:22,28/6/17,Day of week:,Wednesday,35.25,Grade Celsius,
399,590.10,W/m^2,10:17:25,28/6/17,Day of week:,Wednesday,35.25,Grade Celsius,
399,595.94,W/m^2,10:17:28,28/6/17,Day of week:,Wednesday,35.38,Grade Celsius,
399,578.41,W/m^2,10:17:31,28/6/17,Day of week:,Wednesday,35.31,Grade Celsius,
401,575.49,W/m^2,10:17:34,28/6/17,Day of week:,Wednesday,35.06,Grade Celsius,
397,588.64,W/m^2,10:17:37,28/6/17,Day of week:,Wednesday,34.94,Grade Celsius,
401,584.26,W/m^2,10:17:40,28/6/17,Day of week:,Wednesday,34.69,Grade Celsius,
401,574.03,W/m^2,10:17:44,28/6/17,Day of week:,Wednesday,34.69,Grade Celsius,
400,584.26,W/m^2,10:17:47,28/6/17,Day of week:,Wednesday,34.88,Grade Celsius,
400,597.40,W/m^2,10:17:50,28/6/17,Day of week:,Wednesday,34.94,Grade Celsius,
401,588.64,W/m^2,10:17:53,28/6/17,Day of week:,Wednesday,35.13,Grade Celsius,
401,584.26,W/m^2,10:17:56,28/6/17,Day of week:,Wednesday,35.38,Grade Celsius,
397,584.26,W/m^2,10:17:59,28/6/17,Day of week:,Wednesday,35.00,Grade Celsius,
401,591.56,W/m^2,10:18:02,28/6/17,Day of week:,Wednesday,34.69,Grade Celsius,
418,585.72,W/m^2,10:18:05,28/6/17,Day of week:,Wednesday,34.88,Grade Celsius,
390,595.94,W/m^2,10:18:08,28/6/17,Day of week:,Wednesday,35.06,Grade Celsius,
403,591.56,W/m^2,10:18:11,28/6/17,Day of week:,Wednesday,35.00,Grade Celsius,
402,587.18,W/m^2,10:18:14,28/6/17,Day of week:,Wednesday,35.25,Grade Celsius,
402,588.64,W/m^2,10:18:17,28/6/17,Day of week:,Wednesday,35.44,Grade Celsius,
400,590.10,W/m^2,10:18:20,28/6/17,Day of week:,Wednesday,35.63,Grade Celsius,
403,578.41,W/m^2,10:18:23,28/6/17,Day of week:,Wednesday,35.88,Grade Celsius,
401,585.72,W/m^2,10:18:26,28/6/17,Day of week:,Wednesday,36.06,Grade Celsius,
402,601.78,W/m^2,10:18:30,28/6/17,Day of week:,Wednesday,36.25,Grade Celsius,
387,591.56,W/m^2,10:18:33,28/6/17,Day of week:,Wednesday,36.44,Grade Celsius,
406,591.56,W/m^2,10:18:36,28/6/17,Day of week:,Wednesday,36.56,Grade Celsius,
410,590.10,W/m^2,10:18:39,28/6/17,Day of week:,Wednesday,36.75,Grade Celsius,
402,593.02,W/m^2,10:18:42,28/6/17,Day of week:,Wednesday,36.88,Grade Celsius,
404,593.02,W/m^2,10:18:45,28/6/17,Day of week:,Wednesday,37.00,Grade Celsius,
404,593.02,W/m^2,10:18:48,28/6/17,Day of week:,Wednesday,37.19,Grade Celsius,
404,585.72,W/m^2,10:18:51,28/6/17,Day of week:,Wednesday,37.25,Grade Celsius,
406,591.56,W/m^2,10:18:54,28/6/17,Day of week:,Wednesday,37.25,Grade Celsius,
403,594.48,W/m^2,10:18:57,28/6/17,Day of week:,Wednesday,37.44,Grade Celsius,
403,595.94,W/m^2,10:19:00,28/6/17,Day of week:,Wednesday,37.19,Grade Celsius,
403,593.02,W/m^2,10:19:03,28/6/17,Day of week:,Wednesday,37.44,Grade Celsius,
407,597.40,W/m^2,10:19:06,28/6/17,Day of week:,Wednesday,37.50,Grade Celsius,
406,595.94,W/m^2,10:19:09,28/6/17,Day of week:,Wednesday,37.31,Grade Celsius,
397,603.24,W/m^2,10:19:12,28/6/17,Day of week:,Wednesday,37.25,Grade Celsius,
406,593.02,W/m^2,10:19:16,28/6/17,Day of week:,Wednesday,37.19,Grade Celsius,
406,594.48,W/m^2,10:19:19,28/6/17,Day of week:,Wednesday,37.38,Grade Celsius,
397,597.40,W/m^2,10:19:22,28/6/17,Day of week:,Wednesday,37.50,Grade Celsius,
408,598.86,W/m^2,10:19:25,28/6/17,Day of week:,Wednesday,37.75,Grade Celsius,
396,597.40,W/m^2,10:19:28,28/6/17,Day of week:,Wednesday,37.56,Grade Celsius,
409,598.86,W/m^2,10:19:31,28/6/17,Day of week:,Wednesday,37.25,Grade Celsius,
409,601.78,W/m^2,10:19:34,28/6/17,Day of week:,Wednesday,37.25,Grade Celsius,
416,604.70,W/m^2,10:19:37,28/6/17,Day of week:,Wednesday,36.81,Grade Celsius,
412,601.78,W/m^2,10:19:40,28/6/17,Day of week:,Wednesday,37.06,Grade Celsius,
414,604.70,W/m^2,10:19:43,28/6/17,Day of week:,Wednesday,36.63,Grade Celsius,
412,604.70,W/m^2,10:19:46,28/6/17,Day of week:,Wednesday,36.94,Grade Celsius,
405,591.56,W/m^2,10:19:49,28/6/17,Day of week:,Wednesday,36.94,Grade Celsius,
396,579.87,W/m^2,10:19:52,28/6/17,Day of week:,Wednesday,37.13,Grade Celsius,
399,584.26,W/m^2,10:19:55,28/6/17,Day of week:,Wednesday,37.19,Grade Celsius,
404,594.48,W/m^2,10:19:58,28/6/17,Day of week:,Wednesday,36.63,Grade Celsius,
411,595.94,W/m^2,10:20:02,28/6/17,Day of week:,Wednesday,36.88,Grade Celsius,
396,578.41,W/m^2,10:20:05,28/6/17,Day of week:,Wednesday,36.25,Grade Celsius,
372,546.28,W/m^2,10:20:08,28/6/17,Day of week:,Wednesday,35.50,Grade Celsius,
344,505.38,W/m^2,10:20:11,28/6/17,Day of week:,Wednesday,35.13,Grade Celsius,
314,479.09,W/m^2,10:20:14,28/6/17,Day of week:,Wednesday,34.81,Grade Celsius,
320,470.33,W/m^2,10:20:17,28/6/17,Day of week:,Wednesday,34.94,Grade Celsius,
303,467.40,W/m^2,10:20:20,28/6/17,Day of week:,Wednesday,34.31,Grade Celsius,
296,441.11,W/m^2,10:20:23,28/6/17,Day of week:,Wednesday,34.13,Grade Celsius,
257,385.61,W/m^2,10:20:26,28/6/17,Day of week:,Wednesday,34.31,Grade Celsius,
236,350.55,W/m^2,10:20:29,28/6/17,Day of week:,Wednesday,34.06,Grade Celsius,
230,334.49,W/m^2,10:20:32,28/6/17,Day of week:,Wednesday,33.88,Grade Celsius,
219,338.87,W/m^2,10:20:35,28/6/17,Day of week:,Wednesday,33.75,Grade Celsius,
219,335.95,W/m^2,10:20:38,28/6/17,Day of week:,Wednesday,33.88,Grade Celsius,
250,371.00,W/m^2,10:20:41,28/6/17,Day of week:,Wednesday,34.06,Grade Celsius,
315,464.48,W/m^2,10:20:44,28/6/17,Day of week:,Wednesday,34.25,Grade Celsius,
353,514.15,W/m^2,10:20:48,28/6/17,Day of week:,Wednesday,34.19,Grade Celsius,
386,569.65,W/m^2,10:20:51,28/6/17,Day of week:,Wednesday,33.88,Grade Celsius,
393,584.26,W/m^2,10:20:54,28/6/17,Day of week:,Wednesday,34.19,Grade Celsius,
392,584.26,W/m^2,10:20:57,28/6/17,Day of week:,Wednesday,34.31,Grade Celsius,
387,565.27,W/m^2,10:21:00,28/6/17,Day of week:,Wednesday,34.38,Grade Celsius,
385,576.95,W/m^2,10:21:03,28/6/17,Day of week:,Wednesday,34.25,Grade Celsius,
403,591.56,W/m^2,10:21:06,28/6/17,Day of week:,Wednesday,34.63,Grade Celsius,
411,601.78,W/m^2,10:21:09,28/6/17,Day of week:,Wednesday,34.88,Grade Celsius,
409,601.78,W/m^2,10:21:12,28/6/17,Day of week:,Wednesday,35.13,Grade Celsius,
410,601.78,W/m^2,10:21:15,28/6/17,Day of week:,Wednesday,35.38,Grade Celsius,
409,598.86,W/m^2,10:21:18,28/6/17,Day of week:,Wednesday,34.88,Grade Celsius,
399,604.70,W/m^2,10:21:21,28/6/17,Day of week:,Wednesday,34.44,Grade Celsius,
409,604.70,W/m^2,10:21:24,28/6/17,Day of week:,Wednesday,34.00,Grade Celsius,
412,604.70,W/m^2,10:21:27,28/6/17,Day of week:,Wednesday,34.19,Grade Celsius,
414,601.78,W/m^2,10:21:30,28/6/17,Day of week:,Wednesday,34.00,Grade Celsius,
401,598.86,W/m^2,10:21:33,28/6/17,Day of week:,Wednesday,33.75,Grade Celsius,
397,600.32,W/m^2,10:21:37,28/6/17,Day of week:,Wednesday,33.38,Grade Celsius,
397,610.55,W/m^2,10:21:40,28/6/17,Day of week:,Wednesday,33.25,Grade Celsius,
393,598.86,W/m^2,10:21:43,28/6/17,Day of week:,Wednesday,33.13,Grade Celsius,
406,600.32,W/m^2,10:21:46,28/6/17,Day of week:,Wednesday,32.81,Grade Celsius,
410,603.24,W/m^2,10:21:49,28/6/17,Day of week:,Wednesday,32.69,Grade Celsius,
411,601.78,W/m^2,10:21:52,28/6/17,Day of week:,Wednesday,32.44,Grade Celsius,
417,598.86,W/m^2,10:21:55,28/6/17,Day of week:,Wednesday,32.38,Grade Celsius,
407,598.86,W/m^2,10:21:58,28/6/17,Day of week:,Wednesday,32.63,Grade Celsius,
410,604.70,W/m^2,10:22:01,28/6/17,Day of week:,Wednesday,32.38,Grade Celsius,
410,600.32,W/m^2,10:22:04,28/6/17,Day of week:,Wednesday,32.31,Grade Celsius,
409,595.94,W/m^2,10:22:07,28/6/17,Day of week:,Wednesday,32.00,Grade Celsius,
409,598.86,W/m^2,10:22:10,28/6/17,Day of week:,Wednesday,32.06,Grade Celsius,
408,595.94,W/m^2,10:22:13,28/6/17,Day of week:,Wednesday,32.31,Grade Celsius,
407,597.40,W/m^2,10:22:17,28/6/17,Day of week:,Wednesday,32.25,Grade Celsius,
407,609.09,W/m^2,10:22:20,28/6/17,Day of week:,Wednesday,32.38,Grade Celsius,
408,597.40,W/m^2,10:22:23,28/6/17,Day of week:,Wednesday,32.56,Grade Celsius,
393,597.40,W/m^2,10:22:26,28/6/17,Day of week:,Wednesday,32.44,Grade Celsius,
406,597.40,W/m^2,10:22:29,28/6/17,Day of week:,Wednesday,32.00,Grade Celsius,
408,598.86,W/m^2,10:22:32,28/6/17,Day of week:,Wednesday,31.62,Grade Celsius,
408,600.32,W/m^2,10:22:35,28/6/17,Day of week:,Wednesday,31.44,Grade Celsius,
419,598.86,W/m^2,10:22:38,28/6/17,Day of week:,Wednesday,31.69,Grade Celsius,
402,601.78,W/m^2,10:22:41,28/6/17,Day of week:,Wednesday,31.75,Grade Celsius,
412,601.78,W/m^2,10:22:44,28/6/17,Day of week:,Wednesday,31.81,Grade Celsius,
418,601.78,W/m^2,10:22:47,28/6/17,Day of week:,Wednesday,31.81,Grade Celsius,
409,598.86,W/m^2,10:22:50,28/6/17,Day of week:,Wednesday,31.87,Grade Celsius,
407,600.32,W/m^2,10:22:53,28/6/17,Day of week:,Wednesday,32.06,Grade Celsius,
402,601.78,W/m^2,10:22:56,28/6/17,Day of week:,Wednesday,32.00,Grade Celsius,
407,595.94,W/m^2,10:22:59,28/6/17,Day of week:,Wednesday,31.94,Grade Celsius,
410,597.40,W/m^2,10:23:02,28/6/17,Day of week:,Wednesday,31.62,Grade Celsius,
412,597.40,W/m^2,10:23:06,28/6/17,Day of week:,Wednesday,31.56,Grade Celsius,
403,593.02,W/m^2,10:23:09,28/6/17,Day of week:,Wednesday,31.75,Grade Celsius,
407,597.40,W/m^2,10:23:12,28/6/17,Day of week:,Wednesday,31.62,Grade Celsius,
408,600.32,W/m^2,10:23:15,28/6/17,Day of week:,Wednesday,32.00,Grade Celsius,
410,610.55,W/m^2,10:23:18,28/6/17,Day of week:,Wednesday,32.19,Grade Celsius,
410,601.78,W/m^2,10:23:21,28/6/17,Day of week:,Wednesday,32.25,Grade Celsius,
409,601.78,W/m^2,10:23:24,28/6/17,Day of week:,Wednesday,32.31,Grade Celsius,
414,601.78,W/m^2,10:23:27,28/6/17,Day of week:,Wednesday,32.63,Grade Celsius,
412,601.78,W/m^2,10:23:30,28/6/17,Day of week:,Wednesday,32.81,Grade Celsius,
411,603.24,W/m^2,10:23:33,28/6/17,Day of week:,Wednesday,33.06,Grade Celsius,
409,603.24,W/m^2,10:23:36,28/6/17,Day of week:,Wednesday,33.19,Grade Celsius,
411,600.32,W/m^2,10:23:39,28/6/17,Day of week:,Wednesday,33.38,Grade Celsius,
411,601.78,W/m^2,10:23:42,28/6/17,Day of week:,Wednesday,33.63,Grade Celsius,
411,593.02,W/m^2,10:23:45,28/6/17,Day of week:,Wednesday,33.81,Grade Celsius,
399,601.78,W/m^2,10:23:49,28/6/17,Day of week:,Wednesday,33.88,Grade Celsius,
409,601.78,W/m^2,10:23:52,28/6/17,Day of week:,Wednesday,34.13,Grade Celsius,
410,584.26,W/m^2,10:23:55,28/6/17,Day of week:,Wednesday,34.25,Grade Celsius,
413,604.70,W/m^2,10:23:58,28/6/17,Day of week:,Wednesday,34.44,Grade Celsius,
398,604.70,W/m^2,10:24:01,28/6/17,Day of week:,Wednesday,34.69,Grade Celsius,
415,603.24,W/m^2,10:24:04,28/6/17,Day of week:,Wednesday,34.94,Grade Celsius,
411,584.26,W/m^2,10:24:07,28/6/17,Day of week:,Wednesday,35.13,Grade Celsius,
413,603.24,W/m^2,10:24:10,28/6/17,Day of week:,Wednesday,35.31,Grade Celsius,
411,603.24,W/m^2,10:24:13,28/6/17,Day of week:,Wednesday,35.50,Grade Celsius,
423,604.70,W/m^2,10:24:16,28/6/17,Day of week:,Wednesday,35.75,Grade Celsius,
411,600.32,W/m^2,10:24:19,28/6/17,Day of week:,Wednesday,35.88,Grade Celsius,
410,625.15,W/m^2,10:24:22,28/6/17,Day of week:,Wednesday,36.00,Grade Celsius,
413,604.70,W/m^2,10:24:25,28/6/17,Day of week:,Wednesday,36.13,Grade Celsius,
411,603.24,W/m^2,10:24:28,28/6/17,Day of week:,Wednesday,35.81,Grade Celsius,
411,604.70,W/m^2,10:24:31,28/6/17,Day of week:,Wednesday,35.56,Grade Celsius,
411,607.63,W/m^2,10:24:34,28/6/17,Day of week:,Wednesday,35.50,Grade Celsius,
416,609.09,W/m^2,10:24:38,28/6/17,Day of week:,Wednesday,35.63,Grade Celsius,
411,603.24,W/m^2,10:24:41,28/6/17,Day of week:,Wednesday,35.44,Grade Celsius,
413,607.63,W/m^2,10:24:44,28/6/17,Day of week:,Wednesday,35.13,Grade Celsius,
403,607.63,W/m^2,10:24:47,28/6/17,Day of week:,Wednesday,35.44,Grade Celsius,
420,604.70,W/m^2,10:24:50,28/6/17,Day of week:,Wednesday,35.50,Grade Celsius,
413,612.01,W/m^2,10:24:53,28/6/17,Day of week:,Wednesday,35.69,Grade Celsius,
414,607.63,W/m^2,10:24:56,28/6/17,Day of week:,Wednesday,35.63,Grade Celsius,
409,604.70,W/m^2,10:24:59,28/6/17,Day of week:,Wednesday,35.25,Grade Celsius,
414,609.09,W/m^2,10:25:02,28/6/17,Day of week:,Wednesday,35.13,Grade Celsius,
414,617.85,W/m^2,10:25:05,28/6/17,Day of week:,Wednesday,34.88,Grade Celsius,
414,604.70,W/m^2,10:25:08,28/6/17,Day of week:,Wednesday,34.50,Grade Celsius,
414,607.63,W/m^2,10:25:11,28/6/17,Day of week:,Wednesday,34.19,Grade Celsius,
413,603.24,W/m^2,10:25:14,28/6/17,Day of week:,Wednesday,34.00,Grade Celsius,
414,600.32,W/m^2,10:25:17,28/6/17,Day of week:,Wednesday,33.94,Grade Celsius,
413,607.63,W/m^2,10:25:20,28/6/17,Day of week:,Wednesday,33.88,Grade Celsius,
414,587.18,W/m^2,10:25:24,28/6/17,Day of week:,Wednesday,33.88,Grade Celsius,
413,614.93,W/m^2,10:25:27,28/6/17,Day of week:,Wednesday,33.69,Grade Celsius,
417,610.55,W/m^2,10:25:30,28/6/17,Day of week:,Wednesday,33.63,Grade Celsius,
416,610.55,W/m^2,10:25:33,28/6/17,Day of week:,Wednesday,33.94,Grade Celsius,
416,610.55,W/m^2,10:25:36,28/6/17,Day of week:,Wednesday,33.75,Grade Celsius,
416,610.55,W/m^2,10:25:39,28/6/17,Day of week:,Wednesday,33.69,Grade Celsius,
417,631.00,W/m^2,10:25:42,28/6/17,Day of week:,Wednesday,33.44,Grade Celsius,
418,607.63,W/m^2,10:25:45,28/6/17,Day of week:,Wednesday,33.19,Grade Celsius,
415,609.09,W/m^2,10:25:48,28/6/17,Day of week:,Wednesday,33.00,Grade Celsius,
414,607.63,W/m^2,10:25:51,28/6/17,Day of week:,Wednesday,32.81,Grade Celsius,
417,613.47,W/m^2,10:25:54,28/6/17,Day of week:,Wednesday,32.69,Grade Celsius,
414,619.31,W/m^2,10:25:57,28/6/17,Day of week:,Wednesday,32.81,Grade Celsius,
419,593.02,W/m^2,10:26:00,28/6/17,Day of week:,Wednesday,33.13,Grade Celsius,
416,613.47,W/m^2,10:26:03,28/6/17,Day of week:,Wednesday,33.38,Grade Celsius,
419,598.86,W/m^2,10:26:06,28/6/17,Day of week:,Wednesday,33.50,Grade Celsius,
422,616.39,W/m^2,10:26:10,28/6/17,Day of week:,Wednesday,33.13,Grade Celsius,
427,607.63,W/m^2,10:26:13,28/6/17,Day of week:,Wednesday,33.13,Grade Celsius,
414,607.63,W/m^2,10:26:16,28/6/17,Day of week:,Wednesday,33.44,Grade Celsius,
417,613.47,W/m^2,10:26:19,28/6/17,Day of week:,Wednesday,33.50,Grade Celsius,
415,610.55,W/m^2,10:26:22,28/6/17,Day of week:,Wednesday,33.50,Grade Celsius,
413,610.55,W/m^2,10:26:25,28/6/17,Day of week:,Wednesday,33.63,Grade Celsius,
425,613.47,W/m^2,10:26:28,28/6/17,Day of week:,Wednesday,33.69,Grade Celsius,
412,613.47,W/m^2,10:26:31,28/6/17,Day of week:,Wednesday,33.63,Grade Celsius,
418,607.63,W/m^2,10:26:34,28/6/17,Day of week:,Wednesday,33.44,Grade Celsius,
418,628.08,W/m^2,10:26:37,28/6/17,Day of week:,Wednesday,33.56,Grade Celsius,
419,614.93,W/m^2,10:26:40,28/6/17,Day of week:,Wednesday,33.44,Grade Celsius,
417,609.09,W/m^2,10:26:43,28/6/17,Day of week:,Wednesday,33.25,Grade Celsius,
417,590.10,W/m^2,10:26:46,28/6/17,Day of week:,Wednesday,33.25,Grade Celsius,
415,609.09,W/m^2,10:26:49,28/6/17,Day of week:,Wednesday,33.13,Grade Celsius,
415,609.09,W/m^2,10:26:52,28/6/17,Day of week:,Wednesday,33.00,Grade Celsius,
416,610.55,W/m^2,10:26:56,28/6/17,Day of week:,Wednesday,33.19,Grade Celsius,
415,609.09,W/m^2,10:26:59,28/6/17,Day of week:,Wednesday,33.00,Grade Celsius,
405,607.63,W/m^2,10:27:02,28/6/17,Day of week:,Wednesday,33.13,Grade Celsius,
418,609.09,W/m^2,10:27:05,28/6/17,Day of week:,Wednesday,33.25,Grade Celsius,
421,607.63,W/m^2,10:27:08,28/6/17,Day of week:,Wednesday,33.19,Grade Celsius,
416,607.63,W/m^2,10:27:11,28/6/17,Day of week:,Wednesday,32.75,Grade Celsius,
414,607.63,W/m^2,10:27:14,28/6/17,Day of week:,Wednesday,32.94,Grade Celsius,
419,610.55,W/m^2,10:27:17,28/6/17,Day of week:,Wednesday,32.94,Grade Celsius,
414,612.01,W/m^2,10:27:20,28/6/17,Day of week:,Wednesday,32.88,Grade Celsius,
414,607.63,W/m^2,10:27:23,28/6/17,Day of week:,Wednesday,32.38,Grade Celsius,
416,610.55,W/m^2,10:27:26,28/6/17,Day of week:,Wednesday,32.63,Grade Celsius,
416,610.55,W/m^2,10:27:29,28/6/17,Day of week:,Wednesday,32.88,Grade Celsius,
415,598.86,W/m^2,10:27:32,28/6/17,Day of week:,Wednesday,33.00,Grade Celsius,
413,595.94,W/m^2,10:27:36,28/6/17,Day of week:,Wednesday,32.94,Grade Celsius,
417,609.09,W/m^2,10:27:39,28/6/17,Day of week:,Wednesday,32.69,Grade Celsius,
429,607.63,W/m^2,10:27:42,28/6/17,Day of week:,Wednesday,32.63,Grade Celsius,
416,610.55,W/m^2,10:27:45,28/6/17,Day of week:,Wednesday,32.81,Grade Celsius,
429,613.47,W/m^2,10:27:48,28/6/17,Day of week:,Wednesday,33.00,Grade Celsius,
416,610.55,W/m^2,10:27:51,28/6/17,Day of week:,Wednesday,33.13,Grade Celsius,
417,612.01,W/m^2,10:27:54,28/6/17,Day of week:,Wednesday,33.25,Grade Celsius,
416,610.55,W/m^2,10:27:57,28/6/17,Day of week:,Wednesday,33.31,Grade Celsius,
417,610.55,W/m^2,10:28:00,28/6/17,Day of week:,Wednesday,33.13,Grade Celsius,
423,610.55,W/m^2,10:28:03,28/6/17,Day of week:,Wednesday,33.44,Grade Celsius,
418,613.47,W/m^2,10:28:06,28/6/17,Day of week:,Wednesday,33.50,Grade Celsius,
420,614.93,W/m^2,10:28:09,28/6/17,Day of week:,Wednesday,33.50,Grade Celsius,
406,613.47,W/m^2,10:28:12,28/6/17,Day of week:,Wednesday,33.31,Grade Celsius,
418,616.39,W/m^2,10:28:15,28/6/17,Day of week:,Wednesday,33.31,Grade Celsius,
416,613.47,W/m^2,10:28:19,28/6/17,Day of week:,Wednesday,33.56,Grade Celsius,
417,612.01,W/m^2,10:28:22,28/6/17,Day of week:,Wednesday,33.69,Grade Celsius,
421,613.47,W/m^2,10:28:25,28/6/17,Day of week:,Wednesday,33.75,Grade Celsius,
417,607.63,W/m^2,10:28:28,28/6/17,Day of week:,Wednesday,33.75,Grade Celsius,
418,619.31,W/m^2,10:28:31,28/6/17,Day of week:,Wednesday,33.69,Grade Celsius,
419,597.40,W/m^2,10:28:34,28/6/17,Day of week:,Wednesday,33.63,Grade Celsius,
419,635.38,W/m^2,10:28:37,28/6/17,Day of week:,Wednesday,33.81,Grade Celsius,
421,620.77,W/m^2,10:28:40,28/6/17,Day of week:,Wednesday,33.81,Grade Celsius,
419,614.93,W/m^2,10:28:43,28/6/17,Day of week:,Wednesday,33.69,Grade Celsius,
420,613.47,W/m^2,10:28:46,28/6/17,Day of week:,Wednesday,33.94,Grade Celsius,
422,593.02,W/m^2,10:28:49,28/6/17,Day of week:,Wednesday,34.13,Grade Celsius,
419,616.39,W/m^2,10:28:52,28/6/17,Day of week:,Wednesday,34.19,Grade Celsius,
422,613.47,W/m^2,10:28:55,28/6/17,Day of week:,Wednesday,34.13,Grade Celsius,
417,617.85,W/m^2,10:28:58,28/6/17,Day of week:,Wednesday,34.06,Grade Celsius,
407,614.93,W/m^2,10:29:01,28/6/17,Day of week:,Wednesday,34.00,Grade Celsius,
431,612.01,W/m^2,10:29:04,28/6/17,Day of week:,Wednesday,34.06,Grade Celsius,
419,614.93,W/m^2,10:29:08,28/6/17,Day of week:,Wednesday,34.25,Grade Celsius,
419,613.47,W/m^2,10:29:11,28/6/17,Day of week:,Wednesday,34.13,Grade Celsius,
422,607.63,W/m^2,10:29:14,28/6/17,Day of week:,Wednesday,34.00,Grade Celsius,
426,610.55,W/m^2,10:29:17,28/6/17,Day of week:,Wednesday,34.06,Grade Celsius,
409,614.93,W/m^2,10:29:20,28/6/17,Day of week:,Wednesday,34.13,Grade Celsius,
421,628.08,W/m^2,10:29:23,28/6/17,Day of week:,Wednesday,34.25,Grade Celsius,
422,617.85,W/m^2,10:29:26,28/6/17,Day of week:,Wednesday,34.25,Grade Celsius,
418,620.77,W/m^2,10:29:29,28/6/17,Day of week:,Wednesday,34.00,Grade Celsius,
406,614.93,W/m^2,10:29:32,28/6/17,Day of week:,Wednesday,34.19,Grade Celsius,
421,628.08,W/m^2,10:29:35,28/6/17,Day of week:,Wednesday,34.31,Grade Celsius,
420,616.39,W/m^2,10:29:38,28/6/17,Day of week:,Wednesday,34.25,Grade Celsius,
421,622.23,W/m^2,10:29:41,28/6/17,Day of week:,Wednesday,34.19,Grade Celsius,
422,628.08,W/m^2,10:29:44,28/6/17,Day of week:,Wednesday,34.06,Grade Celsius,
424,619.31,W/m^2,10:29:47,28/6/17,Day of week:,Wednesday,33.94,Grade Celsius,
410,613.47,W/m^2,10:29:50,28/6/17,Day of week:,Wednesday,33.81,Grade Celsius,
421,603.24,W/m^2,10:29:54,28/6/17,Day of week:,Wednesday,33.75,Grade Celsius,
434,619.31,W/m^2,10:29:57,28/6/17,Day of week:,Wednesday,33.75,Grade Celsius,
420,616.39,W/m^2,10:30:00,28/6/17,Day of week:,Wednesday,33.69,Grade Celsius,
426,619.31,W/m^2,10:30:03,28/6/17,Day of week:,Wednesday,33.63,Grade Celsius,
427,620.77,W/m^2,10:30:06,28/6/17,Day of week:,Wednesday,33.94,Grade Celsius,
425,619.31,W/m^2,10:30:09,28/6/17,Day of week:,Wednesday,34.00,Grade Celsius,
421,616.39,W/m^2,10:30:12,28/6/17,Day of week:,Wednesday,34.06,Grade Celsius,
422,619.31,W/m^2,10:30:15,28/6/17,Day of week:,Wednesday,34.31,Grade Celsius,
421,619.31,W/m^2,10:30:18,28/6/17,Day of week:,Wednesday,34.50,Grade Celsius,
420,619.31,W/m^2,10:30:21,28/6/17,Day of week:,Wednesday,34.19,Grade Celsius,
420,619.31,W/m^2,10:30:24,28/6/17,Day of week:,Wednesday,34.00,Grade Celsius,
420,616.39,W/m^2,10:30:27,28/6/17,Day of week:,Wednesday,34.25,Grade Celsius,
420,613.47,W/m^2,10:30:30,28/6/17,Day of week:,Wednesday,34.31,Grade Celsius,
418,607.63,W/m^2,10:30:33,28/6/17,Day of week:,Wednesday,34.38,Grade Celsius,
421,601.78,W/m^2,10:30:36,28/6/17,Day of week:,Wednesday,34.13,Grade Celsius,
421,622.23,W/m^2,10:30:40,28/6/17,Day of week:,Wednesday,34.00,Grade Celsius,
421,622.23,W/m^2,10:30:43,28/6/17,Day of week:,Wednesday,34.19,Grade Celsius,
436,620.77,W/m^2,10:30:46,28/6/17,Day of week:,Wednesday,34.25,Grade Celsius,
422,639.76,W/m^2,10:30:49,28/6/17,Day of week:,Wednesday,34.00,Grade Celsius,
423,619.31,W/m^2,10:30:52,28/6/17,Day of week:,Wednesday,33.81,Grade Celsius,
420,616.39,W/m^2,10:30:55,28/6/17,Day of week:,Wednesday,33.69,Grade Celsius,
410,620.77,W/m^2,10:30:58,28/6/17,Day of week:,Wednesday,33.69,Grade Celsius,
420,619.31,W/m^2,10:31:01,28/6/17,Day of week:,Wednesday,33.88,Grade Celsius,
421,604.70,W/m^2,10:31:04,28/6/17,Day of week:,Wednesday,34.00,Grade Celsius,
423,620.77,W/m^2,10:31:07,28/6/17,Day of week:,Wednesday,34.13,Grade Celsius,
419,612.01,W/m^2,10:31:10,28/6/17,Day of week:,Wednesday,34.19,Grade Celsius,
422,598.86,W/m^2,10:31:13,28/6/17,Day of week:,Wednesday,34.19,Grade Celsius,
420,598.86,W/m^2,10:31:16,28/6/17,Day of week:,Wednesday,34.25,Grade Celsius,
411,617.85,W/m^2,10:31:19,28/6/17,Day of week:,Wednesday,34.38,Grade Celsius,
423,619.31,W/m^2,10:31:22,28/6/17,Day of week:,Wednesday,34.44,Grade Celsius,
421,616.39,W/m^2,10:31:26,28/6/17,Day of week:,Wednesday,34.56,Grade Celsius,
421,622.23,W/m^2,10:31:29,28/6/17,Day of week:,Wednesday,34.69,Grade Celsius,
424,601.78,W/m^2,10:31:32,28/6/17,Day of week:,Wednesday,34.75,Grade Celsius,
429,616.39,W/m^2,10:31:35,28/6/17,Day of week:,Wednesday,34.50,Grade Celsius,
426,623.69,W/m^2,10:31:38,28/6/17,Day of week:,Wednesday,34.69,Grade Celsius,
426,628.08,W/m^2,10:31:41,28/6/17,Day of week:,Wednesday,34.81,Grade Celsius,
419,600.32,W/m^2,10:31:44,28/6/17,Day of week:,Wednesday,34.75,Grade Celsius,
425,619.31,W/m^2,10:31:47,28/6/17,Day of week:,Wednesday,34.94,Grade Celsius,
421,619.31,W/m^2,10:31:50,28/6/17,Day of week:,Wednesday,34.88,Grade Celsius,
426,622.23,W/m^2,10:31:53,28/6/17,Day of week:,Wednesday,34.94,Grade Celsius,
423,631.00,W/m^2,10:31:56,28/6/17,Day of week:,Wednesday,35.13,Grade Celsius,
423,622.23,W/m^2,10:31:59,28/6/17,Day of week:,Wednesday,35.31,Grade Celsius,
425,629.54,W/m^2,10:32:02,28/6/17,Day of week:,Wednesday,35.31,Grade Celsius,
425,626.61,W/m^2,10:32:05,28/6/17,Day of week:,Wednesday,35.13,Grade Celsius,
425,622.23,W/m^2,10:32:08,28/6/17,Day of week:,Wednesday,35.00,Grade Celsius,
425,625.15,W/m^2,10:32:11,28/6/17,Day of week:,Wednesday,34.88,Grade Celsius,
426,603.24,W/m^2,10:32:15,28/6/17,Day of week:,Wednesday,34.88,Grade Celsius,
426,626.61,W/m^2,10:32:18,28/6/17,Day of week:,Wednesday,35.00,Grade Celsius,
411,625.15,W/m^2,10:32:21,28/6/17,Day of week:,Wednesday,35.19,Grade Celsius,
421,622.23,W/m^2,10:32:24,28/6/17,Day of week:,Wednesday,35.38,Grade Celsius,
428,623.69,W/m^2,10:32:27,28/6/17,Day of week:,Wednesday,35.50,Grade Celsius,
417,625.15,W/m^2,10:32:30,28/6/17,Day of week:,Wednesday,35.56,Grade Celsius,
425,625.15,W/m^2,10:32:33,28/6/17,Day of week:,Wednesday,35.44,Grade Celsius,
420,619.31,W/m^2,10:32:36,28/6/17,Day of week:,Wednesday,35.19,Grade Celsius,
425,628.08,W/m^2,10:32:39,28/6/17,Day of week:,Wednesday,35.19,Grade Celsius,
429,626.61,W/m^2,10:32:42,28/6/17,Day of week:,Wednesday,35.25,Grade Celsius,
427,622.23,W/m^2,10:32:45,28/6/17,Day of week:,Wednesday,34.56,Grade Celsius,
427,639.76,W/m^2,10:32:48,28/6/17,Day of week:,Wednesday,34.00,Grade Celsius,
427,601.78,W/m^2,10:32:51,28/6/17,Day of week:,Wednesday,34.13,Grade Celsius,
423,623.69,W/m^2,10:32:54,28/6/17,Day of week:,Wednesday,33.88,Grade Celsius,
426,623.69,W/m^2,10:32:58,28/6/17,Day of week:,Wednesday,34.00,Grade Celsius,
430,625.15,W/m^2,10:33:01,28/6/17,Day of week:,Wednesday,33.75,Grade Celsius,
425,631.00,W/m^2,10:33:04,28/6/17,Day of week:,Wednesday,33.50,Grade Celsius,
415,616.39,W/m^2,10:33:07,28/6/17,Day of week:,Wednesday,33.50,Grade Celsius,
428,626.61,W/m^2,10:33:10,28/6/17,Day of week:,Wednesday,33.50,Grade Celsius,
426,625.15,W/m^2,10:33:13,28/6/17,Day of week:,Wednesday,33.50,Grade Celsius,
425,622.23,W/m^2,10:33:16,28/6/17,Day of week:,Wednesday,33.75,Grade Celsius,
440,628.08,W/m^2,10:33:19,28/6/17,Day of week:,Wednesday,33.63,Grade Celsius,
430,632.46,W/m^2,10:33:22,28/6/17,Day of week:,Wednesday,33.75,Grade Celsius,
429,628.08,W/m^2,10:33:25,28/6/17,Day of week:,Wednesday,33.88,Grade Celsius,
429,623.69,W/m^2,10:33:28,28/6/17,Day of week:,Wednesday,33.94,Grade Celsius,
431,626.61,W/m^2,10:33:31,28/6/17,Day of week:,Wednesday,33.81,Grade Celsius,
435,622.23,W/m^2,10:33:34,28/6/17,Day of week:,Wednesday,33.75,Grade Celsius,
429,628.08,W/m^2,10:33:37,28/6/17,Day of week:,Wednesday,33.38,Grade Celsius,
430,628.08,W/m^2,10:33:41,28/6/17,Day of week:,Wednesday,33.63,Grade Celsius,
431,642.68,W/m^2,10:33:44,28/6/17,Day of week:,Wednesday,33.75,Grade Celsius,
430,631.00,W/m^2,10:33:47,28/6/17,Day of week:,Wednesday,33.50,Grade Celsius,
429,628.08,W/m^2,10:33:50,28/6/17,Day of week:,Wednesday,33.38,Grade Celsius,
429,631.00,W/m^2,10:33:53,28/6/17,Day of week:,Wednesday,33.63,Grade Celsius,
422,628.08,W/m^2,10:33:56,28/6/17,Day of week:,Wednesday,33.69,Grade Celsius,
423,628.08,W/m^2,10:33:59,28/6/17,Day of week:,Wednesday,33.69,Grade Celsius,
441,633.92,W/m^2,10:34:02,28/6/17,Day of week:,Wednesday,33.88,Grade Celsius,
430,633.92,W/m^2,10:34:05,28/6/17,Day of week:,Wednesday,33.88,Grade Celsius,
416,635.38,W/m^2,10:34:08,28/6/17,Day of week:,Wednesday,33.50,Grade Celsius,
429,631.00,W/m^2,10:34:11,28/6/17,Day of week:,Wednesday,33.88,Grade Celsius,
429,628.08,W/m^2,10:34:14,28/6/17,Day of week:,Wednesday,33.94,Grade Celsius,
430,631.00,W/m^2,10:34:17,28/6/17,Day of week:,Wednesday,33.56,Grade Celsius,
417,633.92,W/m^2,10:34:20,28/6/17,Day of week:,Wednesday,33.50,Grade Celsius,
447,633.92,W/m^2,10:34:23,28/6/17,Day of week:,Wednesday,33.31,Grade Celsius,
433,633.92,W/m^2,10:34:26,28/6/17,Day of week:,Wednesday,33.19,Grade Celsius,
432,631.00,W/m^2,10:34:30,28/6/17,Day of week:,Wednesday,33.00,Grade Celsius,
431,626.61,W/m^2,10:34:33,28/6/17,Day of week:,Wednesday,33.19,Grade Celsius,
432,631.00,W/m^2,10:34:36,28/6/17,Day of week:,Wednesday,33.19,Grade Celsius,
430,632.46,W/m^2,10:34:39,28/6/17,Day of week:,Wednesday,33.31,Grade Celsius,
434,635.38,W/m^2,10:34:42,28/6/17,Day of week:,Wednesday,33.31,Grade Celsius,
441,633.92,W/m^2,10:34:45,28/6/17,Day of week:,Wednesday,33.38,Grade Celsius,
437,654.37,W/m^2,10:34:48,28/6/17,Day of week:,Wednesday,33.38,Grade Celsius,
434,639.76,W/m^2,10:34:51,28/6/17,Day of week:,Wednesday,33.31,Grade Celsius,
441,639.76,W/m^2,10:34:54,28/6/17,Day of week:,Wednesday,32.88,Grade Celsius,
435,626.61,W/m^2,10:34:57,28/6/17,Day of week:,Wednesday,33.00,Grade Celsius,
435,638.30,W/m^2,10:35:00,28/6/17,Day of week:,Wednesday,33.13,Grade Celsius,
435,635.38,W/m^2,10:35:03,28/6/17,Day of week:,Wednesday,33.31,Grade Celsius,
433,636.84,W/m^2,10:35:06,28/6/17,Day of week:,Wednesday,33.19,Grade Celsius,
428,636.84,W/m^2,10:35:09,28/6/17,Day of week:,Wednesday,33.25,Grade Celsius,
437,641.22,W/m^2,10:35:12,28/6/17,Day of week:,Wednesday,33.38,Grade Celsius,
436,639.76,W/m^2,10:35:16,28/6/17,Day of week:,Wednesday,33.25,Grade Celsius,
438,639.76,W/m^2,10:35:19,28/6/17,Day of week:,Wednesday,33.56,Grade Celsius,
429,638.30,W/m^2,10:35:22,28/6/17,Day of week:,Wednesday,33.69,Grade Celsius,
448,636.84,W/m^2,10:35:25,28/6/17,Day of week:,Wednesday,33.81,Grade Celsius,
435,638.30,W/m^2,10:35:28,28/6/17,Day of week:,Wednesday,33.50,Grade Celsius,
434,639.76,W/m^2,10:35:31,28/6/17,Day of week:,Wednesday,33.13,Grade Celsius,
438,639.76,W/m^2,10:35:34,28/6/17,Day of week:,Wednesday,33.19,Grade Celsius,
437,623.69,W/m^2,10:35:37,28/6/17,Day of week:,Wednesday,33.38,Grade Celsius,
437,639.76,W/m^2,10:35:40,28/6/17,Day of week:,Wednesday,33.44,Grade Celsius,
436,636.84,W/m^2,10:35:43,28/6/17,Day of week:,Wednesday,32.88,Grade Celsius,
434,638.30,W/m^2,10:35:46,28/6/17,Day of week:,Wednesday,32.81,Grade Celsius,
435,661.67,W/m^2,10:35:49,28/6/17,Day of week:,Wednesday,32.94,Grade Celsius,
435,641.22,W/m^2,10:35:52,28/6/17,Day of week:,Wednesday,33.06,Grade Celsius,
449,639.76,W/m^2,10:35:55,28/6/17,Day of week:,Wednesday,33.00,Grade Celsius,
442,641.22,W/m^2,10:35:58,28/6/17,Day of week:,Wednesday,33.19,Grade Celsius,
428,636.84,W/m^2,10:36:02,28/6/17,Day of week:,Wednesday,33.38,Grade Celsius,
436,639.76,W/m^2,10:36:05,28/6/17,Day of week:,Wednesday,33.63,Grade Celsius,
440,641.22,W/m^2,10:36:08,28/6/17,Day of week:,Wednesday,33.63,Grade Celsius,
437,639.76,W/m^2,10:36:11,28/6/17,Day of week:,Wednesday,33.63,Grade Celsius,
436,641.22,W/m^2,10:36:14,28/6/17,Day of week:,Wednesday,33.50,Grade Celsius,
435,642.68,W/m^2,10:36:17,28/6/17,Day of week:,Wednesday,33.56,Grade Celsius,
436,639.76,W/m^2,10:36:20,28/6/17,Day of week:,Wednesday,33.13,Grade Celsius,
435,638.30,W/m^2,10:36:23,28/6/17,Day of week:,Wednesday,32.81,Grade Celsius,
441,642.68,W/m^2,10:36:26,28/6/17,Day of week:,Wednesday,32.88,Grade Celsius,
437,647.06,W/m^2,10:36:29,28/6/17,Day of week:,Wednesday,32.63,Grade Celsius,
436,631.00,W/m^2,10:36:32,28/6/17,Day of week:,Wednesday,32.38,Grade Celsius,
428,660.21,W/m^2,10:36:35,28/6/17,Day of week:,Wednesday,32.06,Grade Celsius,
436,638.30,W/m^2,10:36:38,28/6/17,Day of week:,Wednesday,31.94,Grade Celsius,
442,638.30,W/m^2,10:36:41,28/6/17,Day of week:,Wednesday,32.00,Grade Celsius,
444,644.14,W/m^2,10:36:44,28/6/17,Day of week:,Wednesday,32.06,Grade Celsius,
436,644.14,W/m^2,10:36:48,28/6/17,Day of week:,Wednesday,32.00,Grade Celsius,
443,642.68,W/m^2,10:36:51,28/6/17,Day of week:,Wednesday,32.00,Grade Celsius,
438,642.68,W/m^2,10:36:54,28/6/17,Day of week:,Wednesday,32.31,Grade Celsius,
438,631.00,W/m^2,10:36:57,28/6/17,Day of week:,Wednesday,32.63,Grade Celsius,
436,639.76,W/m^2,10:37:00,28/6/17,Day of week:,Wednesday,32.50,Grade Celsius,
437,639.76,W/m^2,10:37:03,28/6/17,Day of week:,Wednesday,32.38,Grade Celsius,
440,633.92,W/m^2,10:37:06,28/6/17,Day of week:,Wednesday,32.31,Grade Celsius,
438,658.75,W/m^2,10:37:09,28/6/17,Day of week:,Wednesday,32.38,Grade Celsius,
439,642.68,W/m^2,10:37:12,28/6/17,Day of week:,Wednesday,31.94,Grade Celsius,
437,645.60,W/m^2,10:37:15,28/6/17,Day of week:,Wednesday,31.87,Grade Celsius,
440,645.60,W/m^2,10:37:18,28/6/17,Day of week:,Wednesday,31.75,Grade Celsius,
438,639.76,W/m^2,10:37:21,28/6/17,Day of week:,Wednesday,31.87,Grade Celsius,
438,639.76,W/m^2,10:37:24,28/6/17,Day of week:,Wednesday,32.13,Grade Celsius,
438,642.68,W/m^2,10:37:27,28/6/17,Day of week:,Wednesday,32.31,Grade Celsius,
425,642.68,W/m^2,10:37:30,28/6/17,Day of week:,Wednesday,32.63,Grade Celsius,
439,654.37,W/m^2,10:37:33,28/6/17,Day of week:,Wednesday,32.75,Grade Celsius,
439,642.68,W/m^2,10:37:37,28/6/17,Day of week:,Wednesday,32.81,Grade Celsius,
440,644.14,W/m^2,10:37:40,28/6/17,Day of week:,Wednesday,32.81,Grade Celsius,
439,645.60,W/m^2,10:37:43,28/6/17,Day of week:,Wednesday,32.88,Grade Celsius,
453,641.22,W/m^2,10:37:46,28/6/17,Day of week:,Wednesday,33.00,Grade Celsius,
438,641.22,W/m^2,10:37:49,28/6/17,Day of week:,Wednesday,33.06,Grade Celsius,
438,654.37,W/m^2,10:37:52,28/6/17,Day of week:,Wednesday,32.75,Grade Celsius,
441,645.60,W/m^2,10:37:55,28/6/17,Day of week:,Wednesday,32.38,Grade Celsius,
438,639.76,W/m^2,10:37:58,28/6/17,Day of week:,Wednesday,32.00,Grade Celsius,
425,647.06,W/m^2,10:38:01,28/6/17,Day of week:,Wednesday,32.00,Grade Celsius,
441,647.06,W/m^2,10:38:04,28/6/17,Day of week:,Wednesday,31.69,Grade Celsius,
439,644.14,W/m^2,10:38:07,28/6/17,Day of week:,Wednesday,31.87,Grade Celsius,
438,642.68,W/m^2,10:38:11,28/6/17,Day of week:,Wednesday,31.94,Grade Celsius,
440,641.22,W/m^2,10:38:14,28/6/17,Day of week:,Wednesday,31.75,Grade Celsius,
451,642.68,W/m^2,10:38:17,28/6/17,Day of week:,Wednesday,31.69,Grade Celsius,
440,629.54,W/m^2,10:38:20,28/6/17,Day of week:,Wednesday,31.75,Grade Celsius,
441,636.84,W/m^2,10:38:23,28/6/17,Day of week:,Wednesday,31.81,Grade Celsius,
441,647.06,W/m^2,10:38:26,28/6/17,Day of week:,Wednesday,32.13,Grade Celsius,
441,658.75,W/m^2,10:38:29,28/6/17,Day of week:,Wednesday,32.00,Grade Celsius,
428,652.91,W/m^2,10:38:32,28/6/17,Day of week:,Wednesday,31.94,Grade Celsius,
434,645.60,W/m^2,10:38:35,28/6/17,Day of week:,Wednesday,31.56,Grade Celsius,
440,649.98,W/m^2,10:38:38,28/6/17,Day of week:,Wednesday,31.81,Grade Celsius,
440,644.14,W/m^2,10:38:41,28/6/17,Day of week:,Wednesday,31.69,Grade Celsius,
441,644.14,W/m^2,10:38:44,28/6/17,Day of week:,Wednesday,31.75,Grade Celsius,
442,654.37,W/m^2,10:38:47,28/6/17,Day of week:,Wednesday,31.69,Grade Celsius,
441,644.14,W/m^2,10:38:50,28/6/17,Day of week:,Wednesday,31.75,Grade Celsius,
439,647.06,W/m^2,10:38:53,28/6/17,Day of week:,Wednesday,31.75,Grade Celsius,
455,654.37,W/m^2,10:38:56,28/6/17,Day of week:,Wednesday,32.00,Grade Celsius,
440,645.60,W/m^2,10:39:00,28/6/17,Day of week:,Wednesday,32.25,Grade Celsius,
439,645.60,W/m^2,10:39:03,28/6/17,Day of week:,Wednesday,32.31,Grade Celsius,
439,644.14,W/m^2,10:39:06,28/6/17,Day of week:,Wednesday,32.56,Grade Celsius,
440,644.14,W/m^2,10:39:09,28/6/17,Day of week:,Wednesday,32.50,Grade Celsius,
453,652.91,W/m^2,10:39:12,28/6/17,Day of week:,Wednesday,32.75,Grade Celsius,
440,647.06,W/m^2,10:39:15,28/6/17,Day of week:,Wednesday,32.69,Grade Celsius,
441,649.98,W/m^2,10:39:18,28/6/17,Day of week:,Wednesday,32.81,Grade Celsius,
444,666.05,W/m^2,10:39:21,28/6/17,Day of week:,Wednesday,32.75,Grade Celsius,
443,654.37,W/m^2,10:39:24,28/6/17,Day of week:,Wednesday,32.69,Grade Celsius,
444,642.68,W/m^2,10:39:27,28/6/17,Day of week:,Wednesday,32.75,Grade Celsius,
446,639.76,W/m^2,10:39:30,28/6/17,Day of week:,Wednesday,32.56,Grade Celsius,
441,649.98,W/m^2,10:39:33,28/6/17,Day of week:,Wednesday,32.63,Grade Celsius,
443,648.52,W/m^2,10:39:36,28/6/17,Day of week:,Wednesday,32.56,Grade Celsius,
442,648.52,W/m^2,10:39:39,28/6/17,Day of week:,Wednesday,32.44,Grade Celsius,
441,642.68,W/m^2,10:39:42,28/6/17,Day of week:,Wednesday,32.31,Grade Celsius,
442,649.98,W/m^2,10:39:46,28/6/17,Day of week:,Wednesday,32.13,Grade Celsius,
445,651.45,W/m^2,10:39:49,28/6/17,Day of week:,Wednesday,32.06,Grade Celsius,
443,651.45,W/m^2,10:39:52,28/6/17,Day of week:,Wednesday,32.13,Grade Celsius,
453,651.45,W/m^2,10:39:55,28/6/17,Day of week:,Wednesday,32.13,Grade Celsius,
445,651.45,W/m^2,10:39:58,28/6/17,Day of week:,Wednesday,32.19,Grade Celsius,
447,652.91,W/m^2,10:40:01,28/6/17,Day of week:,Wednesday,32.50,Grade Celsius,
429,648.52,W/m^2,10:40:04,28/6/17,Day of week:,Wednesday,32.31,Grade Celsius,
444,649.98,W/m^2,10:40:07,28/6/17,Day of week:,Wednesday,32.19,Grade Celsius,
443,661.67,W/m^2,10:40:10,28/6/17,Day of week:,Wednesday,32.19,Grade Celsius,
446,652.91,W/m^2,10:40:13,28/6/17,Day of week:,Wednesday,32.25,Grade Celsius,
443,648.52,W/m^2,10:40:16,28/6/17,Day of week:,Wednesday,32.44,Grade Celsius,
456,654.37,W/m^2,10:40:19,28/6/17,Day of week:,Wednesday,32.69,Grade Celsius,
445,648.52,W/m^2,10:40:22,28/6/17,Day of week:,Wednesday,32.88,Grade Celsius,
444,645.60,W/m^2,10:40:25,28/6/17,Day of week:,Wednesday,32.88,Grade Celsius,
447,654.37,W/m^2,10:40:28,28/6/17,Day of week:,Wednesday,33.00,Grade Celsius,
448,654.37,W/m^2,10:40:32,28/6/17,Day of week:,Wednesday,32.88,Grade Celsius,
443,651.45,W/m^2,10:40:35,28/6/17,Day of week:,Wednesday,32.75,Grade Celsius,
443,648.52,W/m^2,10:40:38,28/6/17,Day of week:,Wednesday,32.69,Grade Celsius,
443,666.05,W/m^2,10:40:41,28/6/17,Day of week:,Wednesday,32.63,Grade Celsius,
445,657.29,W/m^2,10:40:44,28/6/17,Day of week:,Wednesday,32.63,Grade Celsius,
444,652.91,W/m^2,10:40:47,28/6/17,Day of week:,Wednesday,32.88,Grade Celsius,
442,651.45,W/m^2,10:40:50,28/6/17,Day of week:,Wednesday,33.00,Grade Celsius,
445,651.45,W/m^2,10:40:53,28/6/17,Day of week:,Wednesday,32.94,Grade Celsius,
441,655.83,W/m^2,10:40:56,28/6/17,Day of week:,Wednesday,33.06,Grade Celsius,
445,663.13,W/m^2,10:40:59,28/6/17,Day of week:,Wednesday,33.00,Grade Celsius,
444,651.45,W/m^2,10:41:02,28/6/17,Day of week:,Wednesday,33.13,Grade Celsius,
443,655.83,W/m^2,10:41:05,28/6/17,Day of week:,Wednesday,33.25,Grade Celsius,
445,654.37,W/m^2,10:41:08,28/6/17,Day of week:,Wednesday,33.44,Grade Celsius,
447,654.37,W/m^2,10:41:11,28/6/17,Day of week:,Wednesday,33.50,Grade Celsius,
445,655.83,W/m^2,10:41:14,28/6/17,Day of week:,Wednesday,33.69,Grade Celsius,
444,673.36,W/m^2,10:41:17,28/6/17,Day of week:,Wednesday,33.75,Grade Celsius,
448,654.37,W/m^2,10:41:21,28/6/17,Day of week:,Wednesday,33.38,Grade Celsius,
445,642.68,W/m^2,10:41:24,28/6/17,Day of week:,Wednesday,33.31,Grade Celsius,
439,652.91,W/m^2,10:41:27,28/6/17,Day of week:,Wednesday,33.38,Grade Celsius,
437,639.76,W/m^2,10:41:30,28/6/17,Day of week:,Wednesday,33.56,Grade Celsius,
447,636.84,W/m^2,10:41:33,28/6/17,Day of week:,Wednesday,33.75,Grade Celsius,
436,655.83,W/m^2,10:41:36,28/6/17,Day of week:,Wednesday,33.88,Grade Celsius,
453,657.29,W/m^2,10:41:39,28/6/17,Day of week:,Wednesday,34.00,Grade Celsius,
445,651.45,W/m^2,10:41:42,28/6/17,Day of week:,Wednesday,33.94,Grade Celsius,
444,652.91,W/m^2,10:41:45,28/6/17,Day of week:,Wednesday,33.69,Grade Celsius,
452,652.91,W/m^2,10:41:48,28/6/17,Day of week:,Wednesday,33.75,Grade Celsius,
445,654.37,W/m^2,10:41:51,28/6/17,Day of week:,Wednesday,34.00,Grade Celsius,
446,654.37,W/m^2,10:41:54,28/6/17,Day of week:,Wednesday,34.06,Grade Celsius,
445,652.91,W/m^2,10:41:57,28/6/17,Day of week:,Wednesday,34.13,Grade Celsius,
446,677.74,W/m^2,10:42:00,28/6/17,Day of week:,Wednesday,34.25,Grade Celsius,
447,676.28,W/m^2,10:42:03,28/6/17,Day of week:,Wednesday,34.31,Grade Celsius,
448,649.98,W/m^2,10:42:07,28/6/17,Day of week:,Wednesday,34.50,Grade Celsius,
445,654.37,W/m^2,10:42:10,28/6/17,Day of week:,Wednesday,34.69,Grade Celsius,
447,651.45,W/m^2,10:42:13,28/6/17,Day of week:,Wednesday,34.69,Grade Celsius,
446,663.13,W/m^2,10:42:16,28/6/17,Day of week:,Wednesday,34.56,Grade Celsius,
447,658.75,W/m^2,10:42:19,28/6/17,Day of week:,Wednesday,34.44,Grade Celsius,
447,663.13,W/m^2,10:42:22,28/6/17,Day of week:,Wednesday,34.00,Grade Celsius,
449,657.29,W/m^2,10:42:25,28/6/17,Day of week:,Wednesday,34.25,Grade Celsius,
449,654.37,W/m^2,10:42:28,28/6/17,Day of week:,Wednesday,34.38,Grade Celsius,
447,652.91,W/m^2,10:42:31,28/6/17,Day of week:,Wednesday,34.19,Grade Celsius,
448,645.60,W/m^2,10:42:34,28/6/17,Day of week:,Wednesday,33.88,Grade Celsius,
447,654.37,W/m^2,10:42:37,28/6/17,Day of week:,Wednesday,33.44,Grade Celsius,
445,657.29,W/m^2,10:42:40,28/6/17,Day of week:,Wednesday,33.00,Grade Celsius,
445,655.83,W/m^2,10:42:43,28/6/17,Day of week:,Wednesday,33.13,Grade Celsius,
447,647.06,W/m^2,10:42:46,28/6/17,Day of week:,Wednesday,33.31,Grade Celsius,
448,658.75,W/m^2,10:42:49,28/6/17,Day of week:,Wednesday,33.50,Grade Celsius,
449,654.37,W/m^2,10:42:53,28/6/17,Day of week:,Wednesday,33.69,Grade Celsius,
446,657.29,W/m^2,10:42:56,28/6/17,Day of week:,Wednesday,33.88,Grade Celsius,
447,658.75,W/m^2,10:42:59,28/6/17,Day of week:,Wednesday,34.13,Grade Celsius,
447,654.37,W/m^2,10:43:02,28/6/17,Day of week:,Wednesday,34.19,Grade Celsius,
448,654.37,W/m^2,10:43:05,28/6/17,Day of week:,Wednesday,34.44,Grade Celsius,
450,657.29,W/m^2,10:43:08,28/6/17,Day of week:,Wednesday,34.50,Grade Celsius,
440,657.29,W/m^2,10:43:11,28/6/17,Day of week:,Wednesday,34.69,Grade Celsius,
449,654.37,W/m^2,10:43:14,28/6/17,Day of week:,Wednesday,34.94,Grade Celsius,
450,657.29,W/m^2,10:43:17,28/6/17,Day of week:,Wednesday,35.00,Grade Celsius,
448,666.05,W/m^2,10:43:20,28/6/17,Day of week:,Wednesday,35.25,Grade Celsius,
448,654.37,W/m^2,10:43:23,28/6/17,Day of week:,Wednesday,35.50,Grade Celsius,
447,658.75,W/m^2,10:43:26,28/6/17,Day of week:,Wednesday,35.38,Grade Celsius,
447,658.75,W/m^2,10:43:29,28/6/17,Day of week:,Wednesday,35.44,Grade Celsius,
437,660.21,W/m^2,10:43:33,28/6/17,Day of week:,Wednesday,35.25,Grade Celsius,
449,660.21,W/m^2,10:43:36,28/6/17,Day of week:,Wednesday,35.38,Grade Celsius,
450,660.21,W/m^2,10:43:39,28/6/17,Day of week:,Wednesday,35.44,Grade Celsius,
448,651.45,W/m^2,10:43:42,28/6/17,Day of week:,Wednesday,35.50,Grade Celsius,
448,652.91,W/m^2,10:43:45,28/6/17,Day of week:,Wednesday,35.31,Grade Celsius,
450,654.37,W/m^2,10:43:48,28/6/17,Day of week:,Wednesday,35.13,Grade Celsius,
449,660.21,W/m^2,10:43:51,28/6/17,Day of week:,Wednesday,34.75,Grade Celsius,
449,658.75,W/m^2,10:43:54,28/6/17,Day of week:,Wednesday,34.31,Grade Celsius,
447,655.83,W/m^2,10:43:57,28/6/17,Day of week:,Wednesday,34.25,Grade Celsius,
447,657.29,W/m^2,10:44:00,28/6/17,Day of week:,Wednesday,34.00,Grade Celsius,
448,660.21,W/m^2,10:44:03,28/6/17,Day of week:,Wednesday,34.19,Grade Celsius,
450,660.21,W/m^2,10:44:06,28/6/17,Day of week:,Wednesday,33.94,Grade Celsius,
448,655.83,W/m^2,10:44:09,28/6/17,Day of week:,Wednesday,33.69,Grade Celsius,
450,680.66,W/m^2,10:44:12,28/6/17,Day of week:,Wednesday,33.50,Grade Celsius,
448,671.89,W/m^2,10:44:15,28/6/17,Day of week:,Wednesday,33.44,Grade Celsius,
448,657.29,W/m^2,10:44:19,28/6/17,Day of week:,Wednesday,33.50,Grade Celsius,
442,664.59,W/m^2,10:44:22,28/6/17,Day of week:,Wednesday,33.69,Grade Celsius,
449,657.29,W/m^2,10:44:25,28/6/17,Day of week:,Wednesday,33.75,Grade Celsius,
459,657.29,W/m^2,10:44:28,28/6/17,Day of week:,Wednesday,34.00,Grade Celsius,
448,661.67,W/m^2,10:44:31,28/6/17,Day of week:,Wednesday,33.81,Grade Celsius,
462,663.13,W/m^2,10:44:34,28/6/17,Day of week:,Wednesday,33.56,Grade Celsius,
446,661.67,W/m^2,10:44:37,28/6/17,Day of week:,Wednesday,33.38,Grade Celsius,
447,664.59,W/m^2,10:44:40,28/6/17,Day of week:,Wednesday,32.94,Grade Celsius,
441,658.75,W/m^2,10:44:43,28/6/17,Day of week:,Wednesday,33.00,Grade Celsius,
449,660.21,W/m^2,10:44:46,28/6/17,Day of week:,Wednesday,32.88,Grade Celsius,
449,668.97,W/m^2,10:44:49,28/6/17,Day of week:,Wednesday,32.88,Grade Celsius,
442,661.67,W/m^2,10:44:52,28/6/17,Day of week:,Wednesday,33.06,Grade Celsius,
465,671.89,W/m^2,10:44:55,28/6/17,Day of week:,Wednesday,33.25,Grade Celsius,
452,661.67,W/m^2,10:44:58,28/6/17,Day of week:,Wednesday,33.00,Grade Celsius,
450,660.21,W/m^2,10:45:01,28/6/17,Day of week:,Wednesday,32.88,Grade Celsius,
449,663.13,W/m^2,10:45:05,28/6/17,Day of week:,Wednesday,33.00,Grade Celsius,
449,661.67,W/m^2,10:45:08,28/6/17,Day of week:,Wednesday,33.19,Grade Celsius,
450,664.59,W/m^2,10:45:11,28/6/17,Day of week:,Wednesday,33.44,Grade Celsius,
445,655.83,W/m^2,10:45:14,28/6/17,Day of week:,Wednesday,33.75,Grade Celsius,
447,661.67,W/m^2,10:45:17,28/6/17,Day of week:,Wednesday,34.00,Grade Celsius,
451,670.43,W/m^2,10:45:20,28/6/17,Day of week:,Wednesday,34.25,Grade Celsius,
451,660.21,W/m^2,10:45:23,28/6/17,Day of week:,Wednesday,34.06,Grade Celsius,
448,658.75,W/m^2,10:45:26,28/6/17,Day of week:,Wednesday,34.13,Grade Celsius,
452,661.67,W/m^2,10:45:29,28/6/17,Day of week:,Wednesday,34.31,Grade Celsius,
453,664.59,W/m^2,10:45:32,28/6/17,Day of week:,Wednesday,34.44,Grade Celsius,
454,661.67,W/m^2,10:45:35,28/6/17,Day of week:,Wednesday,34.63,Grade Celsius,
449,660.21,W/m^2,10:45:38,28/6/17,Day of week:,Wednesday,34.88,Grade Celsius,
450,668.97,W/m^2,10:45:41,28/6/17,Day of week:,Wednesday,35.13,Grade Celsius,
444,664.59,W/m^2,10:45:44,28/6/17,Day of week:,Wednesday,35.31,Grade Celsius,
453,663.13,W/m^2,10:45:47,28/6/17,Day of week:,Wednesday,35.50,Grade Celsius,
448,660.21,W/m^2,10:45:51,28/6/17,Day of week:,Wednesday,35.69,Grade Celsius,
452,660.21,W/m^2,10:45:54,28/6/17,Day of week:,Wednesday,35.94,Grade Celsius,
450,654.37,W/m^2,10:45:57,28/6/17,Day of week:,Wednesday,36.13,Grade Celsius,
450,664.59,W/m^2,10:46:00,28/6/17,Day of week:,Wednesday,36.25,Grade Celsius,
452,663.13,W/m^2,10:46:03,28/6/17,Day of week:,Wednesday,36.31,Grade Celsius,
451,676.28,W/m^2,10:46:06,28/6/17,Day of week:,Wednesday,36.50,Grade Celsius,
449,660.21,W/m^2,10:46:09,28/6/17,Day of week:,Wednesday,36.44,Grade Celsius,
449,660.21,W/m^2,10:46:12,28/6/17,Day of week:,Wednesday,36.38,Grade Celsius,
453,666.05,W/m^2,10:46:15,28/6/17,Day of week:,Wednesday,36.31,Grade Celsius,
452,651.45,W/m^2,10:46:18,28/6/17,Day of week:,Wednesday,36.50,Grade Celsius,
449,657.29,W/m^2,10:46:21,28/6/17,Day of week:,Wednesday,36.38,Grade Celsius,
450,664.59,W/m^2,10:46:24,28/6/17,Day of week:,Wednesday,36.44,Grade Celsius,
450,663.13,W/m^2,10:46:27,28/6/17,Day of week:,Wednesday,36.50,Grade Celsius,
454,666.05,W/m^2,10:46:30,28/6/17,Day of week:,Wednesday,35.63,Grade Celsius,
446,664.59,W/m^2,10:46:34,28/6/17,Day of week:,Wednesday,34.94,Grade Celsius,
453,664.59,W/m^2,10:46:37,28/6/17,Day of week:,Wednesday,34.38,Grade Celsius,
451,674.82,W/m^2,10:46:40,28/6/17,Day of week:,Wednesday,33.88,Grade Celsius,
453,664.59,W/m^2,10:46:43,28/6/17,Day of week:,Wednesday,33.44,Grade Celsius,
462,682.12,W/m^2,10:46:46,28/6/17,Day of week:,Wednesday,33.25,Grade Celsius,
453,663.13,W/m^2,10:46:49,28/6/17,Day of week:,Wednesday,33.38,Grade Celsius,
449,660.21,W/m^2,10:46:52,28/6/17,Day of week:,Wednesday,33.13,Grade Celsius,
459,667.51,W/m^2,10:46:55,28/6/17,Day of week:,Wednesday,33.00,Grade Celsius,
453,667.51,W/m^2,10:46:58,28/6/17,Day of week:,Wednesday,32.75,Grade Celsius,
450,664.59,W/m^2,10:47:01,28/6/17,Day of week:,Wednesday,32.50,Grade Celsius,
467,666.05,W/m^2,10:47:04,28/6/17,Day of week:,Wednesday,32.69,Grade Celsius,
458,670.43,W/m^2,10:47:07,28/6/17,Day of week:,Wednesday,32.38,Grade Celsius,
453,664.59,W/m^2,10:47:10,28/6/17,Day of week:,Wednesday,32.31,Grade Celsius,
460,661.67,W/m^2,10:47:13,28/6/17,Day of week:,Wednesday,32.25,Grade Celsius,
455,685.04,W/m^2,10:47:16,28/6/17,Day of week:,Wednesday,32.38,Grade Celsius,
462,670.43,W/m^2,10:47:20,28/6/17,Day of week:,Wednesday,32.44,Grade Celsius,
456,668.97,W/m^2,10:47:23,28/6/17,Day of week:,Wednesday,32.25,Grade Celsius,
452,667.51,W/m^2,10:47:26,28/6/17,Day of week:,Wednesday,32.50,Grade Celsius,
455,666.05,W/m^2,10:47:29,28/6/17,Day of week:,Wednesday,32.75,Grade Celsius,
460,666.05,W/m^2,10:47:32,28/6/17,Day of week:,Wednesday,33.00,Grade Celsius,
451,664.59,W/m^2,10:47:35,28/6/17,Day of week:,Wednesday,33.19,Grade Celsius,
455,671.89,W/m^2,10:47:38,28/6/17,Day of week:,Wednesday,33.38,Grade Celsius,
455,671.89,W/m^2,10:47:41,28/6/17,Day of week:,Wednesday,33.56,Grade Celsius,
454,670.43,W/m^2,10:47:44,28/6/17,Day of week:,Wednesday,33.69,Grade Celsius,
447,674.82,W/m^2,10:47:47,28/6/17,Day of week:,Wednesday,33.81,Grade Celsius,
457,666.05,W/m^2,10:47:50,28/6/17,Day of week:,Wednesday,33.88,Grade Celsius,
445,671.89,W/m^2,10:47:53,28/6/17,Day of week:,Wednesday,33.88,Grade Celsius,
439,668.97,W/m^2,10:47:56,28/6/17,Day of week:,Wednesday,34.00,Grade Celsius,
457,673.36,W/m^2,10:47:59,28/6/17,Day of week:,Wednesday,34.13,Grade Celsius,
457,670.43,W/m^2,10:48:03,28/6/17,Day of week:,Wednesday,34.19,Grade Celsius,
465,667.51,W/m^2,10:48:06,28/6/17,Day of week:,Wednesday,34.25,Grade Celsius,
459,664.59,W/m^2,10:48:09,28/6/17,Day of week:,Wednesday,34.38,Grade Celsius,
455,667.51,W/m^2,10:48:12,28/6/17,Day of week:,Wednesday,34.56,Grade Celsius,
457,668.97,W/m^2,10:48:15,28/6/17,Day of week:,Wednesday,34.69,Grade Celsius,
458,668.97,W/m^2,10:48:18,28/6/17,Day of week:,Wednesday,34.75,Grade Celsius,
452,670.43,W/m^2,10:48:21,28/6/17,Day of week:,Wednesday,34.81,Grade Celsius,
455,677.74,W/m^2,10:48:24,28/6/17,Day of week:,Wednesday,34.81,Grade Celsius,
457,671.89,W/m^2,10:48:27,28/6/17,Day of week:,Wednesday,34.63,Grade Celsius,
459,670.43,W/m^2,10:48:30,28/6/17,Day of week:,Wednesday,34.69,Grade Celsius,
457,674.82,W/m^2,10:48:33,28/6/17,Day of week:,Wednesday,34.81,Grade Celsius,
455,667.51,W/m^2,10:48:36,28/6/17,Day of week:,Wednesday,34.88,Grade Celsius,
455,671.89,W/m^2,10:48:40,28/6/17,Day of week:,Wednesday,35.00,Grade Celsius,
458,658.75,W/m^2,10:48:43,28/6/17,Day of week:,Wednesday,35.13,Grade Celsius,
448,670.43,W/m^2,10:48:46,28/6/17,Day of week:,Wednesday,35.00,Grade Celsius,
457,690.88,W/m^2,10:48:49,28/6/17,Day of week:,Wednesday,34.88,Grade Celsius,
455,661.67,W/m^2,10:48:52,28/6/17,Day of week:,Wednesday,34.94,Grade Celsius,
458,671.89,W/m^2,10:48:55,28/6/17,Day of week:,Wednesday,34.69,Grade Celsius,
466,667.51,W/m^2,10:48:58,28/6/17,Day of week:,Wednesday,34.50,Grade Celsius,
453,670.43,W/m^2,10:49:01,28/6/17,Day of week:,Wednesday,34.44,Grade Celsius,
458,666.05,W/m^2,10:49:04,28/6/17,Day of week:,Wednesday,34.69,Grade Celsius,
458,670.43,W/m^2,10:49:07,28/6/17,Day of week:,Wednesday,34.75,Grade Celsius,
457,663.13,W/m^2,10:49:10,28/6/17,Day of week:,Wednesday,34.94,Grade Celsius,
456,668.97,W/m^2,10:49:13,28/6/17,Day of week:,Wednesday,35.19,Grade Celsius,
452,663.13,W/m^2,10:49:16,28/6/17,Day of week:,Wednesday,34.94,Grade Celsius,
449,660.21,W/m^2,10:49:19,28/6/17,Day of week:,Wednesday,35.25,Grade Celsius,
464,660.21,W/m^2,10:49:22,28/6/17,Day of week:,Wednesday,35.31,Grade Celsius,
440,660.21,W/m^2,10:49:26,28/6/17,Day of week:,Wednesday,35.44,Grade Celsius,
450,661.67,W/m^2,10:49:29,28/6/17,Day of week:,Wednesday,35.63,Grade Celsius,
452,664.59,W/m^2,10:49:32,28/6/17,Day of week:,Wednesday,35.38,Grade Celsius,
452,666.05,W/m^2,10:49:35,28/6/17,Day of week:,Wednesday,35.25,Grade Celsius,
457,686.50,W/m^2,10:49:38,28/6/17,Day of week:,Wednesday,35.38,Grade Celsius,
456,674.82,W/m^2,10:49:41,28/6/17,Day of week:,Wednesday,35.31,Grade Celsius,
466,668.97,W/m^2,10:49:44,28/6/17,Day of week:,Wednesday,35.56,Grade Celsius,
456,680.66,W/m^2,10:49:47,28/6/17,Day of week:,Wednesday,35.75,Grade Celsius,
466,677.74,W/m^2,10:49:50,28/6/17,Day of week:,Wednesday,35.81,Grade Celsius,
458,673.36,W/m^2,10:49:53,28/6/17,Day of week:,Wednesday,35.88,Grade Celsius,
460,698.19,W/m^2,10:49:56,28/6/17,Day of week:,Wednesday,36.06,Grade Celsius,
462,676.28,W/m^2,10:49:59,28/6/17,Day of week:,Wednesday,36.06,Grade Celsius,
463,682.12,W/m^2,10:50:02,28/6/17,Day of week:,Wednesday,36.13,Grade Celsius,
461,687.96,W/m^2,10:50:05,28/6/17,Day of week:,Wednesday,36.06,Grade Celsius,
461,677.74,W/m^2,10:50:08,28/6/17,Day of week:,Wednesday,36.13,Grade Celsius,
472,679.20,W/m^2,10:50:12,28/6/17,Day of week:,Wednesday,35.75,Grade Celsius,
463,679.20,W/m^2,10:50:15,28/6/17,Day of week:,Wednesday,35.31,Grade Celsius,
463,676.28,W/m^2,10:50:18,28/6/17,Day of week:,Wednesday,35.38,Grade Celsius,
461,677.74,W/m^2,10:50:21,28/6/17,Day of week:,Wednesday,35.25,Grade Celsius,
461,677.74,W/m^2,10:50:24,28/6/17,Day of week:,Wednesday,35.38,Grade Celsius,
463,679.20,W/m^2,10:50:27,28/6/17,Day of week:,Wednesday,35.56,Grade Celsius,
464,677.74,W/m^2,10:50:30,28/6/17,Day of week:,Wednesday,35.75,Grade Celsius,
463,674.82,W/m^2,10:50:33,28/6/17,Day of week:,Wednesday,35.81,Grade Celsius,
464,658.75,W/m^2,10:50:36,28/6/17,Day of week:,Wednesday,35.94,Grade Celsius,
462,680.66,W/m^2,10:50:39,28/6/17,Day of week:,Wednesday,36.06,Grade Celsius,
463,683.58,W/m^2,10:50:42,28/6/17,Day of week:,Wednesday,35.81,Grade Celsius,
465,670.43,W/m^2,10:50:45,28/6/17,Day of week:,Wednesday,35.69,Grade Celsius,
460,682.12,W/m^2,10:50:48,28/6/17,Day of week:,Wednesday,35.50,Grade Celsius,
464,668.97,W/m^2,10:50:51,28/6/17,Day of week:,Wednesday,35.56,Grade Celsius,
468,682.12,W/m^2,10:50:54,28/6/17,Day of week:,Wednesday,35.75,Grade Celsius,
461,682.12,W/m^2,10:50:58,28/6/17,Day of week:,Wednesday,35.81,Grade Celsius,
472,695.26,W/m^2,10:51:01,28/6/17,Day of week:,Wednesday,36.00,Grade Celsius,
464,671.89,W/m^2,10:51:04,28/6/17,Day of week:,Wednesday,35.88,Grade Celsius,
462,682.12,W/m^2,10:51:07,28/6/17,Day of week:,Wednesday,35.81,Grade Celsius,
465,680.66,W/m^2,10:51:10,28/6/17,Day of week:,Wednesday,35.81,Grade Celsius,
467,685.04,W/m^2,10:51:13,28/6/17,Day of week:,Wednesday,35.88,Grade Celsius,
466,696.73,W/m^2,10:51:16,28/6/17,Day of week:,Wednesday,35.88,Grade Celsius,
464,680.66,W/m^2,10:51:19,28/6/17,Day of week:,Wednesday,36.00,Grade Celsius,
464,666.05,W/m^2,10:51:22,28/6/17,Day of week:,Wednesday,36.19,Grade Celsius,
453,685.04,W/m^2,10:51:25,28/6/17,Day of week:,Wednesday,35.81,Grade Celsius,
467,683.58,W/m^2,10:51:28,28/6/17,Day of week:,Wednesday,36.19,Grade Celsius,
466,683.58,W/m^2,10:51:31,28/6/17,Day of week:,Wednesday,36.00,Grade Celsius,
464,674.82,W/m^2,10:51:34,28/6/17,Day of week:,Wednesday,35.69,Grade Celsius,
465,663.13,W/m^2,10:51:37,28/6/17,Day of week:,Wednesday,35.63,Grade Celsius,
461,685.04,W/m^2,10:51:40,28/6/17,Day of week:,Wednesday,35.38,Grade Celsius,
453,685.04,W/m^2,10:51:44,28/6/17,Day of week:,Wednesday,35.31,Grade Celsius,
464,683.58,W/m^2,10:51:47,28/6/17,Day of week:,Wednesday,35.31,Grade Celsius,
463,685.04,W/m^2,10:51:50,28/6/17,Day of week:,Wednesday,35.25,Grade Celsius,
464,680.66,W/m^2,10:51:53,28/6/17,Day of week:,Wednesday,35.06,Grade Celsius,
469,686.50,W/m^2,10:51:56,28/6/17,Day of week:,Wednesday,34.88,Grade Celsius,
465,680.66,W/m^2,10:51:59,28/6/17,Day of week:,Wednesday,34.63,Grade Celsius,
466,683.58,W/m^2,10:52:02,28/6/17,Day of week:,Wednesday,34.63,Grade Celsius,
466,687.96,W/m^2,10:52:05,28/6/17,Day of week:,Wednesday,34.81,Grade Celsius,
468,686.50,W/m^2,10:52:08,28/6/17,Day of week:,Wednesday,34.56,Grade Celsius,
468,685.04,W/m^2,10:52:11,28/6/17,Day of week:,Wednesday,34.50,Grade Celsius,
468,683.58,W/m^2,10:52:14,28/6/17,Day of week:,Wednesday,34.44,Grade Celsius,
464,680.66,W/m^2,10:52:17,28/6/17,Day of week:,Wednesday,34.44,Grade Celsius,
466,683.58,W/m^2,10:52:20,28/6/17,Day of week:,Wednesday,34.38,Grade Celsius,
469,686.50,W/m^2,10:52:23,28/6/17,Day of week:,Wednesday,34.50,Grade Celsius,
467,685.04,W/m^2,10:52:27,28/6/17,Day of week:,Wednesday,34.63,Grade Celsius,
477,685.04,W/m^2,10:52:30,28/6/17,Day of week:,Wednesday,34.81,Grade Celsius,
465,680.66,W/m^2,10:52:33,28/6/17,Day of week:,Wednesday,34.75,Grade Celsius,
467,685.04,W/m^2,10:52:36,28/6/17,Day of week:,Wednesday,34.38,Grade Celsius,
467,693.80,W/m^2,10:52:39,28/6/17,Day of week:,Wednesday,34.38,Grade Celsius,
467,683.58,W/m^2,10:52:42,28/6/17,Day of week:,Wednesday,34.31,Grade Celsius,
465,685.04,W/m^2,10:52:45,28/6/17,Day of week:,Wednesday,34.31,Grade Celsius,
467,687.96,W/m^2,10:52:48,28/6/17,Day of week:,Wednesday,34.00,Grade Celsius,
465,685.04,W/m^2,10:52:51,28/6/17,Day of week:,Wednesday,34.25,Grade Celsius,
469,686.50,W/m^2,10:52:54,28/6/17,Day of week:,Wednesday,34.44,Grade Celsius,
482,685.04,W/m^2,10:52:57,28/6/17,Day of week:,Wednesday,34.69,Grade Celsius,
464,683.58,W/m^2,10:53:00,28/6/17,Day of week:,Wednesday,34.81,Grade Celsius,
466,705.49,W/m^2,10:53:03,28/6/17,Day of week:,Wednesday,34.75,Grade Celsius,
469,705.49,W/m^2,10:53:06,28/6/17,Day of week:,Wednesday,34.63,Grade Celsius,
467,687.96,W/m^2,10:53:10,28/6/17,Day of week:,Wednesday,34.63,Grade Celsius,
475,686.50,W/m^2,10:53:13,28/6/17,Day of week:,Wednesday,34.38,Grade Celsius,
468,686.50,W/m^2,10:53:16,28/6/17,Day of week:,Wednesday,34.63,Grade Celsius,
462,683.58,W/m^2,10:53:19,28/6/17,Day of week:,Wednesday,34.50,Grade Celsius,
478,686.50,W/m^2,10:53:22,28/6/17,Day of week:,Wednesday,34.56,Grade Celsius,
466,687.96,W/m^2,10:53:25,28/6/17,Day of week:,Wednesday,34.56,Grade Celsius,
467,686.50,W/m^2,10:53:28,28/6/17,Day of week:,Wednesday,34.19,Grade Celsius,
482,690.88,W/m^2,10:53:31,28/6/17,Day of week:,Wednesday,34.00,Grade Celsius,
468,701.11,W/m^2,10:53:34,28/6/17,Day of week:,Wednesday,33.75,Grade Celsius,
474,667.51,W/m^2,10:53:37,28/6/17,Day of week:,Wednesday,33.63,Grade Celsius,
467,686.50,W/m^2,10:53:40,28/6/17,Day of week:,Wednesday,33.50,Grade Celsius,
472,690.88,W/m^2,10:53:43,28/6/17,Day of week:,Wednesday,33.25,Grade Celsius,
468,686.50,W/m^2,10:53:46,28/6/17,Day of week:,Wednesday,33.31,Grade Celsius,
463,686.50,W/m^2,10:53:49,28/6/17,Day of week:,Wednesday,33.31,Grade Celsius,
469,667.51,W/m^2,10:53:53,28/6/17,Day of week:,Wednesday,33.06,Grade Celsius,
471,690.88,W/m^2,10:53:56,28/6/17,Day of week:,Wednesday,33.25,Grade Celsius,
476,687.96,W/m^2,10:53:59,28/6/17,Day of week:,Wednesday,33.44,Grade Celsius,
468,686.50,W/m^2,10:54:02,28/6/17,Day of week:,Wednesday,33.50,Grade Celsius,
476,689.42,W/m^2,10:54:05,28/6/17,Day of week:,Wednesday,33.69,Grade Celsius,
471,674.82,W/m^2,10:54:08,28/6/17,Day of week:,Wednesday,33.75,Grade Celsius,
471,692.34,W/m^2,10:54:11,28/6/17,Day of week:,Wednesday,33.94,Grade Celsius,
471,689.42,W/m^2,10:54:14,28/6/17,Day of week:,Wednesday,33.63,Grade Celsius,
468,686.50,W/m^2,10:54:17,28/6/17,Day of week:,Wednesday,33.69,Grade Celsius,
469,673.36,W/m^2,10:54:20,28/6/17,Day of week:,Wednesday,33.56,Grade Celsius,
485,690.88,W/m^2,10:54:23,28/6/17,Day of week:,Wednesday,33.38,Grade Celsius,
466,693.80,W/m^2,10:54:26,28/6/17,Day of week:,Wednesday,33.06,Grade Celsius,
471,689.42,W/m^2,10:54:29,28/6/17,Day of week:,Wednesday,32.69,Grade Celsius,
466,690.88,W/m^2,10:54:32,28/6/17,Day of week:,Wednesday,32.63,Grade Celsius,
483,692.34,W/m^2,10:54:35,28/6/17,Day of week:,Wednesday,32.25,Grade Celsius,
472,690.88,W/m^2,10:54:39,28/6/17,Day of week:,Wednesday,32.44,Grade Celsius,
461,687.96,W/m^2,10:54:42,28/6/17,Day of week:,Wednesday,32.38,Grade Celsius,
470,693.80,W/m^2,10:54:45,28/6/17,Day of week:,Wednesday,32.50,Grade Celsius,
470,689.42,W/m^2,10:54:48,28/6/17,Day of week:,Wednesday,32.44,Grade Celsius,
471,690.88,W/m^2,10:54:51,28/6/17,Day of week:,Wednesday,32.56,Grade Celsius,
454,686.50,W/m^2,10:54:54,28/6/17,Day of week:,Wednesday,32.44,Grade Celsius,
467,687.96,W/m^2,10:54:57,28/6/17,Day of week:,Wednesday,32.56,Grade Celsius,
467,687.96,W/m^2,10:55:00,28/6/17,Day of week:,Wednesday,32.44,Grade Celsius,
468,687.96,W/m^2,10:55:03,28/6/17,Day of week:,Wednesday,32.19,Grade Celsius,
469,689.42,W/m^2,10:55:06,28/6/17,Day of week:,Wednesday,31.94,Grade Celsius,
463,677.74,W/m^2,10:55:09,28/6/17,Day of week:,Wednesday,32.00,Grade Celsius,
470,689.42,W/m^2,10:55:12,28/6/17,Day of week:,Wednesday,31.94,Grade Celsius,
468,686.50,W/m^2,10:55:15,28/6/17,Day of week:,Wednesday,31.94,Grade Celsius,
473,686.50,W/m^2,10:55:18,28/6/17,Day of week:,Wednesday,31.87,Grade Celsius,
469,689.42,W/m^2,10:55:21,28/6/17,Day of week:,Wednesday,31.94,Grade Celsius,
469,692.34,W/m^2,10:55:25,28/6/17,Day of week:,Wednesday,31.87,Grade Celsius,
470,686.50,W/m^2,10:55:28,28/6/17,Day of week:,Wednesday,32.00,Grade Celsius,
469,685.04,W/m^2,10:55:31,28/6/17,Day of week:,Wednesday,32.00,Grade Celsius,
465,687.96,W/m^2,10:55:34,28/6/17,Day of week:,Wednesday,32.00,Grade Celsius,
468,692.34,W/m^2,10:55:37,28/6/17,Day of week:,Wednesday,32.00,Grade Celsius,
469,709.87,W/m^2,10:55:40,28/6/17,Day of week:,Wednesday,32.13,Grade Celsius,
463,687.96,W/m^2,10:55:43,28/6/17,Day of week:,Wednesday,32.25,Grade Celsius,
466,685.04,W/m^2,10:55:46,28/6/17,Day of week:,Wednesday,32.25,Grade Celsius,
468,705.49,W/m^2,10:55:49,28/6/17,Day of week:,Wednesday,32.50,Grade Celsius,
471,670.43,W/m^2,10:55:52,28/6/17,Day of week:,Wednesday,32.69,Grade Celsius,
471,687.96,W/m^2,10:55:55,28/6/17,Day of week:,Wednesday,32.75,Grade Celsius,
456,687.96,W/m^2,10:55:58,28/6/17,Day of week:,Wednesday,32.81,Grade Celsius,
469,686.50,W/m^2,10:56:01,28/6/17,Day of week:,Wednesday,33.00,Grade Celsius,
470,690.88,W/m^2,10:56:04,28/6/17,Day of week:,Wednesday,33.06,Grade Celsius,
469,677.74,W/m^2,10:56:07,28/6/17,Day of week:,Wednesday,33.13,Grade Celsius,
476,685.04,W/m^2,10:56:11,28/6/17,Day of week:,Wednesday,33.25,Grade Celsius,
469,687.96,W/m^2,10:56:14,28/6/17,Day of week:,Wednesday,33.50,Grade Celsius,
472,692.34,W/m^2,10:56:17,28/6/17,Day of week:,Wednesday,33.69,Grade Celsius,
471,676.28,W/m^2,10:56:20,28/6/17,Day of week:,Wednesday,33.63,Grade Celsius,
469,692.34,W/m^2,10:56:23,28/6/17,Day of week:,Wednesday,33.81,Grade Celsius,
463,693.80,W/m^2,10:56:26,28/6/17,Day of week:,Wednesday,33.94,Grade Celsius,
469,690.88,W/m^2,10:56:29,28/6/17,Day of week:,Wednesday,34.00,Grade Celsius,
483,690.88,W/m^2,10:56:32,28/6/17,Day of week:,Wednesday,34.06,Grade Celsius,
468,685.04,W/m^2,10:56:35,28/6/17,Day of week:,Wednesday,34.06,Grade Celsius,
465,685.04,W/m^2,10:56:38,28/6/17,Day of week:,Wednesday,34.19,Grade Celsius,
470,683.58,W/m^2,10:56:41,28/6/17,Day of week:,Wednesday,34.25,Grade Celsius,
464,685.04,W/m^2,10:56:44,28/6/17,Day of week:,Wednesday,34.50,Grade Celsius,
467,706.95,W/m^2,10:56:47,28/6/17,Day of week:,Wednesday,34.75,Grade Celsius,
466,689.42,W/m^2,10:56:50,28/6/17,Day of week:,Wednesday,34.88,Grade Celsius,
465,687.96,W/m^2,10:56:54,28/6/17,Day of week:,Wednesday,35.00,Grade Celsius,
466,704.03,W/m^2,10:56:57,28/6/17,Day of week:,Wednesday,35.25,Grade Celsius,
467,685.04,W/m^2,10:57:00,28/6/17,Day of week:,Wednesday,35.25,Grade Celsius,
470,670.43,W/m^2,10:57:03,28/6/17,Day of week:,Wednesday,35.44,Grade Celsius,
466,687.96,W/m^2,10:57:06,28/6/17,Day of week:,Wednesday,35.69,Grade Celsius,
469,683.58,W/m^2,10:57:09,28/6/17,Day of week:,Wednesday,35.81,Grade Celsius,
470,692.34,W/m^2,10:57:12,28/6/17,Day of week:,Wednesday,36.00,Grade Celsius,
470,693.80,W/m^2,10:57:15,28/6/17,Day of week:,Wednesday,36.19,Grade Celsius,
476,692.34,W/m^2,10:57:18,28/6/17,Day of week:,Wednesday,36.38,Grade Celsius,
469,687.96,W/m^2,10:57:21,28/6/17,Day of week:,Wednesday,36.56,Grade Celsius,
469,689.42,W/m^2,10:57:24,28/6/17,Day of week:,Wednesday,36.75,Grade Celsius,
474,690.88,W/m^2,10:57:27,28/6/17,Day of week:,Wednesday,36.81,Grade Celsius,
472,692.34,W/m^2,10:57:30,28/6/17,Day of week:,Wednesday,36.81,Grade Celsius,
472,686.50,W/m^2,10:57:33,28/6/17,Day of week:,Wednesday,36.81,Grade Celsius,
469,689.42,W/m^2,10:57:36,28/6/17,Day of week:,Wednesday,36.94,Grade Celsius,
475,671.89,W/m^2,10:57:40,28/6/17,Day of week:,Wednesday,37.00,Grade Celsius,
471,686.50,W/m^2,10:57:43,28/6/17,Day of week:,Wednesday,37.13,Grade Celsius,
471,690.88,W/m^2,10:57:46,28/6/17,Day of week:,Wednesday,37.13,Grade Celsius,
471,689.42,W/m^2,10:57:49,28/6/17,Day of week:,Wednesday,37.13,Grade Celsius,
471,690.88,W/m^2,10:57:52,28/6/17,Day of week:,Wednesday,37.25,Grade Celsius,
471,692.34,W/m^2,10:57:55,28/6/17,Day of week:,Wednesday,37.25,Grade Celsius,
469,690.88,W/m^2,10:57:58,28/6/17,Day of week:,Wednesday,37.00,Grade Celsius,
471,670.43,W/m^2,10:58:01,28/6/17,Day of week:,Wednesday,36.69,Grade Celsius,
481,696.73,W/m^2,10:58:04,28/6/17,Day of week:,Wednesday,36.44,Grade Celsius,
469,689.42,W/m^2,10:58:07,28/6/17,Day of week:,Wednesday,36.13,Grade Celsius,
468,689.42,W/m^2,10:58:10,28/6/17,Day of week:,Wednesday,36.19,Grade Celsius,
466,685.04,W/m^2,10:58:13,28/6/17,Day of week:,Wednesday,36.38,Grade Celsius,
468,685.04,W/m^2,10:58:16,28/6/17,Day of week:,Wednesday,36.56,Grade Celsius,
481,686.50,W/m^2,10:58:19,28/6/17,Day of week:,Wednesday,36.75,Grade Celsius,
462,683.58,W/m^2,10:58:23,28/6/17,Day of week:,Wednesday,37.00,Grade Celsius,
466,686.50,W/m^2,10:58:26,28/6/17,Day of week:,Wednesday,37.25,Grade Celsius,
470,687.96,W/m^2,10:58:29,28/6/17,Day of week:,Wednesday,37.38,Grade Celsius,
471,702.57,W/m^2,10:58:32,28/6/17,Day of week:,Wednesday,37.50,Grade Celsius,
470,687.96,W/m^2,10:58:35,28/6/17,Day of week:,Wednesday,37.56,Grade Celsius,
467,686.50,W/m^2,10:58:38,28/6/17,Day of week:,Wednesday,37.75,Grade Celsius,
467,689.42,W/m^2,10:58:41,28/6/17,Day of week:,Wednesday,37.88,Grade Celsius,
471,698.19,W/m^2,10:58:44,28/6/17,Day of week:,Wednesday,38.00,Grade Celsius,
470,687.96,W/m^2,10:58:47,28/6/17,Day of week:,Wednesday,38.13,Grade Celsius,
469,689.42,W/m^2,10:58:50,28/6/17,Day of week:,Wednesday,38.31,Grade Celsius,
469,689.42,W/m^2,10:58:53,28/6/17,Day of week:,Wednesday,38.50,Grade Celsius,
462,692.34,W/m^2,10:58:56,28/6/17,Day of week:,Wednesday,38.63,Grade Celsius,
455,693.80,W/m^2,10:58:59,28/6/17,Day of week:,Wednesday,38.81,Grade Celsius,
465,687.96,W/m^2,10:59:02,28/6/17,Day of week:,Wednesday,38.94,Grade Celsius,
475,687.96,W/m^2,10:59:05,28/6/17,Day of week:,Wednesday,39.06,Grade Celsius,
472,690.88,W/m^2,10:59:09,28/6/17,Day of week:,Wednesday,39.19,Grade Celsius,
471,687.96,W/m^2,10:59:12,28/6/17,Day of week:,Wednesday,39.31,Grade Celsius,
472,689.42,W/m^2,10:59:15,28/6/17,Day of week:,Wednesday,39.44,Grade Celsius,
465,696.73,W/m^2,10:59:18,28/6/17,Day of week:,Wednesday,39.63,Grade Celsius,
470,690.88,W/m^2,10:59:21,28/6/17,Day of week:,Wednesday,39.75,Grade Celsius,
471,687.96,W/m^2,10:59:24,28/6/17,Day of week:,Wednesday,39.75,Grade Celsius,
470,687.96,W/m^2,10:59:27,28/6/17,Day of week:,Wednesday,39.81,Grade Celsius,
471,690.88,W/m^2,10:59:30,28/6/17,Day of week:,Wednesday,39.69,Grade Celsius,
475,686.50,W/m^2,10:59:33,28/6/17,Day of week:,Wednesday,39.44,Grade Celsius,
467,683.58,W/m^2,10:59:36,28/6/17,Day of week:,Wednesday,39.38,Grade Celsius,
469,693.80,W/m^2,10:59:39,28/6/17,Day of week:,Wednesday,39.19,Grade Celsius,
468,685.04,W/m^2,10:59:42,28/6/17,Day of week:,Wednesday,38.81,Grade Celsius,
470,687.96,W/m^2,10:59:46,28/6/17,Day of week:,Wednesday,38.75,Grade Celsius,
466,695.26,W/m^2,10:59:49,28/6/17,Day of week:,Wednesday,38.69,Grade Celsius,
467,689.42,W/m^2,10:59:52,28/6/17,Day of week:,Wednesday,38.94,Grade Celsius,
466,687.96,W/m^2,10:59:55,28/6/17,Day of week:,Wednesday,38.88,Grade Celsius,
471,689.42,W/m^2,10:59:58,28/6/17,Day of week:,Wednesday,38.94,Grade Celsius,
467,674.82,W/m^2,11:00:01,28/6/17,Day of week:,Wednesday,39.13,Grade Celsius,
466,679.20,W/m^2,11:00:04,28/6/17,Day of week:,Wednesday,39.25,Grade Celsius,
468,690.88,W/m^2,11:00:07,28/6/17,Day of week:,Wednesday,39.25,Grade Celsius,
471,695.26,W/m^2,11:00:10,28/6/17,Day of week:,Wednesday,39.25,Grade Celsius,
472,701.11,W/m^2,11:00:13,28/6/17,Day of week:,Wednesday,39.44,Grade Celsius,
470,689.42,W/m^2,11:00:16,28/6/17,Day of week:,Wednesday,39.56,Grade Celsius,
471,689.42,W/m^2,11:00:19,28/6/17,Day of week:,Wednesday,39.75,Grade Celsius,
457,690.88,W/m^2,11:00:22,28/6/17,Day of week:,Wednesday,39.69,Grade Celsius,
473,692.34,W/m^2,11:00:25,28/6/17,Day of week:,Wednesday,39.81,Grade Celsius,
474,693.80,W/m^2,11:00:28,28/6/17,Day of week:,Wednesday,40.00,Grade Celsius,
471,708.41,W/m^2,11:00:32,28/6/17,Day of week:,Wednesday,40.19,Grade Celsius,
470,695.26,W/m^2,11:00:35,28/6/17,Day of week:,Wednesday,40.31,Grade Celsius,
475,701.11,W/m^2,11:00:38,28/6/17,Day of week:,Wednesday,40.50,Grade Celsius,
473,689.42,W/m^2,11:00:41,28/6/17,Day of week:,Wednesday,40.69,Grade Celsius,
474,692.34,W/m^2,11:00:44,28/6/17,Day of week:,Wednesday,39.94,Grade Celsius,
475,692.34,W/m^2,11:00:47,28/6/17,Day of week:,Wednesday,39.63,Grade Celsius,
475,717.17,W/m^2,11:00:50,28/6/17,Day of week:,Wednesday,39.31,Grade Celsius,
483,696.73,W/m^2,11:00:53,28/6/17,Day of week:,Wednesday,39.25,Grade Celsius,
477,699.65,W/m^2,11:00:56,28/6/17,Day of week:,Wednesday,39.44,Grade Celsius,
478,702.57,W/m^2,11:00:59,28/6/17,Day of week:,Wednesday,39.38,Grade Celsius,
465,701.11,W/m^2,11:01:02,28/6/17,Day of week:,Wednesday,39.50,Grade Celsius,
478,702.57,W/m^2,11:01:05,28/6/17,Day of week:,Wednesday,39.50,Grade Celsius,
475,699.65,W/m^2,11:01:08,28/6/17,Day of week:,Wednesday,39.31,Grade Celsius,
480,705.49,W/m^2,11:01:11,28/6/17,Day of week:,Wednesday,39.31,Grade Celsius,
478,701.11,W/m^2,11:01:14,28/6/17,Day of week:,Wednesday,39.00,Grade Celsius,
477,705.49,W/m^2,11:01:18,28/6/17,Day of week:,Wednesday,38.69,Grade Celsius,
483,704.03,W/m^2,11:01:21,28/6/17,Day of week:,Wednesday,38.69,Grade Celsius,
482,704.03,W/m^2,11:01:24,28/6/17,Day of week:,Wednesday,38.19,Grade Celsius,
480,704.03,W/m^2,11:01:27,28/6/17,Day of week:,Wednesday,37.81,Grade Celsius,
480,702.57,W/m^2,11:01:30,28/6/17,Day of week:,Wednesday,37.88,Grade Celsius,
480,704.03,W/m^2,11:01:33,28/6/17,Day of week:,Wednesday,37.88,Grade Celsius,
483,708.41,W/m^2,11:01:36,28/6/17,Day of week:,Wednesday,37.69,Grade Celsius,
479,705.49,W/m^2,11:01:39,28/6/17,Day of week:,Wednesday,37.69,Grade Celsius,
480,706.95,W/m^2,11:01:42,28/6/17,Day of week:,Wednesday,37.25,Grade Celsius,
483,708.41,W/m^2,11:01:45,28/6/17,Day of week:,Wednesday,36.31,Grade Celsius,
484,709.87,W/m^2,11:01:48,28/6/17,Day of week:,Wednesday,35.69,Grade Celsius,
475,708.41,W/m^2,11:01:51,28/6/17,Day of week:,Wednesday,35.19,Grade Celsius,
489,709.87,W/m^2,11:01:54,28/6/17,Day of week:,Wednesday,34.88,Grade Celsius,
485,705.49,W/m^2,11:01:57,28/6/17,Day of week:,Wednesday,34.88,Grade Celsius,
484,708.41,W/m^2,11:02:00,28/6/17,Day of week:,Wednesday,35.19,Grade Celsius,
483,709.87,W/m^2,11:02:04,28/6/17,Day of week:,Wednesday,35.44,Grade Celsius,
484,711.33,W/m^2,11:02:07,28/6/17,Day of week:,Wednesday,35.69,Grade Celsius,
485,717.17,W/m^2,11:02:10,28/6/17,Day of week:,Wednesday,35.75,Grade Celsius,
486,712.79,W/m^2,11:02:13,28/6/17,Day of week:,Wednesday,35.69,Grade Celsius,
486,711.33,W/m^2,11:02:16,28/6/17,Day of week:,Wednesday,35.69,Grade Celsius,
483,711.33,W/m^2,11:02:19,28/6/17,Day of week:,Wednesday,35.56,Grade Celsius,
485,714.25,W/m^2,11:02:22,28/6/17,Day of week:,Wednesday,35.13,Grade Celsius,
488,714.25,W/m^2,11:02:25,28/6/17,Day of week:,Wednesday,35.44,Grade Celsius,
487,715.71,W/m^2,11:02:28,28/6/17,Day of week:,Wednesday,35.63,Grade Celsius,
487,714.25,W/m^2,11:02:31,28/6/17,Day of week:,Wednesday,35.88,Grade Celsius,
485,712.79,W/m^2,11:02:34,28/6/17,Day of week:,Wednesday,35.94,Grade Celsius,
489,715.71,W/m^2,11:02:37,28/6/17,Day of week:,Wednesday,35.69,Grade Celsius,
487,717.17,W/m^2,11:02:40,28/6/17,Day of week:,Wednesday,35.63,Grade Celsius,
486,709.87,W/m^2,11:02:43,28/6/17,Day of week:,Wednesday,35.56,Grade Celsius,
486,709.87,W/m^2,11:02:47,28/6/17,Day of week:,Wednesday,35.81,Grade Celsius,
485,708.41,W/m^2,11:02:50,28/6/17,Day of week:,Wednesday,35.94,Grade Celsius,
486,712.79,W/m^2,11:02:53,28/6/17,Day of week:,Wednesday,36.00,Grade Celsius,
486,731.78,W/m^2,11:02:56,28/6/17,Day of week:,Wednesday,35.88,Grade Celsius,
486,711.33,W/m^2,11:02:59,28/6/17,Day of week:,Wednesday,35.75,Grade Celsius,
485,702.57,W/m^2,11:03:02,28/6/17,Day of week:,Wednesday,35.81,Grade Celsius,
486,715.71,W/m^2,11:03:05,28/6/17,Day of week:,Wednesday,36.06,Grade Celsius,
500,724.48,W/m^2,11:03:08,28/6/17,Day of week:,Wednesday,36.13,Grade Celsius,
488,715.71,W/m^2,11:03:11,28/6/17,Day of week:,Wednesday,35.63,Grade Celsius,
487,693.80,W/m^2,11:03:14,28/6/17,Day of week:,Wednesday,35.88,Grade Celsius,
486,718.63,W/m^2,11:03:17,28/6/17,Day of week:,Wednesday,36.00,Grade Celsius,
486,709.87,W/m^2,11:03:20,28/6/17,Day of week:,Wednesday,36.06,Grade Celsius,
494,712.79,W/m^2,11:03:23,28/6/17,Day of week:,Wednesday,36.13,Grade Celsius,
486,733.24,W/m^2,11:03:26,28/6/17,Day of week:,Wednesday,36.13,Grade Celsius,
490,709.87,W/m^2,11:03:29,28/6/17,Day of week:,Wednesday,35.88,Grade Celsius,
487,714.25,W/m^2,11:03:33,28/6/17,Day of week:,Wednesday,35.44,Grade Celsius,
486,714.25,W/m^2,11:03:36,28/6/17,Day of week:,Wednesday,35.50,Grade Celsius,
487,706.95,W/m^2,11:03:39,28/6/17,Day of week:,Wednesday,35.63,Grade Celsius,
487,720.10,W/m^2,11:03:42,28/6/17,Day of week:,Wednesday,35.69,Grade Celsius,
489,718.63,W/m^2,11:03:45,28/6/17,Day of week:,Wednesday,35.25,Grade Celsius,
485,720.10,W/m^2,11:03:48,28/6/17,Day of week:,Wednesday,35.25,Grade Celsius,
489,715.71,W/m^2,11:03:51,28/6/17,Day of week:,Wednesday,35.00,Grade Celsius,
487,712.79,W/m^2,11:03:54,28/6/17,Day of week:,Wednesday,35.06,Grade Celsius,
486,714.25,W/m^2,11:03:57,28/6/17,Day of week:,Wednesday,34.75,Grade Celsius,
490,720.10,W/m^2,11:04:00,28/6/17,Day of week:,Wednesday,34.50,Grade Celsius,
491,720.10,W/m^2,11:04:03,28/6/17,Day of week:,Wednesday,34.50,Grade Celsius,
490,721.56,W/m^2,11:04:06,28/6/17,Day of week:,Wednesday,34.31,Grade Celsius,
483,715.71,W/m^2,11:04:09,28/6/17,Day of week:,Wednesday,34.00,Grade Celsius,
484,714.25,W/m^2,11:04:12,28/6/17,Day of week:,Wednesday,33.56,Grade Celsius,
487,706.95,W/m^2,11:04:16,28/6/17,Day of week:,Wednesday,33.19,Grade Celsius,
490,720.10,W/m^2,11:04:19,28/6/17,Day of week:,Wednesday,32.81,Grade Celsius,
478,715.71,W/m^2,11:04:22,28/6/17,Day of week:,Wednesday,32.63,Grade Celsius,
488,715.71,W/m^2,11:04:25,28/6/17,Day of week:,Wednesday,32.38,Grade Celsius,
489,701.11,W/m^2,11:04:28,28/6/17,Day of week:,Wednesday,32.69,Grade Celsius,
487,714.25,W/m^2,11:04:31,28/6/17,Day of week:,Wednesday,32.81,Grade Celsius,
487,725.94,W/m^2,11:04:34,28/6/17,Day of week:,Wednesday,32.88,Grade Celsius,
474,715.71,W/m^2,11:04:37,28/6/17,Day of week:,Wednesday,32.94,Grade Celsius,
490,721.56,W/m^2,11:04:40,28/6/17,Day of week:,Wednesday,33.00,Grade Celsius,
490,730.32,W/m^2,11:04:43,28/6/17,Day of week:,Wednesday,33.06,Grade Celsius,
489,718.63,W/m^2,11:04:46,28/6/17,Day of week:,Wednesday,33.06,Grade Celsius,
488,717.17,W/m^2,11:04:49,28/6/17,Day of week:,Wednesday,33.06,Grade Celsius,
487,721.56,W/m^2,11:04:52,28/6/17,Day of week:,Wednesday,32.75,Grade Celsius,
488,718.63,W/m^2,11:04:55,28/6/17,Day of week:,Wednesday,33.00,Grade Celsius,
489,717.17,W/m^2,11:04:59,28/6/17,Day of week:,Wednesday,32.81,Grade Celsius,
489,706.95,W/m^2,11:05:02,28/6/17,Day of week:,Wednesday,32.88,Grade Celsius,
486,730.32,W/m^2,11:05:05,28/6/17,Day of week:,Wednesday,32.81,Grade Celsius,
489,704.03,W/m^2,11:05:08,28/6/17,Day of week:,Wednesday,32.75,Grade Celsius,
487,708.41,W/m^2,11:05:11,28/6/17,Day of week:,Wednesday,32.56,Grade Celsius,
489,721.56,W/m^2,11:05:14,28/6/17,Day of week:,Wednesday,32.31,Grade Celsius,
487,714.25,W/m^2,11:05:17,28/6/17,Day of week:,Wednesday,32.00,Grade Celsius,
485,715.71,W/m^2,11:05:20,28/6/17,Day of week:,Wednesday,32.19,Grade Celsius,
487,715.71,W/m^2,11:05:23,28/6/17,Day of week:,Wednesday,32.44,Grade Celsius,
487,714.25,W/m^2,11:05:26,28/6/17,Day of week:,Wednesday,32.69,Grade Celsius,
490,715.71,W/m^2,11:05:29,28/6/17,Day of week:,Wednesday,32.81,Grade Celsius,
489,715.71,W/m^2,11:05:32,28/6/17,Day of week:,Wednesday,33.00,Grade Celsius,
486,715.71,W/m^2,11:05:35,28/6/17,Day of week:,Wednesday,33.19,Grade Celsius,
491,720.10,W/m^2,11:05:38,28/6/17,Day of week:,Wednesday,33.00,Grade Celsius,
490,718.63,W/m^2,11:05:41,28/6/17,Day of week:,Wednesday,32.94,Grade Celsius,
494,709.87,W/m^2,11:05:45,28/6/17,Day of week:,Wednesday,33.06,Grade Celsius,
489,717.17,W/m^2,11:05:48,28/6/17,Day of week:,Wednesday,32.75,Grade Celsius,
492,720.10,W/m^2,11:05:51,28/6/17,Day of week:,Wednesday,32.94,Grade Celsius,
490,698.19,W/m^2,11:05:54,28/6/17,Day of week:,Wednesday,33.13,Grade Celsius,
490,717.17,W/m^2,11:05:57,28/6/17,Day of week:,Wednesday,33.25,Grade Celsius,
489,720.10,W/m^2,11:06:00,28/6/17,Day of week:,Wednesday,33.31,Grade Celsius,
493,717.17,W/m^2,11:06:03,28/6/17,Day of week:,Wednesday,33.31,Grade Celsius,
490,718.63,W/m^2,11:06:06,28/6/17,Day of week:,Wednesday,33.13,Grade Celsius,
489,723.02,W/m^2,11:06:09,28/6/17,Day of week:,Wednesday,33.00,Grade Celsius,
492,720.10,W/m^2,11:06:12,28/6/17,Day of week:,Wednesday,32.94,Grade Celsius,
491,731.78,W/m^2,11:06:15,28/6/17,Day of week:,Wednesday,32.94,Grade Celsius,
487,720.10,W/m^2,11:06:18,28/6/17,Day of week:,Wednesday,33.06,Grade Celsius,
490,720.10,W/m^2,11:06:21,28/6/17,Day of week:,Wednesday,33.25,Grade Celsius,
493,723.02,W/m^2,11:06:24,28/6/17,Day of week:,Wednesday,33.13,Grade Celsius,
492,721.56,W/m^2,11:06:28,28/6/17,Day of week:,Wednesday,33.31,Grade Celsius,
492,721.56,W/m^2,11:06:31,28/6/17,Day of week:,Wednesday,33.50,Grade Celsius,
490,715.71,W/m^2,11:06:34,28/6/17,Day of week:,Wednesday,33.75,Grade Celsius,
482,724.48,W/m^2,11:06:37,28/6/17,Day of week:,Wednesday,33.88,Grade Celsius,
493,721.56,W/m^2,11:06:40,28/6/17,Day of week:,Wednesday,33.81,Grade Celsius,
490,721.56,W/m^2,11:06:43,28/6/17,Day of week:,Wednesday,33.75,Grade Celsius,
488,717.17,W/m^2,11:06:46,28/6/17,Day of week:,Wednesday,33.88,Grade Celsius,
492,721.56,W/m^2,11:06:49,28/6/17,Day of week:,Wednesday,34.13,Grade Celsius,
493,744.93,W/m^2,11:06:52,28/6/17,Day of week:,Wednesday,34.31,Grade Celsius,
491,718.63,W/m^2,11:06:55,28/6/17,Day of week:,Wednesday,34.38,Grade Celsius,
491,724.48,W/m^2,11:06:58,28/6/17,Day of week:,Wednesday,33.81,Grade Celsius,
494,733.24,W/m^2,11:07:01,28/6/17,Day of week:,Wednesday,33.38,Grade Celsius,
504,721.56,W/m^2,11:07:04,28/6/17,Day of week:,Wednesday,33.50,Grade Celsius,
488,718.63,W/m^2,11:07:07,28/6/17,Day of week:,Wednesday,33.31,Grade Celsius,
488,721.56,W/m^2,11:07:10,28/6/17,Day of week:,Wednesday,33.13,Grade Celsius,
498,725.94,W/m^2,11:07:14,28/6/17,Day of week:,Wednesday,33.13,Grade Celsius,
492,721.56,W/m^2,11:07:17,28/6/17,Day of week:,Wednesday,32.69,Grade Celsius,
492,724.48,W/m^2,11:07:20,28/6/17,Day of week:,Wednesday,32.75,Grade Celsius,
493,714.25,W/m^2,11:07:23,28/6/17,Day of week:,Wednesday,32.69,Grade Celsius,
501,720.10,W/m^2,11:07:26,28/6/17,Day of week:,Wednesday,33.00,Grade Celsius,
493,723.02,W/m^2,11:07:29,28/6/17,Day of week:,Wednesday,33.25,Grade Celsius,
494,724.48,W/m^2,11:07:32,28/6/17,Day of week:,Wednesday,33.38,Grade Celsius,
492,724.48,W/m^2,11:07:35,28/6/17,Day of week:,Wednesday,33.63,Grade Celsius,
494,720.10,W/m^2,11:07:38,28/6/17,Day of week:,Wednesday,33.69,Grade Celsius,
493,723.02,W/m^2,11:07:41,28/6/17,Day of week:,Wednesday,33.75,Grade Celsius,
493,723.02,W/m^2,11:07:44,28/6/17,Day of week:,Wednesday,33.75,Grade Celsius,
493,720.10,W/m^2,11:07:47,28/6/17,Day of week:,Wednesday,33.75,Grade Celsius,
497,723.02,W/m^2,11:07:50,28/6/17,Day of week:,Wednesday,33.81,Grade Celsius,
494,728.86,W/m^2,11:07:53,28/6/17,Day of week:,Wednesday,33.88,Grade Celsius,
498,733.24,W/m^2,11:07:57,28/6/17,Day of week:,Wednesday,33.88,Grade Celsius,
493,724.48,W/m^2,11:08:00,28/6/17,Day of week:,Wednesday,33.81,Grade Celsius,
495,731.78,W/m^2,11:08:03,28/6/17,Day of week:,Wednesday,33.88,Grade Celsius,
495,727.40,W/m^2,11:08:06,28/6/17,Day of week:,Wednesday,33.75,Grade Celsius,
505,724.48,W/m^2,11:08:09,28/6/17,Day of week:,Wednesday,33.63,Grade Celsius,
494,725.94,W/m^2,11:08:12,28/6/17,Day of week:,Wednesday,33.75,Grade Celsius,
496,734.70,W/m^2,11:08:15,28/6/17,Day of week:,Wednesday,33.88,Grade Celsius,
496,728.86,W/m^2,11:08:18,28/6/17,Day of week:,Wednesday,33.94,Grade Celsius,
493,723.02,W/m^2,11:08:21,28/6/17,Day of week:,Wednesday,34.13,Grade Celsius,
493,723.02,W/m^2,11:08:24,28/6/17,Day of week:,Wednesday,34.25,Grade Celsius,
483,723.02,W/m^2,11:08:27,28/6/17,Day of week:,Wednesday,34.25,Grade Celsius,
492,725.94,W/m^2,11:08:30,28/6/17,Day of week:,Wednesday,34.06,Grade Celsius,
495,727.40,W/m^2,11:08:33,28/6/17,Day of week:,Wednesday,34.31,Grade Celsius,
495,725.94,W/m^2,11:08:36,28/6/17,Day of week:,Wednesday,34.50,Grade Celsius,
496,714.25,W/m^2,11:08:39,28/6/17,Day of week:,Wednesday,34.63,Grade Celsius,
495,720.10,W/m^2,11:08:43,28/6/17,Day of week:,Wednesday,34.69,Grade Celsius,
495,728.86,W/m^2,11:08:46,28/6/17,Day of week:,Wednesday,34.81,Grade Celsius,
485,718.63,W/m^2,11:08:49,28/6/17,Day of week:,Wednesday,34.94,Grade Celsius,
495,723.02,W/m^2,11:08:52,28/6/17,Day of week:,Wednesday,35.00,Grade Celsius,
498,727.40,W/m^2,11:08:55,28/6/17,Day of week:,Wednesday,35.06,Grade Celsius,
496,727.40,W/m^2,11:08:58,28/6/17,Day of week:,Wednesday,34.88,Grade Celsius,
483,725.94,W/m^2,11:09:01,28/6/17,Day of week:,Wednesday,34.81,Grade Celsius,
492,727.40,W/m^2,11:09:04,28/6/17,Day of week:,Wednesday,34.81,Grade Celsius,
496,717.17,W/m^2,11:09:07,28/6/17,Day of week:,Wednesday,34.75,Grade Celsius,
497,733.24,W/m^2,11:09:10,28/6/17,Day of week:,Wednesday,34.81,Grade Celsius,
498,724.48,W/m^2,11:09:13,28/6/17,Day of week:,Wednesday,34.81,Grade Celsius,
496,731.78,W/m^2,11:09:16,28/6/17,Day of week:,Wednesday,34.75,Grade Celsius,
500,730.32,W/m^2,11:09:19,28/6/17,Day of week:,Wednesday,34.69,Grade Celsius,
494,730.32,W/m^2,11:09:22,28/6/17,Day of week:,Wednesday,34.44,Grade Celsius,
500,728.86,W/m^2,11:09:25,28/6/17,Day of week:,Wednesday,34.75,Grade Celsius,
497,731.78,W/m^2,11:09:29,28/6/17,Day of week:,Wednesday,34.88,Grade Celsius,
499,731.78,W/m^2,11:09:32,28/6/17,Day of week:,Wednesday,34.94,Grade Celsius,
499,742.01,W/m^2,11:09:35,28/6/17,Day of week:,Wednesday,35.00,Grade Celsius,
496,725.94,W/m^2,11:09:38,28/6/17,Day of week:,Wednesday,34.94,Grade Celsius,
485,731.78,W/m^2,11:09:41,28/6/17,Day of week:,Wednesday,35.00,Grade Celsius,
506,734.70,W/m^2,11:09:44,28/6/17,Day of week:,Wednesday,35.19,Grade Celsius,
498,747.85,W/m^2,11:09:47,28/6/17,Day of week:,Wednesday,35.25,Grade Celsius,
508,723.02,W/m^2,11:09:50,28/6/17,Day of week:,Wednesday,35.50,Grade Celsius,
497,736.16,W/m^2,11:09:53,28/6/17,Day of week:,Wednesday,35.50,Grade Celsius,
500,734.70,W/m^2,11:09:56,28/6/17,Day of week:,Wednesday,35.81,Grade Celsius,
497,717.17,W/m^2,11:09:59,28/6/17,Day of week:,Wednesday,35.94,Grade Celsius,
497,731.78,W/m^2,11:10:02,28/6/17,Day of week:,Wednesday,36.00,Grade Celsius,
501,733.24,W/m^2,11:10:06,28/6/17,Day of week:,Wednesday,36.13,Grade Celsius,
502,736.16,W/m^2,11:10:09,28/6/17,Day of week:,Wednesday,36.19,Grade Celsius,
504,733.24,W/m^2,11:10:12,28/6/17,Day of week:,Wednesday,35.94,Grade Celsius,
499,733.24,W/m^2,11:10:15,28/6/17,Day of week:,Wednesday,35.38,Grade Celsius,
496,731.78,W/m^2,11:10:18,28/6/17,Day of week:,Wednesday,35.13,Grade Celsius,
498,727.40,W/m^2,11:10:21,28/6/17,Day of week:,Wednesday,34.88,Grade Celsius,
497,740.54,W/m^2,11:10:24,28/6/17,Day of week:,Wednesday,35.13,Grade Celsius,
496,733.24,W/m^2,11:10:27,28/6/17,Day of week:,Wednesday,35.25,Grade Celsius,
506,731.78,W/m^2,11:10:30,28/6/17,Day of week:,Wednesday,35.13,Grade Celsius,
500,714.25,W/m^2,11:10:33,28/6/17,Day of week:,Wednesday,34.81,Grade Celsius,
503,733.24,W/m^2,11:10:36,28/6/17,Day of week:,Wednesday,34.56,Grade Celsius,
500,734.70,W/m^2,11:10:39,28/6/17,Day of week:,Wednesday,34.31,Grade Celsius,
501,736.16,W/m^2,11:10:42,28/6/17,Day of week:,Wednesday,34.38,Grade Celsius,
499,730.32,W/m^2,11:10:45,28/6/17,Day of week:,Wednesday,34.25,Grade Celsius,
500,733.24,W/m^2,11:10:49,28/6/17,Day of week:,Wednesday,34.50,Grade Celsius,
501,730.32,W/m^2,11:10:52,28/6/17,Day of week:,Wednesday,34.69,Grade Celsius,
497,727.40,W/m^2,11:10:55,28/6/17,Day of week:,Wednesday,34.38,Grade Celsius,
498,733.24,W/m^2,11:10:58,28/6/17,Day of week:,Wednesday,34.06,Grade Celsius,
496,723.02,W/m^2,11:11:01,28/6/17,Day of week:,Wednesday,33.69,Grade Celsius,
500,740.54,W/m^2,11:11:04,28/6/17,Day of week:,Wednesday,33.69,Grade Celsius,
499,736.16,W/m^2,11:11:07,28/6/17,Day of week:,Wednesday,33.88,Grade Celsius,
492,727.40,W/m^2,11:11:10,28/6/17,Day of week:,Wednesday,33.56,Grade Celsius,
497,724.48,W/m^2,11:11:13,28/6/17,Day of week:,Wednesday,33.69,Grade Celsius,
499,733.24,W/m^2,11:11:16,28/6/17,Day of week:,Wednesday,33.38,Grade Celsius,
490,733.24,W/m^2,11:11:19,28/6/17,Day of week:,Wednesday,33.31,Grade Celsius,
496,730.32,W/m^2,11:11:22,28/6/17,Day of week:,Wednesday,33.44,Grade Celsius,
498,725.94,W/m^2,11:11:25,28/6/17,Day of week:,Wednesday,33.44,Grade Celsius,
498,728.86,W/m^2,11:11:28,28/6/17,Day of week:,Wednesday,33.06,Grade Celsius,
513,733.24,W/m^2,11:11:31,28/6/17,Day of week:,Wednesday,33.06,Grade Celsius,
498,730.32,W/m^2,11:11:35,28/6/17,Day of week:,Wednesday,33.25,Grade Celsius,
498,731.78,W/m^2,11:11:38,28/6/17,Day of week:,Wednesday,33.19,Grade Celsius,
501,736.16,W/m^2,11:11:41,28/6/17,Day of week:,Wednesday,33.31,Grade Celsius,
499,733.24,W/m^2,11:11:44,28/6/17,Day of week:,Wednesday,33.31,Grade Celsius,
500,731.78,W/m^2,11:11:47,28/6/17,Day of week:,Wednesday,33.56,Grade Celsius,
500,730.32,W/m^2,11:11:50,28/6/17,Day of week:,Wednesday,33.88,Grade Celsius,
497,715.71,W/m^2,11:11:53,28/6/17,Day of week:,Wednesday,34.13,Grade Celsius,
499,731.78,W/m^2,11:11:56,28/6/17,Day of week:,Wednesday,33.94,Grade Celsius,
494,731.78,W/m^2,11:11:59,28/6/17,Day of week:,Wednesday,33.94,Grade Celsius,
486,728.86,W/m^2,11:12:02,28/6/17,Day of week:,Wednesday,33.69,Grade Celsius,
502,730.32,W/m^2,11:12:05,28/6/17,Day of week:,Wednesday,33.63,Grade Celsius,
503,717.17,W/m^2,11:12:08,28/6/17,Day of week:,Wednesday,33.69,Grade Celsius,
500,734.70,W/m^2,11:12:11,28/6/17,Day of week:,Wednesday,33.81,Grade Celsius,
500,728.86,W/m^2,11:12:14,28/6/17,Day of week:,Wednesday,34.00,Grade Celsius,
485,730.32,W/m^2,11:12:17,28/6/17,Day of week:,Wednesday,34.13,Grade Celsius,
500,739.08,W/m^2,11:12:21,28/6/17,Day of week:,Wednesday,34.25,Grade Celsius,
502,744.93,W/m^2,11:12:24,28/6/17,Day of week:,Wednesday,34.50,Grade Celsius,
500,736.16,W/m^2,11:12:27,28/6/17,Day of week:,Wednesday,34.44,Grade Celsius,
495,720.10,W/m^2,11:12:30,28/6/17,Day of week:,Wednesday,34.25,Grade Celsius,
499,737.62,W/m^2,11:12:33,28/6/17,Day of week:,Wednesday,34.19,Grade Celsius,
500,744.93,W/m^2,11:12:36,28/6/17,Day of week:,Wednesday,34.00,Grade Celsius,
502,724.48,W/m^2,11:12:39,28/6/17,Day of week:,Wednesday,33.69,Grade Celsius,
499,733.24,W/m^2,11:12:42,28/6/17,Day of week:,Wednesday,33.94,Grade Celsius,
508,736.16,W/m^2,11:12:45,28/6/17,Day of week:,Wednesday,33.69,Grade Celsius,
503,723.02,W/m^2,11:12:48,28/6/17,Day of week:,Wednesday,33.69,Grade Celsius,
504,739.08,W/m^2,11:12:51,28/6/17,Day of week:,Wednesday,33.88,Grade Celsius,
501,723.02,W/m^2,11:12:54,28/6/17,Day of week:,Wednesday,34.00,Grade Celsius,
491,737.62,W/m^2,11:12:57,28/6/17,Day of week:,Wednesday,34.19,Grade Celsius,
510,742.01,W/m^2,11:13:00,28/6/17,Day of week:,Wednesday,34.50,Grade Celsius,
501,736.16,W/m^2,11:13:04,28/6/17,Day of week:,Wednesday,34.50,Grade Celsius,
502,721.56,W/m^2,11:13:07,28/6/17,Day of week:,Wednesday,34.81,Grade Celsius,
502,728.86,W/m^2,11:13:10,28/6/17,Day of week:,Wednesday,34.63,Grade Celsius,
509,731.78,W/m^2,11:13:13,28/6/17,Day of week:,Wednesday,34.69,Grade Celsius,
504,725.94,W/m^2,11:13:16,28/6/17,Day of week:,Wednesday,34.50,Grade Celsius,
502,737.62,W/m^2,11:13:19,28/6/17,Day of week:,Wednesday,34.31,Grade Celsius,
502,736.16,W/m^2,11:13:22,28/6/17,Day of week:,Wednesday,34.38,Grade Celsius,
504,740.54,W/m^2,11:13:25,28/6/17,Day of week:,Wednesday,34.25,Grade Celsius,
503,737.62,W/m^2,11:13:28,28/6/17,Day of week:,Wednesday,34.50,Grade Celsius,
504,742.01,W/m^2,11:13:31,28/6/17,Day of week:,Wednesday,34.75,Grade Celsius,
506,742.01,W/m^2,11:13:34,28/6/17,Day of week:,Wednesday,34.94,Grade Celsius,
520,742.01,W/m^2,11:13:37,28/6/17,Day of week:,Wednesday,35.25,Grade Celsius,
510,742.01,W/m^2,11:13:40,28/6/17,Day of week:,Wednesday,35.50,Grade Celsius,
505,742.01,W/m^2,11:13:43,28/6/17,Day of week:,Wednesday,35.69,Grade Celsius,
502,744.93,W/m^2,11:13:46,28/6/17,Day of week:,Wednesday,35.63,Grade Celsius,
502,749.31,W/m^2,11:13:50,28/6/17,Day of week:,Wednesday,35.75,Grade Celsius,
507,737.62,W/m^2,11:13:53,28/6/17,Day of week:,Wednesday,35.63,Grade Celsius,
508,747.85,W/m^2,11:13:56,28/6/17,Day of week:,Wednesday,35.06,Grade Celsius,
510,746.39,W/m^2,11:13:59,28/6/17,Day of week:,Wednesday,34.75,Grade Celsius,
507,763.91,W/m^2,11:14:02,28/6/17,Day of week:,Wednesday,34.81,Grade Celsius,
512,739.08,W/m^2,11:14:05,28/6/17,Day of week:,Wednesday,34.88,Grade Celsius,
508,744.93,W/m^2,11:14:08,28/6/17,Day of week:,Wednesday,35.06,Grade Celsius,
511,750.77,W/m^2,11:14:11,28/6/17,Day of week:,Wednesday,35.06,Grade Celsius,
515,747.85,W/m^2,11:14:14,28/6/17,Day of week:,Wednesday,35.13,Grade Celsius,
515,747.85,W/m^2,11:14:17,28/6/17,Day of week:,Wednesday,35.06,Grade Celsius,
515,752.23,W/m^2,11:14:20,28/6/17,Day of week:,Wednesday,34.75,Grade Celsius,
513,755.15,W/m^2,11:14:23,28/6/17,Day of week:,Wednesday,34.50,Grade Celsius,
513,752.23,W/m^2,11:14:26,28/6/17,Day of week:,Wednesday,34.31,Grade Celsius,
516,753.69,W/m^2,11:14:29,28/6/17,Day of week:,Wednesday,34.25,Grade Celsius,
514,755.15,W/m^2,11:14:32,28/6/17,Day of week:,Wednesday,34.50,Grade Celsius,
513,755.15,W/m^2,11:14:36,28/6/17,Day of week:,Wednesday,34.38,Grade Celsius,
505,749.31,W/m^2,11:14:39,28/6/17,Day of week:,Wednesday,34.00,Grade Celsius,
515,755.15,W/m^2,11:14:42,28/6/17,Day of week:,Wednesday,33.88,Grade Celsius,
516,756.61,W/m^2,11:14:45,28/6/17,Day of week:,Wednesday,33.88,Grade Celsius,
513,753.69,W/m^2,11:14:48,28/6/17,Day of week:,Wednesday,33.94,Grade Celsius,
512,760.99,W/m^2,11:14:51,28/6/17,Day of week:,Wednesday,34.13,Grade Celsius,
511,758.07,W/m^2,11:14:54,28/6/17,Day of week:,Wednesday,34.06,Grade Celsius,
521,758.07,W/m^2,11:14:57,28/6/17,Day of week:,Wednesday,34.13,Grade Celsius,
516,749.31,W/m^2,11:15:00,28/6/17,Day of week:,Wednesday,34.25,Grade Celsius,
518,768.30,W/m^2,11:15:03,28/6/17,Day of week:,Wednesday,34.13,Grade Celsius,
518,759.53,W/m^2,11:15:06,28/6/17,Day of week:,Wednesday,34.38,Grade Celsius,
519,762.45,W/m^2,11:15:09,28/6/17,Day of week:,Wednesday,34.38,Grade Celsius,
521,766.84,W/m^2,11:15:12,28/6/17,Day of week:,Wednesday,34.25,Grade Celsius,
520,765.38,W/m^2,11:15:15,28/6/17,Day of week:,Wednesday,34.19,Grade Celsius,
519,763.91,W/m^2,11:15:19,28/6/17,Day of week:,Wednesday,34.38,Grade Celsius,
522,763.91,W/m^2,11:15:22,28/6/17,Day of week:,Wednesday,34.19,Grade Celsius,
521,762.45,W/m^2,11:15:25,28/6/17,Day of week:,Wednesday,34.19,Grade Celsius,
521,766.84,W/m^2,11:15:28,28/6/17,Day of week:,Wednesday,34.00,Grade Celsius,
520,765.38,W/m^2,11:15:31,28/6/17,Day of week:,Wednesday,33.75,Grade Celsius,
521,766.84,W/m^2,11:15:34,28/6/17,Day of week:,Wednesday,33.75,Grade Celsius,
525,768.30,W/m^2,11:15:37,28/6/17,Day of week:,Wednesday,33.94,Grade Celsius,
522,771.22,W/m^2,11:15:40,28/6/17,Day of week:,Wednesday,33.88,Grade Celsius,
523,788.75,W/m^2,11:15:43,28/6/17,Day of week:,Wednesday,33.88,Grade Celsius,
525,772.68,W/m^2,11:15:46,28/6/17,Day of week:,Wednesday,33.81,Grade Celsius,
527,752.23,W/m^2,11:15:49,28/6/17,Day of week:,Wednesday,33.75,Grade Celsius,
519,769.76,W/m^2,11:15:52,28/6/17,Day of week:,Wednesday,34.00,Grade Celsius,
525,769.76,W/m^2,11:15:55,28/6/17,Day of week:,Wednesday,34.25,Grade Celsius,
525,771.22,W/m^2,11:15:58,28/6/17,Day of week:,Wednesday,34.13,Grade Celsius,
524,788.75,W/m^2,11:16:02,28/6/17,Day of week:,Wednesday,33.88,Grade Celsius,
526,791.67,W/m^2,11:16:05,28/6/17,Day of week:,Wednesday,34.19,Grade Celsius,
528,774.14,W/m^2,11:16:08,28/6/17,Day of week:,Wednesday,34.19,Grade Celsius,
529,771.22,W/m^2,11:16:11,28/6/17,Day of week:,Wednesday,34.13,Grade Celsius,
527,775.60,W/m^2,11:16:14,28/6/17,Day of week:,Wednesday,34.31,Grade Celsius,
530,777.06,W/m^2,11:16:17,28/6/17,Day of week:,Wednesday,34.19,Grade Celsius,
530,778.52,W/m^2,11:16:20,28/6/17,Day of week:,Wednesday,34.50,Grade Celsius,
530,774.14,W/m^2,11:16:23,28/6/17,Day of week:,Wednesday,34.44,Grade Celsius,
528,775.60,W/m^2,11:16:26,28/6/17,Day of week:,Wednesday,34.13,Grade Celsius,
537,777.06,W/m^2,11:16:29,28/6/17,Day of week:,Wednesday,34.25,Grade Celsius,
531,766.84,W/m^2,11:16:32,28/6/17,Day of week:,Wednesday,34.44,Grade Celsius,
524,777.06,W/m^2,11:16:35,28/6/17,Day of week:,Wednesday,34.13,Grade Celsius,
533,782.90,W/m^2,11:16:38,28/6/17,Day of week:,Wednesday,34.25,Grade Celsius,
533,779.98,W/m^2,11:16:41,28/6/17,Day of week:,Wednesday,34.19,Grade Celsius,
534,784.36,W/m^2,11:16:44,28/6/17,Day of week:,Wednesday,34.00,Grade Celsius,
527,774.14,W/m^2,11:16:48,28/6/17,Day of week:,Wednesday,33.75,Grade Celsius,
526,771.22,W/m^2,11:16:51,28/6/17,Day of week:,Wednesday,33.50,Grade Celsius,
535,781.44,W/m^2,11:16:54,28/6/17,Day of week:,Wednesday,33.50,Grade Celsius,
534,784.36,W/m^2,11:16:57,28/6/17,Day of week:,Wednesday,33.50,Grade Celsius,
540,785.82,W/m^2,11:17:00,28/6/17,Day of week:,Wednesday,33.38,Grade Celsius,
536,779.98,W/m^2,11:17:03,28/6/17,Day of week:,Wednesday,33.00,Grade Celsius,
540,787.28,W/m^2,11:17:06,28/6/17,Day of week:,Wednesday,32.94,Grade Celsius,
540,794.59,W/m^2,11:17:09,28/6/17,Day of week:,Wednesday,33.00,Grade Celsius,
537,788.75,W/m^2,11:17:12,28/6/17,Day of week:,Wednesday,33.06,Grade Celsius,
539,793.13,W/m^2,11:17:15,28/6/17,Day of week:,Wednesday,33.06,Grade Celsius,
541,793.13,W/m^2,11:17:18,28/6/17,Day of week:,Wednesday,33.13,Grade Celsius,
538,791.67,W/m^2,11:17:21,28/6/17,Day of week:,Wednesday,33.25,Grade Celsius,
535,793.13,W/m^2,11:17:24,28/6/17,Day of week:,Wednesday,33.13,Grade Celsius,
543,790.21,W/m^2,11:17:27,28/6/17,Day of week:,Wednesday,33.13,Grade Celsius,
542,794.59,W/m^2,11:17:30,28/6/17,Day of week:,Wednesday,33.06,Grade Celsius,
541,793.13,W/m^2,11:17:34,28/6/17,Day of week:,Wednesday,33.06,Grade Celsius,
540,793.13,W/m^2,11:17:37,28/6/17,Day of week:,Wednesday,32.88,Grade Celsius,
533,797.51,W/m^2,11:17:40,28/6/17,Day of week:,Wednesday,32.88,Grade Celsius,
546,798.97,W/m^2,11:17:43,28/6/17,Day of week:,Wednesday,32.88,Grade Celsius,
545,796.05,W/m^2,11:17:46,28/6/17,Day of week:,Wednesday,32.94,Grade Celsius,
542,796.05,W/m^2,11:17:49,28/6/17,Day of week:,Wednesday,32.94,Grade Celsius,
558,800.43,W/m^2,11:17:52,28/6/17,Day of week:,Wednesday,33.06,Grade Celsius,
546,800.43,W/m^2,11:17:55,28/6/17,Day of week:,Wednesday,33.00,Grade Celsius,
543,793.13,W/m^2,11:17:58,28/6/17,Day of week:,Wednesday,33.31,Grade Celsius,
545,806.27,W/m^2,11:18:01,28/6/17,Day of week:,Wednesday,33.50,Grade Celsius,
559,798.97,W/m^2,11:18:04,28/6/17,Day of week:,Wednesday,33.69,Grade Celsius,
547,803.35,W/m^2,11:18:07,28/6/17,Day of week:,Wednesday,33.81,Grade Celsius,
542,797.51,W/m^2,11:18:10,28/6/17,Day of week:,Wednesday,33.94,Grade Celsius,
542,804.81,W/m^2,11:18:13,28/6/17,Day of week:,Wednesday,34.19,Grade Celsius,
548,812.12,W/m^2,11:18:17,28/6/17,Day of week:,Wednesday,34.31,Grade Celsius,
545,804.81,W/m^2,11:18:20,28/6/17,Day of week:,Wednesday,34.44,Grade Celsius,
536,807.73,W/m^2,11:18:23,28/6/17,Day of week:,Wednesday,34.44,Grade Celsius,
547,807.73,W/m^2,11:18:26,28/6/17,Day of week:,Wednesday,34.19,Grade Celsius,
550,806.27,W/m^2,11:18:29,28/6/17,Day of week:,Wednesday,34.19,Grade Celsius,
534,798.97,W/m^2,11:18:32,28/6/17,Day of week:,Wednesday,34.00,Grade Celsius,
549,809.19,W/m^2,11:18:35,28/6/17,Day of week:,Wednesday,34.00,Grade Celsius,
551,807.73,W/m^2,11:18:38,28/6/17,Day of week:,Wednesday,34.00,Grade Celsius,
552,803.35,W/m^2,11:18:41,28/6/17,Day of week:,Wednesday,34.19,Grade Celsius,
548,806.27,W/m^2,11:18:44,28/6/17,Day of week:,Wednesday,34.25,Grade Celsius,
548,810.66,W/m^2,11:18:47,28/6/17,Day of week:,Wednesday,34.38,Grade Celsius,
552,809.19,W/m^2,11:18:50,28/6/17,Day of week:,Wednesday,34.13,Grade Celsius,
551,804.81,W/m^2,11:18:53,28/6/17,Day of week:,Wednesday,33.94,Grade Celsius,
563,804.81,W/m^2,11:18:56,28/6/17,Day of week:,Wednesday,33.94,Grade Celsius,
554,812.12,W/m^2,11:18:59,28/6/17,Day of week:,Wednesday,33.94,Grade Celsius,
546,813.58,W/m^2,11:19:03,28/6/17,Day of week:,Wednesday,33.94,Grade Celsius,
561,809.19,W/m^2,11:19:06,28/6/17,Day of week:,Wednesday,33.63,Grade Celsius,
559,800.43,W/m^2,11:19:09,28/6/17,Day of week:,Wednesday,33.75,Grade Celsius,
554,812.12,W/m^2,11:19:12,28/6/17,Day of week:,Wednesday,33.75,Grade Celsius,
553,810.66,W/m^2,11:19:15,28/6/17,Day of week:,Wednesday,33.81,Grade Celsius,
539,809.19,W/m^2,11:19:18,28/6/17,Day of week:,Wednesday,33.81,Grade Celsius,
555,812.12,W/m^2,11:19:21,28/6/17,Day of week:,Wednesday,34.00,Grade Celsius,
552,810.66,W/m^2,11:19:24,28/6/17,Day of week:,Wednesday,33.94,Grade Celsius,
552,813.58,W/m^2,11:19:27,28/6/17,Day of week:,Wednesday,34.06,Grade Celsius,
555,815.04,W/m^2,11:19:30,28/6/17,Day of week:,Wednesday,34.38,Grade Celsius,
554,819.42,W/m^2,11:19:33,28/6/17,Day of week:,Wednesday,34.25,Grade Celsius,
553,812.12,W/m^2,11:19:36,28/6/17,Day of week:,Wednesday,34.56,Grade Celsius,
554,815.04,W/m^2,11:19:39,28/6/17,Day of week:,Wednesday,34.75,Grade Celsius,
549,826.72,W/m^2,11:19:42,28/6/17,Day of week:,Wednesday,34.69,Grade Celsius,
566,817.96,W/m^2,11:19:45,28/6/17,Day of week:,Wednesday,34.69,Grade Celsius,
548,820.88,W/m^2,11:19:49,28/6/17,Day of week:,Wednesday,34.13,Grade Celsius,
557,826.72,W/m^2,11:19:52,28/6/17,Day of week:,Wednesday,34.00,Grade Celsius,
560,823.80,W/m^2,11:19:55,28/6/17,Day of week:,Wednesday,34.00,Grade Celsius,
556,820.88,W/m^2,11:19:58,28/6/17,Day of week:,Wednesday,33.75,Grade Celsius,
559,820.88,W/m^2,11:20:01,28/6/17,Day of week:,Wednesday,33.94,Grade Celsius,
552,820.88,W/m^2,11:20:04,28/6/17,Day of week:,Wednesday,34.13,Grade Celsius,
562,826.72,W/m^2,11:20:07,28/6/17,Day of week:,Wednesday,33.81,Grade Celsius,
562,823.80,W/m^2,11:20:10,28/6/17,Day of week:,Wednesday,33.50,Grade Celsius,
564,826.72,W/m^2,11:20:13,28/6/17,Day of week:,Wednesday,33.69,Grade Celsius,
559,825.26,W/m^2,11:20:16,28/6/17,Day of week:,Wednesday,33.88,Grade Celsius,
563,825.26,W/m^2,11:20:19,28/6/17,Day of week:,Wednesday,33.38,Grade Celsius,
561,812.12,W/m^2,11:20:22,28/6/17,Day of week:,Wednesday,33.31,Grade Celsius,
563,813.58,W/m^2,11:20:26,28/6/17,Day of week:,Wednesday,33.56,Grade Celsius,
564,829.64,W/m^2,11:20:29,28/6/17,Day of week:,Wednesday,33.50,Grade Celsius,
566,829.64,W/m^2,11:20:32,28/6/17,Day of week:,Wednesday,33.44,Grade Celsius,
579,835.49,W/m^2,11:20:35,28/6/17,Day of week:,Wednesday,33.75,Grade Celsius,
566,822.34,W/m^2,11:20:38,28/6/17,Day of week:,Wednesday,33.88,Grade Celsius,
552,829.64,W/m^2,11:20:41,28/6/17,Day of week:,Wednesday,33.75,Grade Celsius,
568,820.88,W/m^2,11:20:44,28/6/17,Day of week:,Wednesday,33.38,Grade Celsius,
569,832.56,W/m^2,11:20:47,28/6/17,Day of week:,Wednesday,33.25,Grade Celsius,
572,813.58,W/m^2,11:20:50,28/6/17,Day of week:,Wednesday,33.00,Grade Celsius,
570,836.95,W/m^2,11:20:53,28/6/17,Day of week:,Wednesday,33.06,Grade Celsius,
571,836.95,W/m^2,11:20:56,28/6/17,Day of week:,Wednesday,32.81,Grade Celsius,
568,834.03,W/m^2,11:20:59,28/6/17,Day of week:,Wednesday,32.81,Grade Celsius,
580,836.95,W/m^2,11:21:02,28/6/17,Day of week:,Wednesday,33.06,Grade Celsius,
569,838.41,W/m^2,11:21:05,28/6/17,Day of week:,Wednesday,33.06,Grade Celsius,
572,831.10,W/m^2,11:21:08,28/6/17,Day of week:,Wednesday,32.75,Grade Celsius,
572,842.79,W/m^2,11:21:12,28/6/17,Day of week:,Wednesday,32.69,Grade Celsius,
579,839.87,W/m^2,11:21:15,28/6/17,Day of week:,Wednesday,32.88,Grade Celsius,
576,836.95,W/m^2,11:21:18,28/6/17,Day of week:,Wednesday,33.06,Grade Celsius,
573,841.33,W/m^2,11:21:21,28/6/17,Day of week:,Wednesday,33.19,Grade Celsius,
572,836.95,W/m^2,11:21:24,28/6/17,Day of week:,Wednesday,33.44,Grade Celsius,
558,838.41,W/m^2,11:21:27,28/6/17,Day of week:,Wednesday,33.63,Grade Celsius,
567,842.79,W/m^2,11:21:30,28/6/17,Day of week:,Wednesday,33.81,Grade Celsius,
581,838.41,W/m^2,11:21:33,28/6/17,Day of week:,Wednesday,33.88,Grade Celsius,
572,841.33,W/m^2,11:21:36,28/6/17,Day of week:,Wednesday,33.88,Grade Celsius,
588,845.71,W/m^2,11:21:39,28/6/17,Day of week:,Wednesday,33.94,Grade Celsius,
574,841.33,W/m^2,11:21:42,28/6/17,Day of week:,Wednesday,33.88,Grade Celsius,
574,845.71,W/m^2,11:21:45,28/6/17,Day of week:,Wednesday,34.19,Grade Celsius,
577,847.17,W/m^2,11:21:48,28/6/17,Day of week:,Wednesday,34.44,Grade Celsius,
578,847.17,W/m^2,11:21:51,28/6/17,Day of week:,Wednesday,34.63,Grade Celsius,
576,847.17,W/m^2,11:21:55,28/6/17,Day of week:,Wednesday,34.88,Grade Celsius,
578,848.63,W/m^2,11:21:58,28/6/17,Day of week:,Wednesday,35.06,Grade Celsius,
571,838.41,W/m^2,11:22:01,28/6/17,Day of week:,Wednesday,35.19,Grade Celsius,
584,855.94,W/m^2,11:22:04,28/6/17,Day of week:,Wednesday,35.25,Grade Celsius,
585,867.62,W/m^2,11:22:07,28/6/17,Day of week:,Wednesday,35.38,Grade Celsius,
589,855.94,W/m^2,11:22:10,28/6/17,Day of week:,Wednesday,35.50,Grade Celsius,
588,861.78,W/m^2,11:22:13,28/6/17,Day of week:,Wednesday,35.56,Grade Celsius,
597,882.23,W/m^2,11:22:16,28/6/17,Day of week:,Wednesday,35.75,Grade Celsius,
595,869.08,W/m^2,11:22:19,28/6/17,Day of week:,Wednesday,36.00,Grade Celsius,
593,886.61,W/m^2,11:22:22,28/6/17,Day of week:,Wednesday,35.94,Grade Celsius,
596,867.62,W/m^2,11:22:25,28/6/17,Day of week:,Wednesday,35.75,Grade Celsius,
599,864.70,W/m^2,11:22:28,28/6/17,Day of week:,Wednesday,35.63,Grade Celsius,
599,880.77,W/m^2,11:22:31,28/6/17,Day of week:,Wednesday,35.63,Grade Celsius,
607,880.77,W/m^2,11:22:34,28/6/17,Day of week:,Wednesday,35.81,Grade Celsius,
607,895.37,W/m^2,11:22:37,28/6/17,Day of week:,Wednesday,36.00,Grade Celsius,
595,860.32,W/m^2,11:22:41,28/6/17,Day of week:,Wednesday,36.13,Grade Celsius,
565,828.18,W/m^2,11:22:44,28/6/17,Day of week:,Wednesday,36.31,Grade Celsius,
558,815.04,W/m^2,11:22:47,28/6/17,Day of week:,Wednesday,35.94,Grade Celsius,
532,779.98,W/m^2,11:22:50,28/6/17,Day of week:,Wednesday,35.81,Grade Celsius,
432,632.46,W/m^2,11:22:53,28/6/17,Day of week:,Wednesday,36.00,Grade Celsius,
352,508.30,W/m^2,11:22:56,28/6/17,Day of week:,Wednesday,35.88,Grade Celsius,
338,496.62,W/m^2,11:22:59,28/6/17,Day of week:,Wednesday,35.69,Grade Celsius,
364,534.59,W/m^2,11:23:02,28/6/17,Day of week:,Wednesday,35.44,Grade Celsius,
390,593.02,W/m^2,11:23:05,28/6/17,Day of week:,Wednesday,34.94,Grade Celsius,
393,578.41,W/m^2,11:23:08,28/6/17,Day of week:,Wednesday,34.81,Grade Celsius,
361,528.75,W/m^2,11:23:11,28/6/17,Day of week:,Wednesday,34.50,Grade Celsius,
306,445.50,W/m^2,11:23:14,28/6/17,Day of week:,Wednesday,34.63,Grade Celsius,
276,400.22,W/m^2,11:23:17,28/6/17,Day of week:,Wednesday,34.69,Grade Celsius,
269,397.29,W/m^2,11:23:20,28/6/17,Day of week:,Wednesday,34.56,Grade Celsius,
273,420.66,W/m^2,11:23:24,28/6/17,Day of week:,Wednesday,34.50,Grade Celsius,
317,467.40,W/m^2,11:23:27,28/6/17,Day of week:,Wednesday,34.50,Grade Celsius,
381,557.96,W/m^2,11:23:30,28/6/17,Day of week:,Wednesday,34.56,Grade Celsius,
473,687.96,W/m^2,11:23:33,28/6/17,Day of week:,Wednesday,34.38,Grade Celsius,
458,658.75,W/m^2,11:23:36,28/6/17,Day of week:,Wednesday,33.94,Grade Celsius,
367,537.52,W/m^2,11:23:39,28/6/17,Day of week:,Wednesday,33.69,Grade Celsius,
330,487.85,W/m^2,11:23:42,28/6/17,Day of week:,Wednesday,33.31,Grade Celsius,
393,544.82,W/m^2,11:23:45,28/6/17,Day of week:,Wednesday,33.25,Grade Celsius,
457,667.51,W/m^2,11:23:48,28/6/17,Day of week:,Wednesday,32.81,Grade Celsius,
510,750.77,W/m^2,11:23:51,28/6/17,Day of week:,Wednesday,32.63,Grade Celsius,
461,677.74,W/m^2,11:23:54,28/6/17,Day of week:,Wednesday,32.75,Grade Celsius,
379,556.50,W/m^2,11:23:57,28/6/17,Day of week:,Wednesday,32.69,Grade Celsius,
377,540.44,W/m^2,11:24:00,28/6/17,Day of week:,Wednesday,32.69,Grade Celsius,
389,574.03,W/m^2,11:24:03,28/6/17,Day of week:,Wednesday,32.69,Grade Celsius,
359,521.45,W/m^2,11:24:06,28/6/17,Day of week:,Wednesday,32.69,Grade Celsius,
312,458.64,W/m^2,11:24:10,28/6/17,Day of week:,Wednesday,32.81,Grade Celsius,
262,385.61,W/m^2,11:24:13,28/6/17,Day of week:,Wednesday,32.69,Grade Celsius,
215,303.81,W/m^2,11:24:16,28/6/17,Day of week:,Wednesday,32.50,Grade Celsius,
205,303.81,W/m^2,11:24:19,28/6/17,Day of week:,Wednesday,32.56,Grade Celsius,
203,303.81,W/m^2,11:24:22,28/6/17,Day of week:,Wednesday,32.06,Grade Celsius,
204,297.97,W/m^2,11:24:25,28/6/17,Day of week:,Wednesday,31.94,Grade Celsius,
211,306.73,W/m^2,11:24:28,28/6/17,Day of week:,Wednesday,31.87,Grade Celsius,
219,322.80,W/m^2,11:24:31,28/6/17,Day of week:,Wednesday,31.87,Grade Celsius,
226,333.03,W/m^2,11:24:34,28/6/17,Day of week:,Wednesday,31.87,Grade Celsius,
248,363.70,W/m^2,11:24:37,28/6/17,Day of week:,Wednesday,31.94,Grade Celsius,
264,375.38,W/m^2,11:24:40,28/6/17,Day of week:,Wednesday,32.13,Grade Celsius,
214,315.50,W/m^2,11:24:43,28/6/17,Day of week:,Wednesday,32.25,Grade Celsius,
195,286.29,W/m^2,11:24:46,28/6/17,Day of week:,Wednesday,32.50,Grade Celsius,
192,280.44,W/m^2,11:24:49,28/6/17,Day of week:,Wednesday,32.44,Grade Celsius,
190,277.52,W/m^2,11:24:52,28/6/17,Day of week:,Wednesday,32.44,Grade Celsius,
191,286.29,W/m^2,11:24:56,28/6/17,Day of week:,Wednesday,32.63,Grade Celsius,
198,297.97,W/m^2,11:24:59,28/6/17,Day of week:,Wednesday,32.38,Grade Celsius,
209,303.81,W/m^2,11:25:02,28/6/17,Day of week:,Wednesday,32.56,Grade Celsius,
215,309.66,W/m^2,11:25:05,28/6/17,Day of week:,Wednesday,32.75,Grade Celsius,
206,286.29,W/m^2,11:25:08,28/6/17,Day of week:,Wednesday,32.81,Grade Celsius,
205,312.58,W/m^2,11:25:11,28/6/17,Day of week:,Wednesday,32.94,Grade Celsius,
200,303.81,W/m^2,11:25:14,28/6/17,Day of week:,Wednesday,33.06,Grade Celsius,
187,262.92,W/m^2,11:25:17,28/6/17,Day of week:,Wednesday,33.13,Grade Celsius,
185,270.22,W/m^2,11:25:20,28/6/17,Day of week:,Wednesday,33.25,Grade Celsius,
182,264.38,W/m^2,11:25:23,28/6/17,Day of week:,Wednesday,33.38,Grade Celsius,
177,262.92,W/m^2,11:25:26,28/6/17,Day of week:,Wednesday,33.31,Grade Celsius,
179,268.76,W/m^2,11:25:29,28/6/17,Day of week:,Wednesday,33.38,Grade Celsius,
184,264.38,W/m^2,11:25:32,28/6/17,Day of week:,Wednesday,33.44,Grade Celsius,
181,259.99,W/m^2,11:25:35,28/6/17,Day of week:,Wednesday,33.50,Grade Celsius,
171,259.99,W/m^2,11:25:39,28/6/17,Day of week:,Wednesday,33.50,Grade Celsius,
176,259.99,W/m^2,11:25:42,28/6/17,Day of week:,Wednesday,33.56,Grade Celsius,
169,271.68,W/m^2,11:25:45,28/6/17,Day of week:,Wednesday,33.44,Grade Celsius,
177,262.92,W/m^2,11:25:48,28/6/17,Day of week:,Wednesday,33.44,Grade Celsius,
177,246.85,W/m^2,11:25:51,28/6/17,Day of week:,Wednesday,33.56,Grade Celsius,
177,271.68,W/m^2,11:25:54,28/6/17,Day of week:,Wednesday,33.31,Grade Celsius,
175,257.07,W/m^2,11:25:57,28/6/17,Day of week:,Wednesday,33.31,Grade Celsius,
176,248.31,W/m^2,11:26:00,28/6/17,Day of week:,Wednesday,33.38,Grade Celsius,
176,258.53,W/m^2,11:26:03,28/6/17,Day of week:,Wednesday,32.94,Grade Celsius,
176,259.99,W/m^2,11:26:06,28/6/17,Day of week:,Wednesday,32.75,Grade Celsius,
176,252.69,W/m^2,11:26:09,28/6/17,Day of week:,Wednesday,32.31,Grade Celsius,
166,257.07,W/m^2,11:26:12,28/6/17,Day of week:,Wednesday,31.94,Grade Celsius,
175,257.07,W/m^2,11:26:15,28/6/17,Day of week:,Wednesday,31.56,Grade Celsius,
169,257.07,W/m^2,11:26:18,28/6/17,Day of week:,Wednesday,31.44,Grade Celsius,
174,257.07,W/m^2,11:26:22,28/6/17,Day of week:,Wednesday,31.37,Grade Celsius,
174,252.69,W/m^2,11:26:25,28/6/17,Day of week:,Wednesday,31.31,Grade Celsius,
176,259.99,W/m^2,11:26:28,28/6/17,Day of week:,Wednesday,31.44,Grade Celsius,
177,257.07,W/m^2,11:26:31,28/6/17,Day of week:,Wednesday,31.44,Grade Celsius,
175,257.07,W/m^2,11:26:34,28/6/17,Day of week:,Wednesday,31.56,Grade Celsius,
173,265.84,W/m^2,11:26:37,28/6/17,Day of week:,Wednesday,31.56,Grade Celsius,
172,259.99,W/m^2,11:26:40,28/6/17,Day of week:,Wednesday,31.56,Grade Celsius,
175,258.53,W/m^2,11:26:43,28/6/17,Day of week:,Wednesday,31.56,Grade Celsius,
174,251.23,W/m^2,11:26:46,28/6/17,Day of week:,Wednesday,31.37,Grade Celsius,
173,252.69,W/m^2,11:26:49,28/6/17,Day of week:,Wednesday,31.31,Grade Celsius,
160,254.15,W/m^2,11:26:52,28/6/17,Day of week:,Wednesday,31.19,Grade Celsius,
173,252.69,W/m^2,11:26:55,28/6/17,Day of week:,Wednesday,30.94,Grade Celsius,
170,249.77,W/m^2,11:26:58,28/6/17,Day of week:,Wednesday,30.94,Grade Celsius,
172,233.70,W/m^2,11:27:01,28/6/17,Day of week:,Wednesday,30.87,Grade Celsius,
169,246.85,W/m^2,11:27:04,28/6/17,Day of week:,Wednesday,30.87,Grade Celsius,
168,245.39,W/m^2,11:27:08,28/6/17,Day of week:,Wednesday,30.94,Grade Celsius,
167,248.31,W/m^2,11:27:11,28/6/17,Day of week:,Wednesday,30.94,Grade Celsius,
168,248.31,W/m^2,11:27:14,28/6/17,Day of week:,Wednesday,30.87,Grade Celsius,
180,241.01,W/m^2,11:27:17,28/6/17,Day of week:,Wednesday,30.87,Grade Celsius,
168,245.39,W/m^2,11:27:20,28/6/17,Day of week:,Wednesday,30.87,Grade Celsius,
167,245.39,W/m^2,11:27:23,28/6/17,Day of week:,Wednesday,30.81,Grade Celsius,
167,242.47,W/m^2,11:27:26,28/6/17,Day of week:,Wednesday,30.69,Grade Celsius,
164,242.47,W/m^2,11:27:29,28/6/17,Day of week:,Wednesday,30.75,Grade Celsius,
168,245.39,W/m^2,11:27:32,28/6/17,Day of week:,Wednesday,30.81,Grade Celsius,
167,227.86,W/m^2,11:27:35,28/6/17,Day of week:,Wednesday,30.94,Grade Celsius,
166,242.47,W/m^2,11:27:38,28/6/17,Day of week:,Wednesday,30.87,Grade Celsius,
156,242.47,W/m^2,11:27:41,28/6/17,Day of week:,Wednesday,30.94,Grade Celsius,
165,245.39,W/m^2,11:27:44,28/6/17,Day of week:,Wednesday,30.87,Grade Celsius,
160,242.47,W/m^2,11:27:47,28/6/17,Day of week:,Wednesday,30.81,Grade Celsius,
165,259.99,W/m^2,11:27:51,28/6/17,Day of week:,Wednesday,30.69,Grade Celsius,
162,236.62,W/m^2,11:27:54,28/6/17,Day of week:,Wednesday,30.62,Grade Celsius,
155,239.54,W/m^2,11:27:57,28/6/17,Day of week:,Wednesday,30.50,Grade Celsius,
160,257.07,W/m^2,11:28:00,28/6/17,Day of week:,Wednesday,30.69,Grade Celsius,
161,236.62,W/m^2,11:28:03,28/6/17,Day of week:,Wednesday,30.75,Grade Celsius,
160,239.54,W/m^2,11:28:06,28/6/17,Day of week:,Wednesday,30.69,Grade Celsius,
162,236.62,W/m^2,11:28:09,28/6/17,Day of week:,Wednesday,30.81,Grade Celsius,
160,233.70,W/m^2,11:28:12,28/6/17,Day of week:,Wednesday,30.81,Grade Celsius,
158,233.70,W/m^2,11:28:15,28/6/17,Day of week:,Wednesday,30.75,Grade Celsius,
155,235.16,W/m^2,11:28:18,28/6/17,Day of week:,Wednesday,30.69,Grade Celsius,
157,235.16,W/m^2,11:28:21,28/6/17,Day of week:,Wednesday,30.69,Grade Celsius,
158,236.62,W/m^2,11:28:24,28/6/17,Day of week:,Wednesday,30.81,Grade Celsius,
158,229.32,W/m^2,11:28:27,28/6/17,Day of week:,Wednesday,30.94,Grade Celsius,
155,224.94,W/m^2,11:28:30,28/6/17,Day of week:,Wednesday,31.00,Grade Celsius,
157,233.70,W/m^2,11:28:33,28/6/17,Day of week:,Wednesday,31.12,Grade Celsius,
157,235.16,W/m^2,11:28:37,28/6/17,Day of week:,Wednesday,31.19,Grade Celsius,
149,235.16,W/m^2,11:28:40,28/6/17,Day of week:,Wednesday,31.25,Grade Celsius,
147,233.70,W/m^2,11:28:43,28/6/17,Day of week:,Wednesday,31.37,Grade Celsius,
163,229.32,W/m^2,11:28:46,28/6/17,Day of week:,Wednesday,31.44,Grade Celsius,
160,211.79,W/m^2,11:28:49,28/6/17,Day of week:,Wednesday,31.50,Grade Celsius,
161,227.86,W/m^2,11:28:52,28/6/17,Day of week:,Wednesday,31.50,Grade Celsius,
155,227.86,W/m^2,11:28:55,28/6/17,Day of week:,Wednesday,31.25,Grade Celsius,
159,233.70,W/m^2,11:28:58,28/6/17,Day of week:,Wednesday,31.12,Grade Celsius,
158,229.32,W/m^2,11:29:01,28/6/17,Day of week:,Wednesday,30.87,Grade Celsius,
159,223.48,W/m^2,11:29:04,28/6/17,Day of week:,Wednesday,30.94,Grade Celsius,
158,230.78,W/m^2,11:29:07,28/6/17,Day of week:,Wednesday,30.69,Grade Celsius,
160,233.70,W/m^2,11:29:10,28/6/17,Day of week:,Wednesday,30.56,Grade Celsius,
156,229.32,W/m^2,11:29:13,28/6/17,Day of week:,Wednesday,30.69,Grade Celsius,
171,233.70,W/m^2,11:29:16,28/6/17,Day of week:,Wednesday,30.81,Grade Celsius,
189,273.14,W/m^2,11:29:19,28/6/17,Day of week:,Wednesday,30.87,Grade Celsius,
204,306.73,W/m^2,11:29:23,28/6/17,Day of week:,Wednesday,31.00,Grade Celsius,
179,259.99,W/m^2,11:29:26,28/6/17,Day of week:,Wednesday,30.94,Grade Celsius,
163,241.01,W/m^2,11:29:29,28/6/17,Day of week:,Wednesday,30.81,Grade Celsius,
157,227.86,W/m^2,11:29:32,28/6/17,Day of week:,Wednesday,30.75,Grade Celsius,
156,224.94,W/m^2,11:29:35,28/6/17,Day of week:,Wednesday,30.69,Grade Celsius,
155,224.94,W/m^2,11:29:38,28/6/17,Day of week:,Wednesday,30.56,Grade Celsius,
134,217.64,W/m^2,11:29:41,28/6/17,Day of week:,Wednesday,30.50,Grade Celsius,
146,222.02,W/m^2,11:29:44,28/6/17,Day of week:,Wednesday,30.37,Grade Celsius,
145,213.25,W/m^2,11:29:47,28/6/17,Day of week:,Wednesday,30.25,Grade Celsius,
144,210.33,W/m^2,11:29:50,28/6/17,Day of week:,Wednesday,30.12,Grade Celsius,
140,189.88,W/m^2,11:29:53,28/6/17,Day of week:,Wednesday,30.06,Grade Celsius,
140,211.79,W/m^2,11:29:56,28/6/17,Day of week:,Wednesday,29.94,Grade Celsius,
138,204.49,W/m^2,11:29:59,28/6/17,Day of week:,Wednesday,29.94,Grade Celsius,
139,205.95,W/m^2,11:30:02,28/6/17,Day of week:,Wednesday,29.87,Grade Celsius,
138,201.57,W/m^2,11:30:05,28/6/17,Day of week:,Wednesday,29.75,Grade Celsius,
136,181.12,W/m^2,11:30:09,28/6/17,Day of week:,Wednesday,29.62,Grade Celsius,
131,201.57,W/m^2,11:30:12,28/6/17,Day of week:,Wednesday,29.62,Grade Celsius,
136,194.27,W/m^2,11:30:15,28/6/17,Day of week:,Wednesday,29.69,Grade Celsius,
134,201.57,W/m^2,11:30:18,28/6/17,Day of week:,Wednesday,29.62,Grade Celsius,
138,198.65,W/m^2,11:30:21,28/6/17,Day of week:,Wednesday,29.50,Grade Celsius,
121,189.88,W/m^2,11:30:24,28/6/17,Day of week:,Wednesday,29.50,Grade Celsius,
132,195.73,W/m^2,11:30:27,28/6/17,Day of week:,Wednesday,29.50,Grade Celsius,
136,194.27,W/m^2,11:30:30,28/6/17,Day of week:,Wednesday,29.69,Grade Celsius,
132,198.65,W/m^2,11:30:33,28/6/17,Day of week:,Wednesday,29.75,Grade Celsius,
133,198.65,W/m^2,11:30:36,28/6/17,Day of week:,Wednesday,29.69,Grade Celsius,
132,195.73,W/m^2,11:30:39,28/6/17,Day of week:,Wednesday,29.69,Grade Celsius,
130,172.36,W/m^2,11:30:42,28/6/17,Day of week:,Wednesday,29.75,Grade Celsius,
130,192.80,W/m^2,11:30:45,28/6/17,Day of week:,Wednesday,29.81,Grade Celsius,
131,194.27,W/m^2,11:30:48,28/6/17,Day of week:,Wednesday,29.81,Grade Celsius,
126,192.80,W/m^2,11:30:51,28/6/17,Day of week:,Wednesday,29.75,Grade Celsius,
128,188.42,W/m^2,11:30:55,28/6/17,Day of week:,Wednesday,29.75,Grade Celsius,
134,192.80,W/m^2,11:30:58,28/6/17,Day of week:,Wednesday,29.81,Grade Celsius,
131,204.49,W/m^2,11:31:01,28/6/17,Day of week:,Wednesday,29.94,Grade Celsius,
131,188.42,W/m^2,11:31:04,28/6/17,Day of week:,Wednesday,30.00,Grade Celsius,
127,186.96,W/m^2,11:31:07,28/6/17,Day of week:,Wednesday,30.06,Grade Celsius,
137,189.88,W/m^2,11:31:10,28/6/17,Day of week:,Wednesday,30.00,Grade Celsius,
134,170.89,W/m^2,11:31:13,28/6/17,Day of week:,Wednesday,29.94,Grade Celsius,
128,175.28,W/m^2,11:31:16,28/6/17,Day of week:,Wednesday,29.87,Grade Celsius,
128,186.96,W/m^2,11:31:19,28/6/17,Day of week:,Wednesday,29.94,Grade Celsius,
126,186.96,W/m^2,11:31:22,28/6/17,Day of week:,Wednesday,30.00,Grade Celsius,
130,207.41,W/m^2,11:31:25,28/6/17,Day of week:,Wednesday,30.06,Grade Celsius,
128,186.96,W/m^2,11:31:28,28/6/17,Day of week:,Wednesday,29.94,Grade Celsius,
124,186.96,W/m^2,11:31:32,28/6/17,Day of week:,Wednesday,29.87,Grade Celsius,
127,200.11,W/m^2,11:31:35,28/6/17,Day of week:,Wednesday,29.81,Grade Celsius,
126,188.42,W/m^2,11:31:38,28/6/17,Day of week:,Wednesday,29.81,Grade Celsius,
128,186.96,W/m^2,11:31:41,28/6/17,Day of week:,Wednesday,29.87,Grade Celsius,
128,186.96,W/m^2,11:31:44,28/6/17,Day of week:,Wednesday,30.00,Grade Celsius,
113,167.97,W/m^2,11:31:47,28/6/17,Day of week:,Wednesday,30.12,Grade Celsius,
128,188.42,W/m^2,11:31:50,28/6/17,Day of week:,Wednesday,30.19,Grade Celsius,
126,181.12,W/m^2,11:31:53,28/6/17,Day of week:,Wednesday,30.31,Grade Celsius,
108,186.96,W/m^2,11:31:56,28/6/17,Day of week:,Wednesday,30.12,Grade Celsius,
127,182.58,W/m^2,11:31:59,28/6/17,Day of week:,Wednesday,30.12,Grade Celsius,
124,186.96,W/m^2,11:32:02,28/6/17,Day of week:,Wednesday,29.94,Grade Celsius,
130,186.96,W/m^2,11:32:05,28/6/17,Day of week:,Wednesday,29.87,Grade Celsius,
126,176.74,W/m^2,11:32:08,28/6/17,Day of week:,Wednesday,29.87,Grade Celsius,
126,186.96,W/m^2,11:32:11,28/6/17,Day of week:,Wednesday,29.87,Grade Celsius,
124,186.96,W/m^2,11:32:15,28/6/17,Day of week:,Wednesday,29.75,Grade Celsius,
124,175.28,W/m^2,11:32:18,28/6/17,Day of week:,Wednesday,29.81,Grade Celsius,
137,189.88,W/m^2,11:32:21,28/6/17,Day of week:,Wednesday,29.69,Grade Celsius,
125,182.58,W/m^2,11:32:24,28/6/17,Day of week:,Wednesday,29.69,Grade Celsius,
128,184.04,W/m^2,11:32:27,28/6/17,Day of week:,Wednesday,29.69,Grade Celsius,
124,186.96,W/m^2,11:32:30,28/6/17,Day of week:,Wednesday,29.69,Grade Celsius,
124,186.96,W/m^2,11:32:33,28/6/17,Day of week:,Wednesday,29.69,Grade Celsius,
105,186.96,W/m^2,11:32:36,28/6/17,Day of week:,Wednesday,29.69,Grade Celsius,
135,186.96,W/m^2,11:32:39,28/6/17,Day of week:,Wednesday,29.69,Grade Celsius,
125,170.89,W/m^2,11:32:42,28/6/17,Day of week:,Wednesday,29.69,Grade Celsius,
119,166.51,W/m^2,11:32:45,28/6/17,Day of week:,Wednesday,29.56,Grade Celsius,
123,181.12,W/m^2,11:32:48,28/6/17,Day of week:,Wednesday,29.50,Grade Celsius,
125,181.12,W/m^2,11:32:51,28/6/17,Day of week:,Wednesday,29.56,Grade Celsius,
123,186.96,W/m^2,11:32:54,28/6/17,Day of week:,Wednesday,29.62,Grade Celsius,
126,198.65,W/m^2,11:32:57,28/6/17,Day of week:,Wednesday,29.62,Grade Celsius,
124,181.12,W/m^2,11:33:01,28/6/17,Day of week:,Wednesday,29.69,Grade Celsius,
124,181.12,W/m^2,11:33:04,28/6/17,Day of week:,Wednesday,29.62,Grade Celsius,
122,181.12,W/m^2,11:33:07,28/6/17,Day of week:,Wednesday,29.50,Grade Celsius,
123,201.57,W/m^2,11:33:10,28/6/17,Day of week:,Wednesday,29.50,Grade Celsius,
129,175.28,W/m^2,11:33:13,28/6/17,Day of week:,Wednesday,29.44,Grade Celsius,
131,192.80,W/m^2,11:33:16,28/6/17,Day of week:,Wednesday,29.44,Grade Celsius,
123,175.28,W/m^2,11:33:19,28/6/17,Day of week:,Wednesday,29.50,Grade Celsius,
125,186.96,W/m^2,11:33:22,28/6/17,Day of week:,Wednesday,29.50,Grade Celsius,
123,182.58,W/m^2,11:33:25,28/6/17,Day of week:,Wednesday,29.62,Grade Celsius,
126,188.42,W/m^2,11:33:28,28/6/17,Day of week:,Wednesday,29.69,Grade Celsius,
126,185.50,W/m^2,11:33:31,28/6/17,Day of week:,Wednesday,29.81,Grade Celsius,
124,184.04,W/m^2,11:33:34,28/6/17,Day of week:,Wednesday,29.87,Grade Celsius,
122,192.80,W/m^2,11:33:37,28/6/17,Day of week:,Wednesday,29.94,Grade Celsius,
125,182.58,W/m^2,11:33:40,28/6/17,Day of week:,Wednesday,29.94,Grade Celsius,
128,182.58,W/m^2,11:33:44,28/6/17,Day of week:,Wednesday,29.87,Grade Celsius,
125,186.96,W/m^2,11:33:47,28/6/17,Day of week:,Wednesday,30.00,Grade Celsius,
128,186.96,W/m^2,11:33:50,28/6/17,Day of week:,Wednesday,29.87,Grade Celsius,
128,186.96,W/m^2,11:33:53,28/6/17,Day of week:,Wednesday,29.87,Grade Celsius,
126,186.96,W/m^2,11:33:56,28/6/17,Day of week:,Wednesday,29.75,Grade Celsius,
126,186.96,W/m^2,11:33:59,28/6/17,Day of week:,Wednesday,29.81,Grade Celsius,
128,188.42,W/m^2,11:34:02,28/6/17,Day of week:,Wednesday,29.87,Grade Celsius,
118,191.34,W/m^2,11:34:05,28/6/17,Day of week:,Wednesday,29.87,Grade Celsius,
132,169.43,W/m^2,11:34:08,28/6/17,Day of week:,Wednesday,29.81,Grade Celsius,
128,194.27,W/m^2,11:34:11,28/6/17,Day of week:,Wednesday,29.87,Grade Celsius,
131,192.80,W/m^2,11:34:14,28/6/17,Day of week:,Wednesday,29.94,Grade Celsius,
131,194.27,W/m^2,11:34:17,28/6/17,Day of week:,Wednesday,30.00,Grade Celsius,
132,192.80,W/m^2,11:34:20,28/6/17,Day of week:,Wednesday,30.12,Grade Celsius,
132,194.27,W/m^2,11:34:23,28/6/17,Day of week:,Wednesday,30.19,Grade Celsius,
132,198.65,W/m^2,11:34:26,28/6/17,Day of week:,Wednesday,30.12,Grade Celsius,
132,201.57,W/m^2,11:34:30,28/6/17,Day of week:,Wednesday,30.12,Grade Celsius,
138,201.57,W/m^2,11:34:33,28/6/17,Day of week:,Wednesday,30.12,Grade Celsius,
138,204.49,W/m^2,11:34:36,28/6/17,Day of week:,Wednesday,30.19,Grade Celsius,
139,205.95,W/m^2,11:34:39,28/6/17,Day of week:,Wednesday,30.12,Grade Celsius,
154,210.33,W/m^2,11:34:42,28/6/17,Day of week:,Wednesday,30.00,Grade Celsius,
135,213.25,W/m^2,11:34:45,28/6/17,Day of week:,Wednesday,29.94,Grade Celsius,
147,235.16,W/m^2,11:34:48,28/6/17,Day of week:,Wednesday,29.81,Grade Celsius,
153,227.86,W/m^2,11:34:51,28/6/17,Day of week:,Wednesday,29.87,Grade Celsius,
171,257.07,W/m^2,11:34:54,28/6/17,Day of week:,Wednesday,30.00,Grade Celsius,
187,274.60,W/m^2,11:34:57,28/6/17,Day of week:,Wednesday,30.00,Grade Celsius,
211,315.50,W/m^2,11:35:00,28/6/17,Day of week:,Wednesday,30.12,Grade Celsius,
230,343.25,W/m^2,11:35:03,28/6/17,Day of week:,Wednesday,30.19,Grade Celsius,
198,289.21,W/m^2,11:35:06,28/6/17,Day of week:,Wednesday,30.25,Grade Celsius,
194,268.76,W/m^2,11:35:09,28/6/17,Day of week:,Wednesday,30.12,Grade Celsius,
187,277.52,W/m^2,11:35:12,28/6/17,Day of week:,Wednesday,30.12,Grade Celsius,
212,293.59,W/m^2,11:35:16,28/6/17,Day of week:,Wednesday,30.19,Grade Celsius,
224,330.10,W/m^2,11:35:19,28/6/17,Day of week:,Wednesday,30.12,Grade Celsius,
230,356.40,W/m^2,11:35:22,28/6/17,Day of week:,Wednesday,30.19,Grade Celsius,
298,444.03,W/m^2,11:35:25,28/6/17,Day of week:,Wednesday,30.31,Grade Celsius,
377,546.28,W/m^2,11:35:28,28/6/17,Day of week:,Wednesday,30.37,Grade Celsius,
377,552.12,W/m^2,11:35:31,28/6/17,Day of week:,Wednesday,30.31,Grade Celsius,
416,610.55,W/m^2,11:35:34,28/6/17,Day of week:,Wednesday,30.25,Grade Celsius,
443,648.52,W/m^2,11:35:37,28/6/17,Day of week:,Wednesday,30.19,Grade Celsius,
404,600.32,W/m^2,11:35:40,28/6/17,Day of week:,Wednesday,30.31,Grade Celsius,
338,492.24,W/m^2,11:35:43,28/6/17,Day of week:,Wednesday,30.37,Grade Celsius,
322,482.01,W/m^2,11:35:46,28/6/17,Day of week:,Wednesday,30.25,Grade Celsius,
356,518.53,W/m^2,11:35:49,28/6/17,Day of week:,Wednesday,30.19,Grade Celsius,
394,568.19,W/m^2,11:35:52,28/6/17,Day of week:,Wednesday,30.06,Grade Celsius,
407,614.93,W/m^2,11:35:55,28/6/17,Day of week:,Wednesday,30.00,Grade Celsius,
387,566.73,W/m^2,11:35:58,28/6/17,Day of week:,Wednesday,30.00,Grade Celsius,
340,499.54,W/m^2,11:36:02,28/6/17,Day of week:,Wednesday,30.12,Grade Celsius,
321,470.33,W/m^2,11:36:05,28/6/17,Day of week:,Wednesday,30.25,Grade Celsius,
355,509.76,W/m^2,11:36:08,28/6/17,Day of week:,Wednesday,30.31,Grade Celsius,
387,568.19,W/m^2,11:36:11,28/6/17,Day of week:,Wednesday,30.37,Grade Celsius,
380,556.50,W/m^2,11:36:14,28/6/17,Day of week:,Wednesday,30.44,Grade Celsius,
400,585.72,W/m^2,11:36:17,28/6/17,Day of week:,Wednesday,30.50,Grade Celsius,
438,620.77,W/m^2,11:36:20,28/6/17,Day of week:,Wednesday,30.50,Grade Celsius,
452,652.91,W/m^2,11:36:23,28/6/17,Day of week:,Wednesday,30.44,Grade Celsius,
395,578.41,W/m^2,11:36:26,28/6/17,Day of week:,Wednesday,30.50,Grade Celsius,
344,508.30,W/m^2,11:36:29,28/6/17,Day of week:,Wednesday,30.50,Grade Celsius,
269,411.90,W/m^2,11:36:32,28/6/17,Day of week:,Wednesday,30.50,Grade Celsius,
313,446.96,W/m^2,11:36:35,28/6/17,Day of week:,Wednesday,30.50,Grade Celsius,
387,566.73,W/m^2,11:36:38,28/6/17,Day of week:,Wednesday,30.50,Grade Celsius,
474,698.19,W/m^2,11:36:41,28/6/17,Day of week:,Wednesday,30.69,Grade Celsius,
525,771.22,W/m^2,11:36:45,28/6/17,Day of week:,Wednesday,30.87,Grade Celsius,
536,781.44,W/m^2,11:36:48,28/6/17,Day of week:,Wednesday,31.00,Grade Celsius,
555,813.58,W/m^2,11:36:51,28/6/17,Day of week:,Wednesday,31.12,Grade Celsius,
570,850.09,W/m^2,11:36:54,28/6/17,Day of week:,Wednesday,31.06,Grade Celsius,
609,895.37,W/m^2,11:36:57,28/6/17,Day of week:,Wednesday,30.94,Grade Celsius,
619,905.60,W/m^2,11:37:00,28/6/17,Day of week:,Wednesday,30.87,Grade Celsius,
621,889.53,W/m^2,11:37:03,28/6/17,Day of week:,Wednesday,30.87,Grade Celsius,
596,886.61,W/m^2,11:37:06,28/6/17,Day of week:,Wednesday,30.81,Grade Celsius,
587,863.24,W/m^2,11:37:09,28/6/17,Day of week:,Wednesday,30.75,Grade Celsius,
565,826.72,W/m^2,11:37:12,28/6/17,Day of week:,Wednesday,30.75,Grade Celsius,
566,836.95,W/m^2,11:37:15,28/6/17,Day of week:,Wednesday,30.62,Grade Celsius,
590,863.24,W/m^2,11:37:18,28/6/17,Day of week:,Wednesday,30.81,Grade Celsius,
598,876.38,W/m^2,11:37:21,28/6/17,Day of week:,Wednesday,31.00,Grade Celsius,
611,888.07,W/m^2,11:37:24,28/6/17,Day of week:,Wednesday,31.12,Grade Celsius,
623,909.98,W/m^2,11:37:28,28/6/17,Day of week:,Wednesday,31.37,Grade Celsius,
613,902.68,W/m^2,11:37:31,28/6/17,Day of week:,Wednesday,31.56,Grade Celsius,
555,810.66,W/m^2,11:37:34,28/6/17,Day of week:,Wednesday,31.69,Grade Celsius,
451,660.21,W/m^2,11:37:37,28/6/17,Day of week:,Wednesday,31.75,Grade Celsius,
364,514.15,W/m^2,11:37:40,28/6/17,Day of week:,Wednesday,31.75,Grade Celsius,
300,429.43,W/m^2,11:37:43,28/6/17,Day of week:,Wednesday,31.62,Grade Celsius,
284,400.22,W/m^2,11:37:46,28/6/17,Day of week:,Wednesday,31.75,Grade Celsius,
273,420.66,W/m^2,11:37:49,28/6/17,Day of week:,Wednesday,31.75,Grade Celsius,
264,387.07,W/m^2,11:37:52,28/6/17,Day of week:,Wednesday,31.50,Grade Celsius,
263,385.61,W/m^2,11:37:55,28/6/17,Day of week:,Wednesday,31.25,Grade Celsius,
260,375.38,W/m^2,11:37:58,28/6/17,Day of week:,Wednesday,31.31,Grade Celsius,
258,373.92,W/m^2,11:38:01,28/6/17,Day of week:,Wednesday,31.25,Grade Celsius,
271,368.08,W/m^2,11:38:04,28/6/17,Day of week:,Wednesday,31.06,Grade Celsius,
250,372.46,W/m^2,11:38:07,28/6/17,Day of week:,Wednesday,30.81,Grade Celsius,
248,362.24,W/m^2,11:38:10,28/6/17,Day of week:,Wednesday,30.69,Grade Celsius,
256,379.77,W/m^2,11:38:14,28/6/17,Day of week:,Wednesday,30.50,Grade Celsius,
268,391.45,W/m^2,11:38:17,28/6/17,Day of week:,Wednesday,30.62,Grade Celsius,
268,400.22,W/m^2,11:38:20,28/6/17,Day of week:,Wednesday,30.75,Grade Celsius,
284,414.82,W/m^2,11:38:23,28/6/17,Day of week:,Wednesday,30.56,Grade Celsius,
280,411.90,W/m^2,11:38:26,28/6/17,Day of week:,Wednesday,30.44,Grade Celsius,
260,381.23,W/m^2,11:38:29,28/6/17,Day of week:,Wednesday,30.19,Grade Celsius,
252,368.08,W/m^2,11:38:32,28/6/17,Day of week:,Wednesday,30.00,Grade Celsius,
253,362.24,W/m^2,11:38:35,28/6/17,Day of week:,Wednesday,29.87,Grade Celsius,
261,366.62,W/m^2,11:38:38,28/6/17,Day of week:,Wednesday,29.87,Grade Celsius,
254,372.46,W/m^2,11:38:41,28/6/17,Day of week:,Wednesday,29.75,Grade Celsius,
266,391.45,W/m^2,11:38:44,28/6/17,Day of week:,Wednesday,29.62,Grade Celsius,
292,435.27,W/m^2,11:38:47,28/6/17,Day of week:,Wednesday,29.75,Grade Celsius,
305,451.34,W/m^2,11:38:50,28/6/17,Day of week:,Wednesday,29.87,Grade Celsius,
283,414.82,W/m^2,11:38:53,28/6/17,Day of week:,Wednesday,30.00,Grade Celsius,
254,373.92,W/m^2,11:38:57,28/6/17,Day of week:,Wednesday,30.12,Grade Celsius,
250,388.53,W/m^2,11:39:00,28/6/17,Day of week:,Wednesday,30.31,Grade Celsius,
237,344.71,W/m^2,11:39:03,28/6/17,Day of week:,Wednesday,30.31,Grade Celsius,
226,333.03,W/m^2,11:39:06,28/6/17,Day of week:,Wednesday,30.44,Grade Celsius,
222,327.18,W/m^2,11:39:09,28/6/17,Day of week:,Wednesday,30.31,Grade Celsius,
220,327.18,W/m^2,11:39:12,28/6/17,Day of week:,Wednesday,30.19,Grade Celsius,
221,321.34,W/m^2,11:39:15,28/6/17,Day of week:,Wednesday,30.25,Grade Celsius,
219,321.34,W/m^2,11:39:18,28/6/17,Day of week:,Wednesday,30.19,Grade Celsius,
225,334.49,W/m^2,11:39:21,28/6/17,Day of week:,Wednesday,30.31,Grade Celsius,
240,350.55,W/m^2,11:39:24,28/6/17,Day of week:,Wednesday,30.50,Grade Celsius,
249,365.16,W/m^2,11:39:27,28/6/17,Day of week:,Wednesday,30.62,Grade Celsius,
243,356.40,W/m^2,11:39:30,28/6/17,Day of week:,Wednesday,30.75,Grade Celsius,
224,330.10,W/m^2,11:39:33,28/6/17,Day of week:,Wednesday,30.69,Grade Celsius,
215,309.66,W/m^2,11:39:36,28/6/17,Day of week:,Wednesday,30.69,Grade Celsius,
197,311.12,W/m^2,11:39:39,28/6/17,Day of week:,Wednesday,30.62,Grade Celsius,
208,303.81,W/m^2,11:39:43,28/6/17,Day of week:,Wednesday,30.56,Grade Celsius,
205,303.81,W/m^2,11:39:46,28/6/17,Day of week:,Wednesday,30.69,Grade Celsius,
206,297.97,W/m^2,11:39:49,28/6/17,Day of week:,Wednesday,30.50,Grade Celsius,
201,297.97,W/m^2,11:39:52,28/6/17,Day of week:,Wednesday,30.44,Grade Celsius,
197,293.59,W/m^2,11:39:55,28/6/17,Day of week:,Wednesday,30.50,Grade Celsius,
199,303.81,W/m^2,11:39:58,28/6/17,Day of week:,Wednesday,30.62,Grade Celsius,
211,295.05,W/m^2,11:40:01,28/6/17,Day of week:,Wednesday,30.69,Grade Celsius,
200,292.13,W/m^2,11:40:04,28/6/17,Day of week:,Wednesday,30.62,Grade Celsius,
183,292.13,W/m^2,11:40:07,28/6/17,Day of week:,Wednesday,30.69,Grade Celsius,
195,286.29,W/m^2,11:40:10,28/6/17,Day of week:,Wednesday,30.69,Grade Celsius,
184,289.21,W/m^2,11:40:13,28/6/17,Day of week:,Wednesday,30.75,Grade Celsius,
195,292.13,W/m^2,11:40:16,28/6/17,Day of week:,Wednesday,30.81,Grade Celsius,
193,284.82,W/m^2,11:40:19,28/6/17,Day of week:,Wednesday,30.87,Grade Celsius,
192,283.36,W/m^2,11:40:22,28/6/17,Day of week:,Wednesday,30.87,Grade Celsius,
192,280.44,W/m^2,11:40:25,28/6/17,Day of week:,Wednesday,31.00,Grade Celsius,
194,286.29,W/m^2,11:40:29,28/6/17,Day of week:,Wednesday,31.00,Grade Celsius,
191,280.44,W/m^2,11:40:32,28/6/17,Day of week:,Wednesday,30.94,Grade Celsius,
190,280.44,W/m^2,11:40:35,28/6/17,Day of week:,Wednesday,30.81,Grade Celsius,
177,280.44,W/m^2,11:40:38,28/6/17,Day of week:,Wednesday,30.62,Grade Celsius,
188,280.44,W/m^2,11:40:41,28/6/17,Day of week:,Wednesday,30.50,Grade Celsius,
190,268.76,W/m^2,11:40:44,28/6/17,Day of week:,Wednesday,30.50,Grade Celsius,
189,274.60,W/m^2,11:40:47,28/6/17,Day of week:,Wednesday,30.37,Grade Celsius,
186,265.84,W/m^2,11:40:50,28/6/17,Day of week:,Wednesday,30.37,Grade Celsius,
191,280.44,W/m^2,11:40:53,28/6/17,Day of week:,Wednesday,30.50,Grade Celsius,
189,257.07,W/m^2,11:40:56,28/6/17,Day of week:,Wednesday,30.56,Grade Celsius,
194,270.22,W/m^2,11:40:59,28/6/17,Day of week:,Wednesday,30.50,Grade Celsius,
185,292.13,W/m^2,11:41:02,28/6/17,Day of week:,Wednesday,30.50,Grade Celsius,
172,280.44,W/m^2,11:41:05,28/6/17,Day of week:,Wednesday,30.50,Grade Celsius,
186,270.22,W/m^2,11:41:08,28/6/17,Day of week:,Wednesday,30.62,Grade Celsius,
185,283.36,W/m^2,11:41:11,28/6/17,Day of week:,Wednesday,30.62,Grade Celsius,
183,268.76,W/m^2,11:41:15,28/6/17,Day of week:,Wednesday,30.69,Grade Celsius,
183,257.07,W/m^2,11:41:18,28/6/17,Day of week:,Wednesday,30.62,Grade Celsius,
185,271.68,W/m^2,11:41:21,28/6/17,Day of week:,Wednesday,30.69,Grade Celsius,
180,259.99,W/m^2,11:41:24,28/6/17,Day of week:,Wednesday,30.75,Grade Celsius,
180,271.68,W/m^2,11:41:27,28/6/17,Day of week:,Wednesday,30.62,Grade Celsius,
182,270.22,W/m^2,11:41:30,28/6/17,Day of week:,Wednesday,30.69,Grade Celsius,
182,271.68,W/m^2,11:41:33,28/6/17,Day of week:,Wednesday,30.75,Grade Celsius,
187,274.60,W/m^2,11:41:36,28/6/17,Day of week:,Wednesday,30.81,Grade Celsius,
182,270.22,W/m^2,11:41:39,28/6/17,Day of week:,Wednesday,30.75,Grade Celsius,
182,262.92,W/m^2,11:41:42,28/6/17,Day of week:,Wednesday,30.62,Grade Celsius,
184,268.76,W/m^2,11:41:45,28/6/17,Day of week:,Wednesday,30.44,Grade Celsius,
183,268.76,W/m^2,11:41:48,28/6/17,Day of week:,Wednesday,30.31,Grade Celsius,
182,268.76,W/m^2,11:41:52,28/6/17,Day of week:,Wednesday,30.19,Grade Celsius,
166,270.22,W/m^2,11:41:55,28/6/17,Day of week:,Wednesday,30.31,Grade Celsius,
179,292.13,W/m^2,11:41:58,28/6/17,Day of week:,Wednesday,30.25,Grade Celsius,
184,268.76,W/m^2,11:42:01,28/6/17,Day of week:,Wednesday,30.19,Grade Celsius,
183,274.60,W/m^2,11:42:04,28/6/17,Day of week:,Wednesday,30.06,Grade Celsius,
181,270.22,W/m^2,11:42:07,28/6/17,Day of week:,Wednesday,30.12,Grade Celsius,
181,270.22,W/m^2,11:42:10,28/6/17,Day of week:,Wednesday,30.19,Grade Celsius,
184,271.68,W/m^2,11:42:13,28/6/17,Day of week:,Wednesday,30.19,Grade Celsius,
184,277.52,W/m^2,11:42:16,28/6/17,Day of week:,Wednesday,30.25,Grade Celsius,
183,268.76,W/m^2,11:42:19,28/6/17,Day of week:,Wednesday,30.31,Grade Celsius,
182,289.21,W/m^2,11:42:22,28/6/17,Day of week:,Wednesday,30.31,Grade Celsius,
192,268.76,W/m^2,11:42:25,28/6/17,Day of week:,Wednesday,30.31,Grade Celsius,
183,270.22,W/m^2,11:42:28,28/6/17,Day of week:,Wednesday,30.37,Grade Celsius,
181,268.76,W/m^2,11:42:31,28/6/17,Day of week:,Wednesday,30.44,Grade Celsius,
184,270.22,W/m^2,11:42:35,28/6/17,Day of week:,Wednesday,30.37,Grade Celsius,
184,271.68,W/m^2,11:42:38,28/6/17,Day of week:,Wednesday,30.37,Grade Celsius,
184,265.84,W/m^2,11:42:41,28/6/17,Day of week:,Wednesday,30.37,Grade Celsius,
182,254.15,W/m^2,11:42:44,28/6/17,Day of week:,Wednesday,30.19,Grade Celsius,
184,277.52,W/m^2,11:42:47,28/6/17,Day of week:,Wednesday,30.12,Grade Celsius,
172,283.36,W/m^2,11:42:50,28/6/17,Day of week:,Wednesday,30.19,Grade Celsius,
183,264.38,W/m^2,11:42:53,28/6/17,Day of week:,Wednesday,30.12,Grade Celsius,
183,265.84,W/m^2,11:42:56,28/6/17,Day of week:,Wednesday,30.12,Grade Celsius,
182,268.76,W/m^2,11:42:59,28/6/17,Day of week:,Wednesday,30.06,Grade Celsius,
181,270.22,W/m^2,11:43:02,28/6/17,Day of week:,Wednesday,30.00,Grade Celsius,
186,268.76,W/m^2,11:43:05,28/6/17,Day of week:,Wednesday,30.12,Grade Celsius,
181,268.76,W/m^2,11:43:08,28/6/17,Day of week:,Wednesday,30.25,Grade Celsius,
181,274.60,W/m^2,11:43:11,28/6/17,Day of week:,Wednesday,30.37,Grade Celsius,
183,265.84,W/m^2,11:43:14,28/6/17,Day of week:,Wednesday,30.31,Grade Celsius,
181,268.76,W/m^2,11:43:17,28/6/17,Day of week:,Wednesday,30.25,Grade Celsius,
183,268.76,W/m^2,11:43:21,28/6/17,Day of week:,Wednesday,30.31,Grade Celsius,
183,268.76,W/m^2,11:43:24,28/6/17,Day of week:,Wednesday,30.37,Grade Celsius,
182,265.84,W/m^2,11:43:27,28/6/17,Day of week:,Wednesday,30.37,Grade Celsius,
181,276.06,W/m^2,11:43:30,28/6/17,Day of week:,Wednesday,30.44,Grade Celsius,
182,268.76,W/m^2,11:43:33,28/6/17,Day of week:,Wednesday,30.37,Grade Celsius,
179,268.76,W/m^2,11:43:36,28/6/17,Day of week:,Wednesday,30.31,Grade Celsius,
180,268.76,W/m^2,11:43:39,28/6/17,Day of week:,Wednesday,30.37,Grade Celsius,
184,280.44,W/m^2,11:43:42,28/6/17,Day of week:,Wednesday,30.50,Grade Celsius,
180,264.38,W/m^2,11:43:45,28/6/17,Day of week:,Wednesday,30.56,Grade Celsius,
179,257.07,W/m^2,11:43:48,28/6/17,Day of week:,Wednesday,30.69,Grade Celsius,
179,267.30,W/m^2,11:43:51,28/6/17,Day of week:,Wednesday,30.50,Grade Celsius,
167,245.39,W/m^2,11:43:54,28/6/17,Day of week:,Wednesday,30.69,Grade Celsius,
180,268.76,W/m^2,11:43:57,28/6/17,Day of week:,Wednesday,30.75,Grade Celsius,
180,262.92,W/m^2,11:44:00,28/6/17,Day of week:,Wednesday,30.81,Grade Celsius,
178,268.76,W/m^2,11:44:03,28/6/17,Day of week:,Wednesday,30.94,Grade Celsius,
178,264.38,W/m^2,11:44:07,28/6/17,Day of week:,Wednesday,30.87,Grade Celsius,
180,245.39,W/m^2,11:44:10,28/6/17,Day of week:,Wednesday,31.00,Grade Celsius,
178,274.60,W/m^2,11:44:13,28/6/17,Day of week:,Wednesday,31.00,Grade Celsius,
184,264.38,W/m^2,11:44:16,28/6/17,Day of week:,Wednesday,31.00,Grade Celsius,
178,259.99,W/m^2,11:44:19,28/6/17,Day of week:,Wednesday,31.06,Grade Celsius,
177,258.53,W/m^2,11:44:22,28/6/17,Day of week:,Wednesday,30.81,Grade Celsius,
190,258.53,W/m^2,11:44:25,28/6/17,Day of week:,Wednesday,30.75,Grade Celsius,
178,268.76,W/m^2,11:44:28,28/6/17,Day of week:,Wednesday,30.87,Grade Celsius,
169,265.84,W/m^2,11:44:31,28/6/17,Day of week:,Wednesday,30.87,Grade Celsius,
178,262.92,W/m^2,11:44:34,28/6/17,Day of week:,Wednesday,30.69,Grade Celsius,
179,265.84,W/m^2,11:44:37,28/6/17,Day of week:,Wednesday,30.50,Grade Celsius,
180,276.06,W/m^2,11:44:40,28/6/17,Day of week:,Wednesday,30.31,Grade Celsius,
179,262.92,W/m^2,11:44:43,28/6/17,Day of week:,Wednesday,30.19,Grade Celsius,
177,262.92,W/m^2,11:44:46,28/6/17,Day of week:,Wednesday,30.25,Grade Celsius,
176,262.92,W/m^2,11:44:50,28/6/17,Day of week:,Wednesday,30.25,Grade Celsius,
178,262.92,W/m^2,11:44:53,28/6/17,Day of week:,Wednesday,30.31,Grade Celsius,
178,261.45,W/m^2,11:44:56,28/6/17,Day of week:,Wednesday,30.19,Grade Celsius,
177,264.38,W/m^2,11:44:59,28/6/17,Day of week:,Wednesday,30.31,Grade Celsius,
181,262.92,W/m^2,11:45:02,28/6/17,Day of week:,Wednesday,30.31,Grade Celsius,
181,281.90,W/m^2,11:45:05,28/6/17,Day of week:,Wednesday,30.25,Grade Celsius,
180,268.76,W/m^2,11:45:08,28/6/17,Day of week:,Wednesday,30.31,Grade Celsius,
181,268.76,W/m^2,11:45:11,28/6/17,Day of week:,Wednesday,30.31,Grade Celsius,
186,268.76,W/m^2,11:45:14,28/6/17,Day of week:,Wednesday,30.19,Grade Celsius,
182,268.76,W/m^2,11:45:17,28/6/17,Day of week:,Wednesday,30.12,Grade Celsius,
183,271.68,W/m^2,11:45:20,28/6/17,Day of week:,Wednesday,30.06,Grade Celsius,
185,271.68,W/m^2,11:45:23,28/6/17,Day of week:,Wednesday,30.00,Grade Celsius,
184,286.29,W/m^2,11:45:26,28/6/17,Day of week:,Wednesday,29.94,Grade Celsius,
180,268.76,W/m^2,11:45:29,28/6/17,Day of week:,Wednesday,29.94,Grade Celsius,
193,273.14,W/m^2,11:45:32,28/6/17,Day of week:,Wednesday,29.81,Grade Celsius,
187,274.60,W/m^2,11:45:36,28/6/17,Day of week:,Wednesday,29.94,Grade Celsius,
187,277.52,W/m^2,11:45:39,28/6/17,Day of week:,Wednesday,30.06,Grade Celsius,
190,284.82,W/m^2,11:45:42,28/6/17,Day of week:,Wednesday,30.12,Grade Celsius,
194,286.29,W/m^2,11:45:45,28/6/17,Day of week:,Wednesday,30.06,Grade Celsius,
192,283.36,W/m^2,11:45:48,28/6/17,Day of week:,Wednesday,30.12,Grade Celsius,
195,287.75,W/m^2,11:45:51,28/6/17,Day of week:,Wednesday,30.12,Grade Celsius,
200,293.59,W/m^2,11:45:54,28/6/17,Day of week:,Wednesday,30.25,Grade Celsius,
202,303.81,W/m^2,11:45:57,28/6/17,Day of week:,Wednesday,30.31,Grade Celsius,
206,303.81,W/m^2,11:46:00,28/6/17,Day of week:,Wednesday,30.44,Grade Celsius,
202,292.13,W/m^2,11:46:03,28/6/17,Day of week:,Wednesday,30.50,Grade Celsius,
198,287.75,W/m^2,11:46:06,28/6/17,Day of week:,Wednesday,30.62,Grade Celsius,
199,308.20,W/m^2,11:46:09,28/6/17,Day of week:,Wednesday,30.62,Grade Celsius,
199,293.59,W/m^2,11:46:12,28/6/17,Day of week:,Wednesday,30.56,Grade Celsius,
196,318.42,W/m^2,11:46:15,28/6/17,Day of week:,Wednesday,30.69,Grade Celsius,
207,303.81,W/m^2,11:46:18,28/6/17,Day of week:,Wednesday,30.75,Grade Celsius,
207,312.58,W/m^2,11:46:22,28/6/17,Day of week:,Wednesday,30.87,Grade Celsius,
208,305.27,W/m^2,11:46:25,28/6/17,Day of week:,Wednesday,30.81,Grade Celsius,
208,318.42,W/m^2,11:46:28,28/6/17,Day of week:,Wednesday,30.75,Grade Celsius,
204,309.66,W/m^2,11:46:31,28/6/17,Day of week:,Wednesday,30.75,Grade Celsius,
212,309.66,W/m^2,11:46:34,28/6/17,Day of week:,Wednesday,30.81,Grade Celsius,
215,321.34,W/m^2,11:46:37,28/6/17,Day of week:,Wednesday,30.94,Grade Celsius,
220,321.34,W/m^2,11:46:40,28/6/17,Day of week:,Wednesday,30.94,Grade Celsius,
214,327.18,W/m^2,11:46:43,28/6/17,Day of week:,Wednesday,30.94,Grade Celsius,
230,338.87,W/m^2,11:46:46,28/6/17,Day of week:,Wednesday,30.81,Grade Celsius,
232,341.79,W/m^2,11:46:49,28/6/17,Day of week:,Wednesday,30.75,Grade Celsius,
238,338.87,W/m^2,11:46:52,28/6/17,Day of week:,Wednesday,30.62,Grade Celsius,
245,369.54,W/m^2,11:46:55,28/6/17,Day of week:,Wednesday,30.50,Grade Celsius,
257,378.31,W/m^2,11:46:58,28/6/17,Day of week:,Wednesday,30.50,Grade Celsius,
262,392.91,W/m^2,11:47:02,28/6/17,Day of week:,Wednesday,30.50,Grade Celsius,
263,385.61,W/m^2,11:47:05,28/6/17,Day of week:,Wednesday,30.50,Grade Celsius,
264,388.53,W/m^2,11:47:08,28/6/17,Day of week:,Wednesday,30.44,Grade Celsius,
263,387.07,W/m^2,11:47:11,28/6/17,Day of week:,Wednesday,30.50,Grade Celsius,
294,416.28,W/m^2,11:47:14,28/6/17,Day of week:,Wednesday,30.50,Grade Celsius,
308,452.80,W/m^2,11:47:17,28/6/17,Day of week:,Wednesday,30.50,Grade Celsius,
329,480.55,W/m^2,11:47:20,28/6/17,Day of week:,Wednesday,30.62,Grade Celsius,
346,486.39,W/m^2,11:47:23,28/6/17,Day of week:,Wednesday,30.62,Grade Celsius,
357,525.83,W/m^2,11:47:26,28/6/17,Day of week:,Wednesday,30.50,Grade Celsius,
394,578.41,W/m^2,11:47:29,28/6/17,Day of week:,Wednesday,30.44,Grade Celsius,
417,619.31,W/m^2,11:47:32,28/6/17,Day of week:,Wednesday,30.56,Grade Celsius,
400,598.86,W/m^2,11:47:35,28/6/17,Day of week:,Wednesday,30.69,Grade Celsius,
384,552.12,W/m^2,11:47:38,28/6/17,Day of week:,Wednesday,30.81,Grade Celsius,
352,531.67,W/m^2,11:47:41,28/6/17,Day of week:,Wednesday,30.87,Grade Celsius,
366,537.52,W/m^2,11:47:44,28/6/17,Day of week:,Wednesday,31.00,Grade Celsius,
416,619.31,W/m^2,11:47:48,28/6/17,Day of week:,Wednesday,31.12,Grade Celsius,
417,610.55,W/m^2,11:47:51,28/6/17,Day of week:,Wednesday,31.19,Grade Celsius,
374,566.73,W/m^2,11:47:54,28/6/17,Day of week:,Wednesday,31.25,Grade Celsius,
405,591.56,W/m^2,11:47:57,28/6/17,Day of week:,Wednesday,31.31,Grade Celsius,
470,686.50,W/m^2,11:48:00,28/6/17,Day of week:,Wednesday,31.31,Grade Celsius,
440,645.60,W/m^2,11:48:03,28/6/17,Day of week:,Wednesday,31.31,Grade Celsius,
355,540.44,W/m^2,11:48:06,28/6/17,Day of week:,Wednesday,31.37,Grade Celsius,
343,503.92,W/m^2,11:48:09,28/6/17,Day of week:,Wednesday,31.50,Grade Celsius,
399,578.41,W/m^2,11:48:12,28/6/17,Day of week:,Wednesday,31.56,Grade Celsius,
468,687.96,W/m^2,11:48:15,28/6/17,Day of week:,Wednesday,31.75,Grade Celsius,
429,622.23,W/m^2,11:48:18,28/6/17,Day of week:,Wednesday,31.81,Grade Celsius,
357,522.91,W/m^2,11:48:21,28/6/17,Day of week:,Wednesday,31.94,Grade Celsius,
324,474.71,W/m^2,11:48:24,28/6/17,Day of week:,Wednesday,32.00,Grade Celsius,
357,503.92,W/m^2,11:48:27,28/6/17,Day of week:,Wednesday,32.13,Grade Celsius,
382,566.73,W/m^2,11:48:30,28/6/17,Day of week:,Wednesday,31.94,Grade Celsius,
388,569.65,W/m^2,11:48:34,28/6/17,Day of week:,Wednesday,32.06,Grade Celsius,
379,537.52,W/m^2,11:48:37,28/6/17,Day of week:,Wednesday,32.06,Grade Celsius,
440,648.52,W/m^2,11:48:40,28/6/17,Day of week:,Wednesday,32.06,Grade Celsius,
549,810.66,W/m^2,11:48:43,28/6/17,Day of week:,Wednesday,32.06,Grade Celsius,
630,901.21,W/m^2,11:48:46,28/6/17,Day of week:,Wednesday,32.13,Grade Celsius,
650,953.80,W/m^2,11:48:49,28/6/17,Day of week:,Wednesday,32.25,Grade Celsius,
653,952.34,W/m^2,11:48:52,28/6/17,Day of week:,Wednesday,32.31,Grade Celsius,
608,890.99,W/m^2,11:48:55,28/6/17,Day of week:,Wednesday,32.44,Grade Celsius,
546,781.44,W/m^2,11:48:58,28/6/17,Day of week:,Wednesday,32.50,Grade Celsius,
570,836.95,W/m^2,11:49:01,28/6/17,Day of week:,Wednesday,32.63,Grade Celsius,
620,905.60,W/m^2,11:49:04,28/6/17,Day of week:,Wednesday,32.69,Grade Celsius,
624,899.75,W/m^2,11:49:07,28/6/17,Day of week:,Wednesday,32.75,Grade Celsius,
592,869.08,W/m^2,11:49:10,28/6/17,Day of week:,Wednesday,32.81,Grade Celsius,
600,867.62,W/m^2,11:49:13,28/6/17,Day of week:,Wednesday,32.88,Grade Celsius,
614,901.21,W/m^2,11:49:16,28/6/17,Day of week:,Wednesday,33.00,Grade Celsius,
633,927.51,W/m^2,11:49:20,28/6/17,Day of week:,Wednesday,33.13,Grade Celsius,
631,947.96,W/m^2,11:49:23,28/6/17,Day of week:,Wednesday,33.00,Grade Celsius,
636,933.35,W/m^2,11:49:26,28/6/17,Day of week:,Wednesday,33.00,Grade Celsius,
649,959.64,W/m^2,11:49:29,28/6/17,Day of week:,Wednesday,33.06,Grade Celsius,
648,953.80,W/m^2,11:49:32,28/6/17,Day of week:,Wednesday,33.00,Grade Celsius,
665,959.64,W/m^2,11:49:35,28/6/17,Day of week:,Wednesday,32.94,Grade Celsius,
650,956.72,W/m^2,11:49:38,28/6/17,Day of week:,Wednesday,32.94,Grade Celsius,
637,953.80,W/m^2,11:49:41,28/6/17,Day of week:,Wednesday,33.00,Grade Celsius,
653,958.18,W/m^2,11:49:44,28/6/17,Day of week:,Wednesday,33.25,Grade Celsius,
659,955.26,W/m^2,11:49:47,28/6/17,Day of week:,Wednesday,33.19,Grade Celsius,
640,942.11,W/m^2,11:49:50,28/6/17,Day of week:,Wednesday,33.19,Grade Celsius,
639,931.89,W/m^2,11:49:53,28/6/17,Day of week:,Wednesday,33.19,Grade Celsius,
607,905.60,W/m^2,11:49:56,28/6/17,Day of week:,Wednesday,33.25,Grade Celsius,
589,866.16,W/m^2,11:49:59,28/6/17,Day of week:,Wednesday,33.31,Grade Celsius,
578,844.25,W/m^2,11:50:03,28/6/17,Day of week:,Wednesday,33.25,Grade Celsius,
556,847.17,W/m^2,11:50:06,28/6/17,Day of week:,Wednesday,33.25,Grade Celsius,
564,825.26,W/m^2,11:50:09,28/6/17,Day of week:,Wednesday,33.19,Grade Celsius,
551,809.19,W/m^2,11:50:12,28/6/17,Day of week:,Wednesday,33.13,Grade Celsius,
547,797.51,W/m^2,11:50:15,28/6/17,Day of week:,Wednesday,33.19,Grade Celsius,
563,825.26,W/m^2,11:50:18,28/6/17,Day of week:,Wednesday,33.25,Grade Celsius,
605,902.68,W/m^2,11:50:21,28/6/17,Day of week:,Wednesday,33.31,Grade Celsius,
598,874.92,W/m^2,11:50:24,28/6/17,Day of week:,Wednesday,33.31,Grade Celsius,
568,834.03,W/m^2,11:50:27,28/6/17,Day of week:,Wednesday,33.31,Grade Celsius,
575,823.80,W/m^2,11:50:30,28/6/17,Day of week:,Wednesday,33.13,Grade Celsius,
554,804.81,W/m^2,11:50:33,28/6/17,Day of week:,Wednesday,33.00,Grade Celsius,
507,760.99,W/m^2,11:50:36,28/6/17,Day of week:,Wednesday,33.13,Grade Celsius,
506,759.53,W/m^2,11:50:39,28/6/17,Day of week:,Wednesday,33.19,Grade Celsius,
556,831.10,W/m^2,11:50:42,28/6/17,Day of week:,Wednesday,33.31,Grade Celsius,
620,907.06,W/m^2,11:50:45,28/6/17,Day of week:,Wednesday,33.25,Grade Celsius,
604,889.53,W/m^2,11:50:49,28/6/17,Day of week:,Wednesday,33.13,Grade Celsius,
535,782.90,W/m^2,11:50:52,28/6/17,Day of week:,Wednesday,33.06,Grade Celsius,
437,641.22,W/m^2,11:50:55,28/6/17,Day of week:,Wednesday,32.94,Grade Celsius,
435,641.22,W/m^2,11:50:58,28/6/17,Day of week:,Wednesday,32.81,Grade Celsius,
525,775.60,W/m^2,11:51:01,28/6/17,Day of week:,Wednesday,32.75,Grade Celsius,
580,847.17,W/m^2,11:51:04,28/6/17,Day of week:,Wednesday,32.50,Grade Celsius,
599,869.08,W/m^2,11:51:07,28/6/17,Day of week:,Wednesday,32.75,Grade Celsius,
628,909.98,W/m^2,11:51:10,28/6/17,Day of week:,Wednesday,32.75,Grade Celsius,
627,921.66,W/m^2,11:51:13,28/6/17,Day of week:,Wednesday,32.94,Grade Celsius,
626,924.59,W/m^2,11:51:16,28/6/17,Day of week:,Wednesday,33.06,Grade Celsius,
628,914.36,W/m^2,11:51:19,28/6/17,Day of week:,Wednesday,33.25,Grade Celsius,
622,909.98,W/m^2,11:51:22,28/6/17,Day of week:,Wednesday,33.44,Grade Celsius,
629,895.37,W/m^2,11:51:25,28/6/17,Day of week:,Wednesday,33.63,Grade Celsius,
628,917.28,W/m^2,11:51:28,28/6/17,Day of week:,Wednesday,33.75,Grade Celsius,
624,918.74,W/m^2,11:51:31,28/6/17,Day of week:,Wednesday,33.94,Grade Celsius,
624,917.28,W/m^2,11:51:35,28/6/17,Day of week:,Wednesday,33.88,Grade Celsius,
624,914.36,W/m^2,11:51:38,28/6/17,Day of week:,Wednesday,34.00,Grade Celsius,
621,914.36,W/m^2,11:51:41,28/6/17,Day of week:,Wednesday,34.13,Grade Celsius,
620,912.90,W/m^2,11:51:44,28/6/17,Day of week:,Wednesday,34.00,Grade Celsius,
623,912.90,W/m^2,11:51:47,28/6/17,Day of week:,Wednesday,34.19,Grade Celsius,
622,888.07,W/m^2,11:51:50,28/6/17,Day of week:,Wednesday,34.25,Grade Celsius,
616,905.60,W/m^2,11:51:53,28/6/17,Day of week:,Wednesday,34.19,Grade Celsius,
611,907.06,W/m^2,11:51:56,28/6/17,Day of week:,Wednesday,33.75,Grade Celsius,
624,914.36,W/m^2,11:51:59,28/6/17,Day of week:,Wednesday,33.56,Grade Celsius,
621,909.98,W/m^2,11:52:02,28/6/17,Day of week:,Wednesday,33.75,Grade Celsius,
613,909.98,W/m^2,11:52:05,28/6/17,Day of week:,Wednesday,33.88,Grade Celsius,
619,909.98,W/m^2,11:52:08,28/6/17,Day of week:,Wednesday,34.06,Grade Celsius,
619,909.98,W/m^2,11:52:12,28/6/17,Day of week:,Wednesday,34.25,Grade Celsius,
622,899.75,W/m^2,11:52:15,28/6/17,Day of week:,Wednesday,34.13,Grade Celsius,
614,909.98,W/m^2,11:52:18,28/6/17,Day of week:,Wednesday,33.81,Grade Celsius,
621,909.98,W/m^2,11:52:21,28/6/17,Day of week:,Wednesday,33.75,Grade Celsius,
619,904.14,W/m^2,11:52:24,28/6/17,Day of week:,Wednesday,33.63,Grade Celsius,
619,923.12,W/m^2,11:52:27,28/6/17,Day of week:,Wednesday,33.44,Grade Celsius,
619,907.06,W/m^2,11:52:30,28/6/17,Day of week:,Wednesday,33.31,Grade Celsius,
622,911.44,W/m^2,11:52:33,28/6/17,Day of week:,Wednesday,33.31,Grade Celsius,
615,901.21,W/m^2,11:52:36,28/6/17,Day of week:,Wednesday,33.25,Grade Celsius,
618,902.68,W/m^2,11:52:39,28/6/17,Day of week:,Wednesday,33.00,Grade Celsius,
621,928.97,W/m^2,11:52:42,28/6/17,Day of week:,Wednesday,33.31,Grade Celsius,
622,921.66,W/m^2,11:52:45,28/6/17,Day of week:,Wednesday,33.50,Grade Celsius,
612,908.52,W/m^2,11:52:48,28/6/17,Day of week:,Wednesday,33.75,Grade Celsius,
617,904.14,W/m^2,11:52:51,28/6/17,Day of week:,Wednesday,34.00,Grade Celsius,
625,905.60,W/m^2,11:52:55,28/6/17,Day of week:,Wednesday,34.13,Grade Celsius,
620,898.29,W/m^2,11:52:58,28/6/17,Day of week:,Wednesday,34.38,Grade Celsius,
628,908.52,W/m^2,11:53:01,28/6/17,Day of week:,Wednesday,34.44,Grade Celsius,
617,907.06,W/m^2,11:53:04,28/6/17,Day of week:,Wednesday,34.31,Grade Celsius,
618,904.14,W/m^2,11:53:07,28/6/17,Day of week:,Wednesday,34.31,Grade Celsius,
620,909.98,W/m^2,11:53:10,28/6/17,Day of week:,Wednesday,34.38,Grade Celsius,
607,909.98,W/m^2,11:53:13,28/6/17,Day of week:,Wednesday,34.56,Grade Celsius,
619,907.06,W/m^2,11:53:16,28/6/17,Day of week:,Wednesday,34.75,Grade Celsius,
619,907.06,W/m^2,11:53:19,28/6/17,Day of week:,Wednesday,34.50,Grade Celsius,
624,911.44,W/m^2,11:53:22,28/6/17,Day of week:,Wednesday,34.44,Grade Celsius,
616,908.52,W/m^2,11:53:25,28/6/17,Day of week:,Wednesday,34.44,Grade Celsius,
618,907.06,W/m^2,11:53:28,28/6/17,Day of week:,Wednesday,34.69,Grade Celsius,
617,908.52,W/m^2,11:53:31,28/6/17,Day of week:,Wednesday,34.63,Grade Celsius,
619,909.98,W/m^2,11:53:34,28/6/17,Day of week:,Wednesday,34.75,Grade Celsius,
618,908.52,W/m^2,11:53:37,28/6/17,Day of week:,Wednesday,34.69,Grade Celsius,
619,915.82,W/m^2,11:53:41,28/6/17,Day of week:,Wednesday,34.63,Grade Celsius,
617,904.14,W/m^2,11:53:44,28/6/17,Day of week:,Wednesday,34.63,Grade Celsius,
623,918.74,W/m^2,11:53:47,28/6/17,Day of week:,Wednesday,34.88,Grade Celsius,
620,909.98,W/m^2,11:53:50,28/6/17,Day of week:,Wednesday,35.06,Grade Celsius,
626,902.68,W/m^2,11:53:53,28/6/17,Day of week:,Wednesday,35.25,Grade Celsius,
619,907.06,W/m^2,11:53:56,28/6/17,Day of week:,Wednesday,35.25,Grade Celsius,
611,904.14,W/m^2,11:53:59,28/6/17,Day of week:,Wednesday,35.50,Grade Celsius,
620,914.36,W/m^2,11:54:02,28/6/17,Day of week:,Wednesday,35.69,Grade Celsius,
617,907.06,W/m^2,11:54:05,28/6/17,Day of week:,Wednesday,35.69,Grade Celsius,
627,909.98,W/m^2,11:54:08,28/6/17,Day of week:,Wednesday,35.69,Grade Celsius,
617,908.52,W/m^2,11:54:11,28/6/17,Day of week:,Wednesday,35.75,Grade Celsius,
628,905.60,W/m^2,11:54:14,28/6/17,Day of week:,Wednesday,35.88,Grade Celsius,
616,902.68,W/m^2,11:54:17,28/6/17,Day of week:,Wednesday,35.81,Grade Celsius,
622,915.82,W/m^2,11:54:20,28/6/17,Day of week:,Wednesday,35.88,Grade Celsius,
618,902.68,W/m^2,11:54:23,28/6/17,Day of week:,Wednesday,36.00,Grade Celsius,
615,905.60,W/m^2,11:54:27,28/6/17,Day of week:,Wednesday,36.25,Grade Celsius,
618,901.21,W/m^2,11:54:30,28/6/17,Day of week:,Wednesday,36.50,Grade Celsius,
617,905.60,W/m^2,11:54:33,28/6/17,Day of week:,Wednesday,36.63,Grade Celsius,
628,905.60,W/m^2,11:54:36,28/6/17,Day of week:,Wednesday,36.44,Grade Celsius,
615,904.14,W/m^2,11:54:39,28/6/17,Day of week:,Wednesday,36.38,Grade Celsius,
617,904.14,W/m^2,11:54:42,28/6/17,Day of week:,Wednesday,36.50,Grade Celsius,
618,905.60,W/m^2,11:54:45,28/6/17,Day of week:,Wednesday,36.69,Grade Celsius,
618,901.21,W/m^2,11:54:48,28/6/17,Day of week:,Wednesday,36.75,Grade Celsius,
614,898.29,W/m^2,11:54:51,28/6/17,Day of week:,Wednesday,37.00,Grade Celsius,
615,917.28,W/m^2,11:54:54,28/6/17,Day of week:,Wednesday,37.19,Grade Celsius,
616,907.06,W/m^2,11:54:57,28/6/17,Day of week:,Wednesday,37.13,Grade Celsius,
616,902.68,W/m^2,11:55:00,28/6/17,Day of week:,Wednesday,36.94,Grade Celsius,
615,882.23,W/m^2,11:55:03,28/6/17,Day of week:,Wednesday,36.31,Grade Celsius,
612,899.75,W/m^2,11:55:06,28/6/17,Day of week:,Wednesday,36.19,Grade Celsius,
616,902.68,W/m^2,11:55:09,28/6/17,Day of week:,Wednesday,36.00,Grade Celsius,
615,890.99,W/m^2,11:55:13,28/6/17,Day of week:,Wednesday,35.75,Grade Celsius,
613,898.29,W/m^2,11:55:16,28/6/17,Day of week:,Wednesday,35.44,Grade Celsius,
612,899.75,W/m^2,11:55:19,28/6/17,Day of week:,Wednesday,35.19,Grade Celsius,
614,909.98,W/m^2,11:55:22,28/6/17,Day of week:,Wednesday,34.88,Grade Celsius,
613,892.45,W/m^2,11:55:25,28/6/17,Day of week:,Wednesday,34.69,Grade Celsius,
615,901.21,W/m^2,11:55:28,28/6/17,Day of week:,Wednesday,34.31,Grade Celsius,
605,902.68,W/m^2,11:55:31,28/6/17,Day of week:,Wednesday,34.06,Grade Celsius,
619,901.21,W/m^2,11:55:34,28/6/17,Day of week:,Wednesday,34.00,Grade Celsius,
615,901.21,W/m^2,11:55:37,28/6/17,Day of week:,Wednesday,34.06,Grade Celsius,
614,905.60,W/m^2,11:55:40,28/6/17,Day of week:,Wednesday,34.19,Grade Celsius,
617,904.14,W/m^2,11:55:43,28/6/17,Day of week:,Wednesday,34.25,Grade Celsius,
617,905.60,W/m^2,11:55:46,28/6/17,Day of week:,Wednesday,34.00,Grade Celsius,
617,905.60,W/m^2,11:55:49,28/6/17,Day of week:,Wednesday,34.25,Grade Celsius,
604,904.14,W/m^2,11:55:52,28/6/17,Day of week:,Wednesday,34.25,Grade Celsius,
616,912.90,W/m^2,11:55:56,28/6/17,Day of week:,Wednesday,34.56,Grade Celsius,
618,904.14,W/m^2,11:55:59,28/6/17,Day of week:,Wednesday,34.56,Grade Celsius,
623,905.60,W/m^2,11:56:02,28/6/17,Day of week:,Wednesday,34.81,Grade Celsius,
616,905.60,W/m^2,11:56:05,28/6/17,Day of week:,Wednesday,35.00,Grade Celsius,
615,914.36,W/m^2,11:56:08,28/6/17,Day of week:,Wednesday,35.19,Grade Celsius,
616,904.14,W/m^2,11:56:11,28/6/17,Day of week:,Wednesday,35.44,Grade Celsius,
615,904.14,W/m^2,11:56:14,28/6/17,Day of week:,Wednesday,35.31,Grade Celsius,
616,904.14,W/m^2,11:56:17,28/6/17,Day of week:,Wednesday,35.13,Grade Celsius,
614,902.68,W/m^2,11:56:20,28/6/17,Day of week:,Wednesday,34.94,Grade Celsius,
613,892.45,W/m^2,11:56:23,28/6/17,Day of week:,Wednesday,34.81,Grade Celsius,
613,898.29,W/m^2,11:56:26,28/6/17,Day of week:,Wednesday,34.69,Grade Celsius,
611,896.83,W/m^2,11:56:29,28/6/17,Day of week:,Wednesday,34.75,Grade Celsius,
611,892.45,W/m^2,11:56:32,28/6/17,Day of week:,Wednesday,34.88,Grade Celsius,
610,895.37,W/m^2,11:56:35,28/6/17,Day of week:,Wednesday,35.06,Grade Celsius,
614,899.75,W/m^2,11:56:38,28/6/17,Day of week:,Wednesday,35.31,Grade Celsius,
609,890.99,W/m^2,11:56:42,28/6/17,Day of week:,Wednesday,35.19,Grade Celsius,
606,895.37,W/m^2,11:56:45,28/6/17,Day of week:,Wednesday,35.25,Grade Celsius,
613,883.69,W/m^2,11:56:48,28/6/17,Day of week:,Wednesday,35.31,Grade Celsius,
611,879.31,W/m^2,11:56:51,28/6/17,Day of week:,Wednesday,35.50,Grade Celsius,
589,872.00,W/m^2,11:56:54,28/6/17,Day of week:,Wednesday,35.63,Grade Celsius,
571,844.25,W/m^2,11:56:57,28/6/17,Day of week:,Wednesday,35.75,Grade Celsius,
549,803.35,W/m^2,11:57:00,28/6/17,Day of week:,Wednesday,35.63,Grade Celsius,
555,813.58,W/m^2,11:57:03,28/6/17,Day of week:,Wednesday,35.50,Grade Celsius,
581,841.33,W/m^2,11:57:06,28/6/17,Day of week:,Wednesday,35.31,Grade Celsius,
572,847.17,W/m^2,11:57:09,28/6/17,Day of week:,Wednesday,35.44,Grade Celsius,
567,831.10,W/m^2,11:57:12,28/6/17,Day of week:,Wednesday,35.38,Grade Celsius,
526,775.60,W/m^2,11:57:15,28/6/17,Day of week:,Wednesday,35.31,Grade Celsius,
531,779.98,W/m^2,11:57:18,28/6/17,Day of week:,Wednesday,35.31,Grade Celsius,
576,839.87,W/m^2,11:57:21,28/6/17,Day of week:,Wednesday,35.25,Grade Celsius,
594,842.79,W/m^2,11:57:24,28/6/17,Day of week:,Wednesday,35.25,Grade Celsius,
592,879.31,W/m^2,11:57:28,28/6/17,Day of week:,Wednesday,35.25,Grade Celsius,
590,864.70,W/m^2,11:57:31,28/6/17,Day of week:,Wednesday,35.19,Grade Celsius,
613,892.45,W/m^2,11:57:34,28/6/17,Day of week:,Wednesday,35.00,Grade Celsius,
628,918.74,W/m^2,11:57:37,28/6/17,Day of week:,Wednesday,35.13,Grade Celsius,
631,926.05,W/m^2,11:57:40,28/6/17,Day of week:,Wednesday,35.25,Grade Celsius,
630,923.12,W/m^2,11:57:43,28/6/17,Day of week:,Wednesday,35.25,Grade Celsius,
625,915.82,W/m^2,11:57:46,28/6/17,Day of week:,Wednesday,35.25,Grade Celsius,
627,918.74,W/m^2,11:57:49,28/6/17,Day of week:,Wednesday,35.31,Grade Celsius,
629,924.59,W/m^2,11:57:52,28/6/17,Day of week:,Wednesday,35.44,Grade Celsius,
630,921.66,W/m^2,11:57:55,28/6/17,Day of week:,Wednesday,35.69,Grade Celsius,
632,921.66,W/m^2,11:57:58,28/6/17,Day of week:,Wednesday,35.75,Grade Celsius,
631,926.05,W/m^2,11:58:01,28/6/17,Day of week:,Wednesday,35.81,Grade Celsius,
645,927.51,W/m^2,11:58:04,28/6/17,Day of week:,Wednesday,36.00,Grade Celsius,
630,908.52,W/m^2,11:58:08,28/6/17,Day of week:,Wednesday,36.06,Grade Celsius,
637,912.90,W/m^2,11:58:11,28/6/17,Day of week:,Wednesday,36.13,Grade Celsius,
637,933.35,W/m^2,11:58:14,28/6/17,Day of week:,Wednesday,36.19,Grade Celsius,
631,930.43,W/m^2,11:58:17,28/6/17,Day of week:,Wednesday,36.25,Grade Celsius,
635,918.74,W/m^2,11:58:20,28/6/17,Day of week:,Wednesday,36.31,Grade Celsius,
599,880.77,W/m^2,11:58:23,28/6/17,Day of week:,Wednesday,36.44,Grade Celsius,
574,844.25,W/m^2,11:58:26,28/6/17,Day of week:,Wednesday,36.38,Grade Celsius,
548,820.88,W/m^2,11:58:29,28/6/17,Day of week:,Wednesday,36.56,Grade Celsius,
519,759.53,W/m^2,11:58:32,28/6/17,Day of week:,Wednesday,36.44,Grade Celsius,
489,711.33,W/m^2,11:58:35,28/6/17,Day of week:,Wednesday,36.69,Grade Celsius,
481,698.19,W/m^2,11:58:38,28/6/17,Day of week:,Wednesday,36.75,Grade Celsius,
558,810.66,W/m^2,11:58:41,28/6/17,Day of week:,Wednesday,36.75,Grade Celsius,
628,917.28,W/m^2,11:58:44,28/6/17,Day of week:,Wednesday,36.44,Grade Celsius,
560,823.80,W/m^2,11:58:47,28/6/17,Day of week:,Wednesday,36.06,Grade Celsius,
392,575.49,W/m^2,11:58:50,28/6/17,Day of week:,Wednesday,35.75,Grade Celsius,
409,600.32,W/m^2,11:58:54,28/6/17,Day of week:,Wednesday,35.25,Grade Celsius,
345,508.30,W/m^2,11:58:57,28/6/17,Day of week:,Wednesday,34.75,Grade Celsius,
299,411.90,W/m^2,11:59:00,28/6/17,Day of week:,Wednesday,34.50,Grade Celsius,
245,356.40,W/m^2,11:59:03,28/6/17,Day of week:,Wednesday,34.50,Grade Celsius,
236,341.79,W/m^2,11:59:06,28/6/17,Day of week:,Wednesday,34.25,Grade Celsius,
208,306.73,W/m^2,11:59:09,28/6/17,Day of week:,Wednesday,33.88,Grade Celsius,
191,287.75,W/m^2,11:59:12,28/6/17,Day of week:,Wednesday,33.94,Grade Celsius,
187,276.06,W/m^2,11:59:15,28/6/17,Day of week:,Wednesday,34.06,Grade Celsius,
184,286.29,W/m^2,11:59:18,28/6/17,Day of week:,Wednesday,34.13,Grade Celsius,
180,265.84,W/m^2,11:59:21,28/6/17,Day of week:,Wednesday,33.69,Grade Celsius,
180,267.30,W/m^2,11:59:24,28/6/17,Day of week:,Wednesday,33.00,Grade Celsius,
189,254.15,W/m^2,11:59:27,28/6/17,Day of week:,Wednesday,32.56,Grade Celsius,
175,257.07,W/m^2,11:59:30,28/6/17,Day of week:,Wednesday,32.31,Grade Celsius,
167,246.85,W/m^2,11:59:33,28/6/17,Day of week:,Wednesday,32.38,Grade Celsius,
168,251.23,W/m^2,11:59:36,28/6/17,Day of week:,Wednesday,32.50,Grade Celsius,
170,251.23,W/m^2,11:59:40,28/6/17,Day of week:,Wednesday,32.63,Grade Celsius,
167,233.70,W/m^2,11:59:43,28/6/17,Day of week:,Wednesday,32.75,Grade Celsius,
162,241.01,W/m^2,11:59:46,28/6/17,Day of week:,Wednesday,32.63,Grade Celsius,
162,239.54,W/m^2,11:59:49,28/6/17,Day of week:,Wednesday,32.50,Grade Celsius,
161,239.54,W/m^2,11:59:52,28/6/17,Day of week:,Wednesday,32.38,Grade Celsius,
163,239.54,W/m^2,11:59:55,28/6/17,Day of week:,Wednesday,32.06,Grade Celsius,
161,217.64,W/m^2,11:59:58,28/6/17,Day of week:,Wednesday,31.87,Grade Celsius,
160,236.62,W/m^2,12:00:01,28/6/17,Day of week:,Wednesday,31.75,Grade Celsius,
160,239.54,W/m^2,12:00:04,28/6/17,Day of week:,Wednesday,31.62,Grade Celsius,
161,227.86,W/m^2,12:00:07,28/6/17,Day of week:,Wednesday,31.50,Grade Celsius,
161,257.07,W/m^2,12:00:10,28/6/17,Day of week:,Wednesday,31.50,Grade Celsius,
160,233.70,W/m^2,12:00:13,28/6/17,Day of week:,Wednesday,31.62,Grade Celsius,
154,241.01,W/m^2,12:00:16,28/6/17,Day of week:,Wednesday,31.87,Grade Celsius,
161,238.08,W/m^2,12:00:19,28/6/17,Day of week:,Wednesday,32.00,Grade Celsius,
161,235.16,W/m^2,12:00:22,28/6/17,Day of week:,Wednesday,32.13,Grade Celsius,
145,227.86,W/m^2,12:00:26,28/6/17,Day of week:,Wednesday,32.13,Grade Celsius,
158,236.62,W/m^2,12:00:29,28/6/17,Day of week:,Wednesday,32.13,Grade Celsius,
160,233.70,W/m^2,12:00:32,28/6/17,Day of week:,Wednesday,31.87,Grade Celsius,
159,242.47,W/m^2,12:00:35,28/6/17,Day of week:,Wednesday,31.62,Grade Celsius,
161,235.16,W/m^2,12:00:38,28/6/17,Day of week:,Wednesday,31.56,Grade Celsius,
160,233.70,W/m^2,12:00:41,28/6/17,Day of week:,Wednesday,31.50,Grade Celsius,
145,233.70,W/m^2,12:00:44,28/6/17,Day of week:,Wednesday,31.44,Grade Celsius,
159,254.15,W/m^2,12:00:47,28/6/17,Day of week:,Wednesday,31.56,Grade Celsius,
159,233.70,W/m^2,12:00:50,28/6/17,Day of week:,Wednesday,31.69,Grade Celsius,
161,239.54,W/m^2,12:00:53,28/6/17,Day of week:,Wednesday,31.69,Grade Celsius,
161,259.99,W/m^2,12:00:56,28/6/17,Day of week:,Wednesday,31.81,Grade Celsius,
161,245.39,W/m^2,12:00:59,28/6/17,Day of week:,Wednesday,31.69,Grade Celsius,
159,257.07,W/m^2,12:01:02,28/6/17,Day of week:,Wednesday,31.69,Grade Celsius,
161,239.54,W/m^2,12:01:05,28/6/17,Day of week:,Wednesday,31.75,Grade Celsius,
160,239.54,W/m^2,12:01:08,28/6/17,Day of week:,Wednesday,31.87,Grade Celsius,
149,239.54,W/m^2,12:01:12,28/6/17,Day of week:,Wednesday,32.00,Grade Celsius,
168,224.94,W/m^2,12:01:15,28/6/17,Day of week:,Wednesday,32.00,Grade Celsius,
163,238.08,W/m^2,12:01:18,28/6/17,Day of week:,Wednesday,32.00,Grade Celsius,
164,257.07,W/m^2,12:01:21,28/6/17,Day of week:,Wednesday,31.94,Grade Celsius,
164,230.78,W/m^2,12:01:24,28/6/17,Day of week:,Wednesday,31.81,Grade Celsius,
165,241.01,W/m^2,12:01:27,28/6/17,Day of week:,Wednesday,31.81,Grade Celsius,
165,242.47,W/m^2,12:01:30,28/6/17,Day of week:,Wednesday,31.94,Grade Celsius,
164,238.08,W/m^2,12:01:33,28/6/17,Day of week:,Wednesday,31.87,Grade Celsius,
163,242.47,W/m^2,12:01:36,28/6/17,Day of week:,Wednesday,31.62,Grade Celsius,
162,245.39,W/m^2,12:01:39,28/6/17,Day of week:,Wednesday,31.81,Grade Celsius,
167,245.39,W/m^2,12:01:42,28/6/17,Day of week:,Wednesday,31.62,Grade Celsius,
165,239.54,W/m^2,12:01:45,28/6/17,Day of week:,Wednesday,31.50,Grade Celsius,
180,245.39,W/m^2,12:01:48,28/6/17,Day of week:,Wednesday,31.62,Grade Celsius,
161,242.47,W/m^2,12:01:51,28/6/17,Day of week:,Wednesday,31.75,Grade Celsius,
167,246.85,W/m^2,12:01:55,28/6/17,Day of week:,Wednesday,31.81,Grade Celsius,
168,248.31,W/m^2,12:01:58,28/6/17,Day of week:,Wednesday,31.62,Grade Celsius,
166,245.39,W/m^2,12:02:01,28/6/17,Day of week:,Wednesday,31.50,Grade Celsius,
169,248.31,W/m^2,12:02:04,28/6/17,Day of week:,Wednesday,31.50,Grade Celsius,
170,246.85,W/m^2,12:02:07,28/6/17,Day of week:,Wednesday,31.50,Grade Celsius,
170,249.77,W/m^2,12:02:10,28/6/17,Day of week:,Wednesday,31.44,Grade Celsius,
156,248.31,W/m^2,12:02:13,28/6/17,Day of week:,Wednesday,31.44,Grade Celsius,
169,258.53,W/m^2,12:02:16,28/6/17,Day of week:,Wednesday,31.37,Grade Celsius,
171,257.07,W/m^2,12:02:19,28/6/17,Day of week:,Wednesday,31.25,Grade Celsius,
174,257.07,W/m^2,12:02:22,28/6/17,Day of week:,Wednesday,31.37,Grade Celsius,
172,268.76,W/m^2,12:02:25,28/6/17,Day of week:,Wednesday,31.37,Grade Celsius,
175,235.16,W/m^2,12:02:28,28/6/17,Day of week:,Wednesday,31.44,Grade Celsius,
175,262.92,W/m^2,12:02:31,28/6/17,Day of week:,Wednesday,31.50,Grade Celsius,
178,262.92,W/m^2,12:02:34,28/6/17,Day of week:,Wednesday,31.50,Grade Celsius,
176,264.38,W/m^2,12:02:37,28/6/17,Day of week:,Wednesday,31.56,Grade Celsius,
175,261.45,W/m^2,12:02:41,28/6/17,Day of week:,Wednesday,31.50,Grade Celsius,
165,259.99,W/m^2,12:02:44,28/6/17,Day of week:,Wednesday,31.50,Grade Celsius,
178,280.44,W/m^2,12:02:47,28/6/17,Day of week:,Wednesday,31.50,Grade Celsius,
184,248.31,W/m^2,12:02:50,28/6/17,Day of week:,Wednesday,31.56,Grade Celsius,
172,254.15,W/m^2,12:02:53,28/6/17,Day of week:,Wednesday,31.50,Grade Celsius,
172,254.15,W/m^2,12:02:56,28/6/17,Day of week:,Wednesday,31.62,Grade Celsius,
172,251.23,W/m^2,12:02:59,28/6/17,Day of week:,Wednesday,31.50,Grade Celsius,
171,251.23,W/m^2,12:03:02,28/6/17,Day of week:,Wednesday,31.69,Grade Celsius,
167,262.92,W/m^2,12:03:05,28/6/17,Day of week:,Wednesday,31.75,Grade Celsius,
170,251.23,W/m^2,12:03:08,28/6/17,Day of week:,Wednesday,31.50,Grade Celsius,
177,257.07,W/m^2,12:03:11,28/6/17,Day of week:,Wednesday,31.62,Grade Celsius,
173,257.07,W/m^2,12:03:14,28/6/17,Day of week:,Wednesday,31.75,Grade Celsius,
170,257.07,W/m^2,12:03:18,28/6/17,Day of week:,Wednesday,31.81,Grade Celsius,
170,252.69,W/m^2,12:03:21,28/6/17,Day of week:,Wednesday,31.87,Grade Celsius,
174,257.07,W/m^2,12:03:24,28/6/17,Day of week:,Wednesday,31.94,Grade Celsius,
182,257.07,W/m^2,12:03:27,28/6/17,Day of week:,Wednesday,31.94,Grade Celsius,
174,249.77,W/m^2,12:03:30,28/6/17,Day of week:,Wednesday,31.94,Grade Celsius,
163,254.15,W/m^2,12:03:33,28/6/17,Day of week:,Wednesday,32.00,Grade Celsius,
173,252.69,W/m^2,12:03:36,28/6/17,Day of week:,Wednesday,31.94,Grade Celsius,
176,258.53,W/m^2,12:03:39,28/6/17,Day of week:,Wednesday,31.62,Grade Celsius,
183,262.92,W/m^2,12:03:42,28/6/17,Day of week:,Wednesday,31.62,Grade Celsius,
176,259.99,W/m^2,12:03:45,28/6/17,Day of week:,Wednesday,31.62,Grade Celsius,
180,259.99,W/m^2,12:03:48,28/6/17,Day of week:,Wednesday,31.69,Grade Celsius,
180,264.38,W/m^2,12:03:51,28/6/17,Day of week:,Wednesday,31.81,Grade Celsius,
181,265.84,W/m^2,12:03:54,28/6/17,Day of week:,Wednesday,31.87,Grade Celsius,
181,265.84,W/m^2,12:03:57,28/6/17,Day of week:,Wednesday,31.94,Grade Celsius,
184,274.60,W/m^2,12:04:00,28/6/17,Day of week:,Wednesday,31.94,Grade Celsius,
187,271.68,W/m^2,12:04:04,28/6/17,Day of week:,Wednesday,31.87,Grade Celsius,
192,300.89,W/m^2,12:04:07,28/6/17,Day of week:,Wednesday,31.75,Grade Celsius,
192,262.92,W/m^2,12:04:10,28/6/17,Day of week:,Wednesday,31.81,Grade Celsius,
194,280.44,W/m^2,12:04:13,28/6/17,Day of week:,Wednesday,31.81,Grade Celsius,
194,283.36,W/m^2,12:04:16,28/6/17,Day of week:,Wednesday,31.87,Grade Celsius,
195,286.29,W/m^2,12:04:19,28/6/17,Day of week:,Wednesday,31.87,Grade Celsius,
181,287.75,W/m^2,12:04:22,28/6/17,Day of week:,Wednesday,31.87,Grade Celsius,
201,271.68,W/m^2,12:04:25,28/6/17,Day of week:,Wednesday,31.87,Grade Celsius,
209,287.75,W/m^2,12:04:28,28/6/17,Day of week:,Wednesday,31.94,Grade Celsius,
199,289.21,W/m^2,12:04:31,28/6/17,Day of week:,Wednesday,32.00,Grade Celsius,
199,293.59,W/m^2,12:04:34,28/6/17,Day of week:,Wednesday,32.13,Grade Celsius,
198,300.89,W/m^2,12:04:37,28/6/17,Day of week:,Wednesday,32.19,Grade Celsius,
206,287.75,W/m^2,12:04:40,28/6/17,Day of week:,Wednesday,32.25,Grade Celsius,
193,283.36,W/m^2,12:04:43,28/6/17,Day of week:,Wednesday,32.31,Grade Celsius,
192,280.44,W/m^2,12:04:46,28/6/17,Day of week:,Wednesday,32.38,Grade Celsius,
188,276.06,W/m^2,12:04:50,28/6/17,Day of week:,Wednesday,32.38,Grade Celsius,
187,274.60,W/m^2,12:04:53,28/6/17,Day of week:,Wednesday,32.50,Grade Celsius,
189,280.44,W/m^2,12:04:56,28/6/17,Day of week:,Wednesday,32.31,Grade Celsius,
187,276.06,W/m^2,12:04:59,28/6/17,Day of week:,Wednesday,32.19,Grade Celsius,
176,274.60,W/m^2,12:05:02,28/6/17,Day of week:,Wednesday,32.13,Grade Celsius,
184,257.07,W/m^2,12:05:05,28/6/17,Day of week:,Wednesday,32.00,Grade Celsius,
194,274.60,W/m^2,12:05:08,28/6/17,Day of week:,Wednesday,31.94,Grade Celsius,
187,292.13,W/m^2,12:05:11,28/6/17,Day of week:,Wednesday,31.94,Grade Celsius,
187,271.68,W/m^2,12:05:14,28/6/17,Day of week:,Wednesday,32.06,Grade Celsius,
171,274.60,W/m^2,12:05:17,28/6/17,Day of week:,Wednesday,32.00,Grade Celsius,
181,280.44,W/m^2,12:05:20,28/6/17,Day of week:,Wednesday,31.94,Grade Celsius,
189,277.52,W/m^2,12:05:23,28/6/17,Day of week:,Wednesday,31.87,Grade Celsius,
189,277.52,W/m^2,12:05:26,28/6/17,Day of week:,Wednesday,31.87,Grade Celsius,
192,257.07,W/m^2,12:05:29,28/6/17,Day of week:,Wednesday,31.87,Grade Celsius,
189,280.44,W/m^2,12:05:32,28/6/17,Day of week:,Wednesday,31.87,Grade Celsius,
191,283.36,W/m^2,12:05:36,28/6/17,Day of week:,Wednesday,32.00,Grade Celsius,
196,286.29,W/m^2,12:05:39,28/6/17,Day of week:,Wednesday,32.06,Grade Celsius,
195,284.82,W/m^2,12:05:42,28/6/17,Day of week:,Wednesday,32.13,Grade Celsius,
199,295.05,W/m^2,12:05:45,28/6/17,Day of week:,Wednesday,32.13,Grade Celsius,
202,299.43,W/m^2,12:05:48,28/6/17,Day of week:,Wednesday,32.06,Grade Celsius,
211,309.66,W/m^2,12:05:51,28/6/17,Day of week:,Wednesday,32.00,Grade Celsius,
223,324.26,W/m^2,12:05:54,28/6/17,Day of week:,Wednesday,32.00,Grade Celsius,
232,341.79,W/m^2,12:05:57,28/6/17,Day of week:,Wednesday,32.00,Grade Celsius,
243,362.24,W/m^2,12:06:00,28/6/17,Day of week:,Wednesday,31.94,Grade Celsius,
288,403.14,W/m^2,12:06:03,28/6/17,Day of week:,Wednesday,31.94,Grade Celsius,
261,382.69,W/m^2,12:06:06,28/6/17,Day of week:,Wednesday,31.94,Grade Celsius,
237,347.63,W/m^2,12:06:09,28/6/17,Day of week:,Wednesday,31.94,Grade Celsius,
249,366.62,W/m^2,12:06:12,28/6/17,Day of week:,Wednesday,31.94,Grade Celsius,
257,378.31,W/m^2,12:06:15,28/6/17,Day of week:,Wednesday,31.94,Grade Celsius,
241,353.47,W/m^2,12:06:19,28/6/17,Day of week:,Wednesday,31.94,Grade Celsius,
221,330.10,W/m^2,12:06:22,28/6/17,Day of week:,Wednesday,32.00,Grade Celsius,
224,330.10,W/m^2,12:06:25,28/6/17,Day of week:,Wednesday,32.06,Grade Celsius,
209,327.18,W/m^2,12:06:28,28/6/17,Day of week:,Wednesday,32.13,Grade Celsius,
230,321.34,W/m^2,12:06:31,28/6/17,Day of week:,Wednesday,31.94,Grade Celsius,
220,321.34,W/m^2,12:06:34,28/6/17,Day of week:,Wednesday,31.81,Grade Celsius,
222,327.18,W/m^2,12:06:37,28/6/17,Day of week:,Wednesday,31.69,Grade Celsius,
225,330.10,W/m^2,12:06:40,28/6/17,Day of week:,Wednesday,31.62,Grade Celsius,
229,333.03,W/m^2,12:06:43,28/6/17,Day of week:,Wednesday,31.69,Grade Celsius,
227,340.33,W/m^2,12:06:46,28/6/17,Day of week:,Wednesday,31.75,Grade Celsius,
239,350.55,W/m^2,12:06:49,28/6/17,Day of week:,Wednesday,31.87,Grade Celsius,
260,373.92,W/m^2,12:06:52,28/6/17,Day of week:,Wednesday,31.94,Grade Celsius,
266,400.22,W/m^2,12:06:55,28/6/17,Day of week:,Wednesday,31.94,Grade Celsius,
292,414.82,W/m^2,12:06:58,28/6/17,Day of week:,Wednesday,31.87,Grade Celsius,
300,444.03,W/m^2,12:07:01,28/6/17,Day of week:,Wednesday,31.81,Grade Celsius,
331,476.17,W/m^2,12:07:05,28/6/17,Day of week:,Wednesday,31.87,Grade Celsius,
313,467.40,W/m^2,12:07:08,28/6/17,Day of week:,Wednesday,31.81,Grade Celsius,
288,420.66,W/m^2,12:07:11,28/6/17,Day of week:,Wednesday,31.94,Grade Celsius,
277,406.06,W/m^2,12:07:14,28/6/17,Day of week:,Wednesday,31.81,Grade Celsius,
279,420.66,W/m^2,12:07:17,28/6/17,Day of week:,Wednesday,31.69,Grade Celsius,
308,438.19,W/m^2,12:07:20,28/6/17,Day of week:,Wednesday,31.56,Grade Celsius,
288,451.34,W/m^2,12:07:23,28/6/17,Day of week:,Wednesday,31.44,Grade Celsius,
293,429.43,W/m^2,12:07:26,28/6/17,Day of week:,Wednesday,31.62,Grade Celsius,
307,446.96,W/m^2,12:07:29,28/6/17,Day of week:,Wednesday,31.69,Grade Celsius,
340,503.92,W/m^2,12:07:32,28/6/17,Day of week:,Wednesday,31.75,Grade Celsius,
361,546.28,W/m^2,12:07:35,28/6/17,Day of week:,Wednesday,31.75,Grade Celsius,
396,581.33,W/m^2,12:07:38,28/6/17,Day of week:,Wednesday,31.87,Grade Celsius,
401,590.10,W/m^2,12:07:41,28/6/17,Day of week:,Wednesday,31.75,Grade Celsius,
374,549.20,W/m^2,12:07:44,28/6/17,Day of week:,Wednesday,31.75,Grade Celsius,
340,496.62,W/m^2,12:07:48,28/6/17,Day of week:,Wednesday,31.87,Grade Celsius,
317,463.02,W/m^2,12:07:51,28/6/17,Day of week:,Wednesday,32.00,Grade Celsius,
301,444.03,W/m^2,12:07:54,28/6/17,Day of week:,Wednesday,32.06,Grade Celsius,
291,420.66,W/m^2,12:07:57,28/6/17,Day of week:,Wednesday,32.13,Grade Celsius,
271,404.60,W/m^2,12:08:00,28/6/17,Day of week:,Wednesday,31.87,Grade Celsius,
264,391.45,W/m^2,12:08:03,28/6/17,Day of week:,Wednesday,31.81,Grade Celsius,
266,385.61,W/m^2,12:08:06,28/6/17,Day of week:,Wednesday,31.87,Grade Celsius,
254,371.00,W/m^2,12:08:09,28/6/17,Day of week:,Wednesday,31.87,Grade Celsius,
252,369.54,W/m^2,12:08:12,28/6/17,Day of week:,Wednesday,31.87,Grade Celsius,
251,373.92,W/m^2,12:08:15,28/6/17,Day of week:,Wednesday,31.69,Grade Celsius,
256,385.61,W/m^2,12:08:18,28/6/17,Day of week:,Wednesday,31.69,Grade Celsius,
258,375.38,W/m^2,12:08:21,28/6/17,Day of week:,Wednesday,31.75,Grade Celsius,
276,397.29,W/m^2,12:08:24,28/6/17,Day of week:,Wednesday,31.87,Grade Celsius,
274,397.29,W/m^2,12:08:27,28/6/17,Day of week:,Wednesday,32.00,Grade Celsius,
273,411.90,W/m^2,12:08:31,28/6/17,Day of week:,Wednesday,32.13,Grade Celsius,
285,417.74,W/m^2,12:08:34,28/6/17,Day of week:,Wednesday,32.06,Grade Celsius,
281,408.98,W/m^2,12:08:37,28/6/17,Day of week:,Wednesday,32.19,Grade Celsius,
263,385.61,W/m^2,12:08:40,28/6/17,Day of week:,Wednesday,32.19,Grade Celsius,
258,379.77,W/m^2,12:08:43,28/6/17,Day of week:,Wednesday,32.06,Grade Celsius,
257,388.53,W/m^2,12:08:46,28/6/17,Day of week:,Wednesday,32.00,Grade Celsius,
262,387.07,W/m^2,12:08:49,28/6/17,Day of week:,Wednesday,31.81,Grade Celsius,
264,388.53,W/m^2,12:08:52,28/6/17,Day of week:,Wednesday,31.69,Grade Celsius,
260,379.77,W/m^2,12:08:55,28/6/17,Day of week:,Wednesday,31.56,Grade Celsius,
257,376.85,W/m^2,12:08:58,28/6/17,Day of week:,Wednesday,31.50,Grade Celsius,
259,379.77,W/m^2,12:09:01,28/6/17,Day of week:,Wednesday,31.62,Grade Celsius,
260,376.85,W/m^2,12:09:04,28/6/17,Day of week:,Wednesday,31.75,Grade Celsius,
257,387.07,W/m^2,12:09:07,28/6/17,Day of week:,Wednesday,31.81,Grade Celsius,
260,384.15,W/m^2,12:09:10,28/6/17,Day of week:,Wednesday,31.94,Grade Celsius,
273,417.74,W/m^2,12:09:13,28/6/17,Day of week:,Wednesday,32.06,Grade Celsius,
286,422.12,W/m^2,12:09:17,28/6/17,Day of week:,Wednesday,32.06,Grade Celsius,
275,403.14,W/m^2,12:09:20,28/6/17,Day of week:,Wednesday,32.13,Grade Celsius,
264,391.45,W/m^2,12:09:23,28/6/17,Day of week:,Wednesday,32.00,Grade Celsius,
261,382.69,W/m^2,12:09:26,28/6/17,Day of week:,Wednesday,32.00,Grade Celsius,
259,385.61,W/m^2,12:09:29,28/6/17,Day of week:,Wednesday,31.87,Grade Celsius,
262,392.91,W/m^2,12:09:32,28/6/17,Day of week:,Wednesday,32.00,Grade Celsius,
258,389.99,W/m^2,12:09:35,28/6/17,Day of week:,Wednesday,31.75,Grade Celsius,
278,398.75,W/m^2,12:09:38,28/6/17,Day of week:,Wednesday,31.69,Grade Celsius,
314,479.09,W/m^2,12:09:41,28/6/17,Day of week:,Wednesday,31.62,Grade Celsius,
373,562.35,W/m^2,12:09:44,28/6/17,Day of week:,Wednesday,31.62,Grade Celsius,
377,553.58,W/m^2,12:09:47,28/6/17,Day of week:,Wednesday,31.69,Grade Celsius,
385,565.27,W/m^2,12:09:50,28/6/17,Day of week:,Wednesday,31.69,Grade Celsius,
348,503.92,W/m^2,12:09:53,28/6/17,Day of week:,Wednesday,31.69,Grade Celsius,
285,444.03,W/m^2,12:09:56,28/6/17,Day of week:,Wednesday,31.75,Grade Celsius,
280,414.82,W/m^2,12:09:59,28/6/17,Day of week:,Wednesday,31.81,Grade Celsius,
263,401.68,W/m^2,12:10:03,28/6/17,Day of week:,Wednesday,31.75,Grade Celsius,
265,388.53,W/m^2,12:10:06,28/6/17,Day of week:,Wednesday,31.75,Grade Celsius,
257,375.38,W/m^2,12:10:09,28/6/17,Day of week:,Wednesday,31.75,Grade Celsius,
252,369.54,W/m^2,12:10:12,28/6/17,Day of week:,Wednesday,31.81,Grade Celsius,
253,371.00,W/m^2,12:10:15,28/6/17,Day of week:,Wednesday,31.87,Grade Celsius,
248,366.62,W/m^2,12:10:18,28/6/17,Day of week:,Wednesday,31.94,Grade Celsius,
245,362.24,W/m^2,12:10:21,28/6/17,Day of week:,Wednesday,31.81,Grade Celsius,
246,359.32,W/m^2,12:10:24,28/6/17,Day of week:,Wednesday,31.94,Grade Celsius,
260,362.24,W/m^2,12:10:27,28/6/17,Day of week:,Wednesday,32.00,Grade Celsius,
249,369.54,W/m^2,12:10:30,28/6/17,Day of week:,Wednesday,32.13,Grade Celsius,
253,368.08,W/m^2,12:10:33,28/6/17,Day of week:,Wednesday,32.13,Grade Celsius,
249,366.62,W/m^2,12:10:36,28/6/17,Day of week:,Wednesday,32.31,Grade Celsius,
248,363.70,W/m^2,12:10:39,28/6/17,Day of week:,Wednesday,32.25,Grade Celsius,
248,365.16,W/m^2,12:10:42,28/6/17,Day of week:,Wednesday,32.13,Grade Celsius,
247,363.70,W/m^2,12:10:45,28/6/17,Day of week:,Wednesday,32.25,Grade Celsius,
253,368.08,W/m^2,12:10:49,28/6/17,Day of week:,Wednesday,32.31,Grade Celsius,
255,368.08,W/m^2,12:10:52,28/6/17,Day of week:,Wednesday,32.38,Grade Celsius,
248,378.31,W/m^2,12:10:55,28/6/17,Day of week:,Wednesday,32.31,Grade Celsius,
247,368.08,W/m^2,12:10:58,28/6/17,Day of week:,Wednesday,32.25,Grade Celsius,
252,387.07,W/m^2,12:11:01,28/6/17,Day of week:,Wednesday,32.13,Grade Celsius,
256,391.45,W/m^2,12:11:04,28/6/17,Day of week:,Wednesday,31.87,Grade Celsius,
257,376.85,W/m^2,12:11:07,28/6/17,Day of week:,Wednesday,31.75,Grade Celsius,
252,368.08,W/m^2,12:11:10,28/6/17,Day of week:,Wednesday,31.87,Grade Celsius,
248,365.16,W/m^2,12:11:13,28/6/17,Day of week:,Wednesday,31.87,Grade Celsius,
247,362.24,W/m^2,12:11:16,28/6/17,Day of week:,Wednesday,31.75,Grade Celsius,
246,368.08,W/m^2,12:11:19,28/6/17,Day of week:,Wednesday,31.56,Grade Celsius,
246,362.24,W/m^2,12:11:22,28/6/17,Day of week:,Wednesday,31.31,Grade Celsius,
244,360.78,W/m^2,12:11:25,28/6/17,Day of week:,Wednesday,31.19,Grade Celsius,
247,365.16,W/m^2,12:11:28,28/6/17,Day of week:,Wednesday,31.25,Grade Celsius,
251,369.54,W/m^2,12:11:32,28/6/17,Day of week:,Wednesday,31.25,Grade Celsius,
245,369.54,W/m^2,12:11:35,28/6/17,Day of week:,Wednesday,31.37,Grade Celsius,
259,381.23,W/m^2,12:11:38,28/6/17,Day of week:,Wednesday,31.31,Grade Celsius,
273,403.14,W/m^2,12:11:41,28/6/17,Day of week:,Wednesday,31.19,Grade Celsius,
287,427.97,W/m^2,12:11:44,28/6/17,Day of week:,Wednesday,31.19,Grade Celsius,
293,426.51,W/m^2,12:11:47,28/6/17,Day of week:,Wednesday,31.25,Grade Celsius,
286,420.66,W/m^2,12:11:50,28/6/17,Day of week:,Wednesday,31.37,Grade Celsius,
283,414.82,W/m^2,12:11:53,28/6/17,Day of week:,Wednesday,31.44,Grade Celsius,
280,411.90,W/m^2,12:11:56,28/6/17,Day of week:,Wednesday,31.25,Grade Celsius,
287,423.59,W/m^2,12:11:59,28/6/17,Day of week:,Wednesday,31.44,Grade Celsius,
287,420.66,W/m^2,12:12:02,28/6/17,Day of week:,Wednesday,31.50,Grade Celsius,
279,408.98,W/m^2,12:12:05,28/6/17,Day of week:,Wednesday,31.50,Grade Celsius,
277,403.14,W/m^2,12:12:08,28/6/17,Day of week:,Wednesday,31.62,Grade Celsius,
277,407.52,W/m^2,12:12:11,28/6/17,Day of week:,Wednesday,31.62,Grade Celsius,
274,410.44,W/m^2,12:12:14,28/6/17,Day of week:,Wednesday,31.75,Grade Celsius,
296,449.88,W/m^2,12:12:18,28/6/17,Day of week:,Wednesday,31.75,Grade Celsius,
364,537.52,W/m^2,12:12:21,28/6/17,Day of week:,Wednesday,31.75,Grade Celsius,
404,578.41,W/m^2,12:12:24,28/6/17,Day of week:,Wednesday,31.81,Grade Celsius,
372,541.90,W/m^2,12:12:27,28/6/17,Day of week:,Wednesday,32.00,Grade Celsius,
362,519.99,W/m^2,12:12:30,28/6/17,Day of week:,Wednesday,31.94,Grade Celsius,
394,579.87,W/m^2,12:12:33,28/6/17,Day of week:,Wednesday,32.19,Grade Celsius,
371,541.90,W/m^2,12:12:36,28/6/17,Day of week:,Wednesday,32.31,Grade Celsius,
346,496.62,W/m^2,12:12:39,28/6/17,Day of week:,Wednesday,32.38,Grade Celsius,
328,482.01,W/m^2,12:12:42,28/6/17,Day of week:,Wednesday,32.44,Grade Celsius,
320,479.09,W/m^2,12:12:45,28/6/17,Day of week:,Wednesday,32.44,Grade Celsius,
322,470.33,W/m^2,12:12:48,28/6/17,Day of week:,Wednesday,32.56,Grade Celsius,
314,449.88,W/m^2,12:12:51,28/6/17,Day of week:,Wednesday,32.56,Grade Celsius,
296,426.51,W/m^2,12:12:54,28/6/17,Day of week:,Wednesday,32.50,Grade Celsius,
293,432.35,W/m^2,12:12:57,28/6/17,Day of week:,Wednesday,32.69,Grade Celsius,
320,455.72,W/m^2,12:13:01,28/6/17,Day of week:,Wednesday,32.75,Grade Celsius,
326,480.55,W/m^2,12:13:04,28/6/17,Day of week:,Wednesday,32.69,Grade Celsius,
315,470.33,W/m^2,12:13:07,28/6/17,Day of week:,Wednesday,32.63,Grade Celsius,
302,444.03,W/m^2,12:13:10,28/6/17,Day of week:,Wednesday,32.69,Grade Celsius,
311,446.96,W/m^2,12:13:13,28/6/17,Day of week:,Wednesday,32.75,Grade Celsius,
311,445.50,W/m^2,12:13:16,28/6/17,Day of week:,Wednesday,32.63,Grade Celsius,
327,506.84,W/m^2,12:13:19,28/6/17,Day of week:,Wednesday,32.56,Grade Celsius,
369,541.90,W/m^2,12:13:22,28/6/17,Day of week:,Wednesday,32.56,Grade Celsius,
434,636.84,W/m^2,12:13:25,28/6/17,Day of week:,Wednesday,32.44,Grade Celsius,
466,685.04,W/m^2,12:13:28,28/6/17,Day of week:,Wednesday,32.31,Grade Celsius,
456,685.04,W/m^2,12:13:31,28/6/17,Day of week:,Wednesday,32.31,Grade Celsius,
475,696.73,W/m^2,12:13:34,28/6/17,Day of week:,Wednesday,32.44,Grade Celsius,
460,680.66,W/m^2,12:13:38,28/6/17,Day of week:,Wednesday,32.25,Grade Celsius,
405,593.02,W/m^2,12:13:41,28/6/17,Day of week:,Wednesday,32.06,Grade Celsius,
388,566.73,W/m^2,12:13:44,28/6/17,Day of week:,Wednesday,32.00,Grade Celsius,
396,578.41,W/m^2,12:13:47,28/6/17,Day of week:,Wednesday,32.13,Grade Celsius,
377,575.49,W/m^2,12:13:50,28/6/17,Day of week:,Wednesday,31.62,Grade Celsius,
387,562.35,W/m^2,12:13:53,28/6/17,Day of week:,Wednesday,31.37,Grade Celsius,
374,572.57,W/m^2,12:13:56,28/6/17,Day of week:,Wednesday,31.44,Grade Celsius,
400,597.40,W/m^2,12:13:59,28/6/17,Day of week:,Wednesday,31.56,Grade Celsius,
409,595.94,W/m^2,12:14:02,28/6/17,Day of week:,Wednesday,31.69,Grade Celsius,
405,620.77,W/m^2,12:14:05,28/6/17,Day of week:,Wednesday,31.81,Grade Celsius,
408,604.70,W/m^2,12:14:08,28/6/17,Day of week:,Wednesday,31.94,Grade Celsius,
454,655.83,W/m^2,12:14:11,28/6/17,Day of week:,Wednesday,32.13,Grade Celsius,
543,797.51,W/m^2,12:14:14,28/6/17,Day of week:,Wednesday,32.13,Grade Celsius,
611,888.07,W/m^2,12:14:17,28/6/17,Day of week:,Wednesday,32.44,Grade Celsius,
556,828.18,W/m^2,12:14:20,28/6/17,Day of week:,Wednesday,32.50,Grade Celsius,
534,784.36,W/m^2,12:14:24,28/6/17,Day of week:,Wednesday,32.63,Grade Celsius,
561,817.96,W/m^2,12:14:27,28/6/17,Day of week:,Wednesday,32.63,Grade Celsius,
575,845.71,W/m^2,12:14:30,28/6/17,Day of week:,Wednesday,32.50,Grade Celsius,
596,861.78,W/m^2,12:14:33,28/6/17,Day of week:,Wednesday,32.50,Grade Celsius,
616,901.21,W/m^2,12:14:36,28/6/17,Day of week:,Wednesday,32.56,Grade Celsius,
605,893.91,W/m^2,12:14:39,28/6/17,Day of week:,Wednesday,32.69,Grade Celsius,
622,914.36,W/m^2,12:14:42,28/6/17,Day of week:,Wednesday,32.75,Grade Celsius,
629,939.19,W/m^2,12:14:45,28/6/17,Day of week:,Wednesday,32.63,Grade Celsius,
622,892.45,W/m^2,12:14:48,28/6/17,Day of week:,Wednesday,32.81,Grade Celsius,
556,816.50,W/m^2,12:14:51,28/6/17,Day of week:,Wednesday,32.88,Grade Celsius,
505,737.62,W/m^2,12:14:54,28/6/17,Day of week:,Wednesday,32.88,Grade Celsius,
463,690.88,W/m^2,12:14:57,28/6/17,Day of week:,Wednesday,32.88,Grade Celsius,
433,635.38,W/m^2,12:15:00,28/6/17,Day of week:,Wednesday,32.81,Grade Celsius,
407,597.40,W/m^2,12:15:03,28/6/17,Day of week:,Wednesday,32.81,Grade Celsius,
395,575.49,W/m^2,12:15:06,28/6/17,Day of week:,Wednesday,32.94,Grade Celsius,
407,593.02,W/m^2,12:15:10,28/6/17,Day of week:,Wednesday,32.81,Grade Celsius,
437,651.45,W/m^2,12:15:13,28/6/17,Day of week:,Wednesday,33.06,Grade Celsius,
482,715.71,W/m^2,12:15:16,28/6/17,Day of week:,Wednesday,33.19,Grade Celsius,
472,701.11,W/m^2,12:15:19,28/6/17,Day of week:,Wednesday,33.13,Grade Celsius,
448,661.67,W/m^2,12:15:22,28/6/17,Day of week:,Wednesday,33.31,Grade Celsius,
433,639.76,W/m^2,12:15:25,28/6/17,Day of week:,Wednesday,33.13,Grade Celsius,
410,600.32,W/m^2,12:15:28,28/6/17,Day of week:,Wednesday,33.06,Grade Celsius,
389,569.65,W/m^2,12:15:31,28/6/17,Day of week:,Wednesday,32.94,Grade Celsius,
378,562.35,W/m^2,12:15:34,28/6/17,Day of week:,Wednesday,33.13,Grade Celsius,
363,537.52,W/m^2,12:15:37,28/6/17,Day of week:,Wednesday,33.13,Grade Celsius,
346,508.30,W/m^2,12:15:40,28/6/17,Day of week:,Wednesday,32.94,Grade Celsius,
334,490.78,W/m^2,12:15:43,28/6/17,Day of week:,Wednesday,32.94,Grade Celsius,
363,537.52,W/m^2,12:15:46,28/6/17,Day of week:,Wednesday,32.81,Grade Celsius,
395,587.18,W/m^2,12:15:49,28/6/17,Day of week:,Wednesday,32.81,Grade Celsius,
407,603.24,W/m^2,12:15:52,28/6/17,Day of week:,Wednesday,32.75,Grade Celsius,
394,578.41,W/m^2,12:15:56,28/6/17,Day of week:,Wednesday,32.63,Grade Celsius,
416,584.26,W/m^2,12:15:59,28/6/17,Day of week:,Wednesday,32.63,Grade Celsius,
429,631.00,W/m^2,12:16:02,28/6/17,Day of week:,Wednesday,32.63,Grade Celsius,
418,595.94,W/m^2,12:16:05,28/6/17,Day of week:,Wednesday,32.56,Grade Celsius,
403,591.56,W/m^2,12:16:08,28/6/17,Day of week:,Wednesday,32.50,Grade Celsius,
415,597.40,W/m^2,12:16:11,28/6/17,Day of week:,Wednesday,32.63,Grade Celsius,
405,590.10,W/m^2,12:16:14,28/6/17,Day of week:,Wednesday,32.56,Grade Celsius,
360,528.75,W/m^2,12:16:17,28/6/17,Day of week:,Wednesday,32.56,Grade Celsius,
323,476.17,W/m^2,12:16:20,28/6/17,Day of week:,Wednesday,32.38,Grade Celsius,
377,560.89,W/m^2,12:16:23,28/6/17,Day of week:,Wednesday,32.38,Grade Celsius,
495,709.87,W/m^2,12:16:26,28/6/17,Day of week:,Wednesday,32.38,Grade Celsius,
563,826.72,W/m^2,12:16:29,28/6/17,Day of week:,Wednesday,32.38,Grade Celsius,
533,779.98,W/m^2,12:16:32,28/6/17,Day of week:,Wednesday,32.38,Grade Celsius,
509,740.54,W/m^2,12:16:35,28/6/17,Day of week:,Wednesday,32.19,Grade Celsius,
525,772.68,W/m^2,12:16:39,28/6/17,Day of week:,Wednesday,32.13,Grade Celsius,
531,782.90,W/m^2,12:16:42,28/6/17,Day of week:,Wednesday,32.00,Grade Celsius,
546,807.73,W/m^2,12:16:45,28/6/17,Day of week:,Wednesday,32.00,Grade Celsius,
564,828.18,W/m^2,12:16:48,28/6/17,Day of week:,Wednesday,31.87,Grade Celsius,
583,848.63,W/m^2,12:16:51,28/6/17,Day of week:,Wednesday,31.81,Grade Celsius,
582,855.94,W/m^2,12:16:54,28/6/17,Day of week:,Wednesday,31.69,Grade Celsius,
596,864.70,W/m^2,12:16:57,28/6/17,Day of week:,Wednesday,31.69,Grade Celsius,
632,939.19,W/m^2,12:17:00,28/6/17,Day of week:,Wednesday,31.81,Grade Celsius,
640,953.80,W/m^2,12:17:03,28/6/17,Day of week:,Wednesday,31.87,Grade Celsius,
635,934.81,W/m^2,12:17:06,28/6/17,Day of week:,Wednesday,32.00,Grade Celsius,
612,886.61,W/m^2,12:17:09,28/6/17,Day of week:,Wednesday,32.06,Grade Celsius,
542,793.13,W/m^2,12:17:12,28/6/17,Day of week:,Wednesday,32.38,Grade Celsius,
492,720.10,W/m^2,12:17:15,28/6/17,Day of week:,Wednesday,32.50,Grade Celsius,
452,668.97,W/m^2,12:17:18,28/6/17,Day of week:,Wednesday,32.69,Grade Celsius,
472,692.34,W/m^2,12:17:22,28/6/17,Day of week:,Wednesday,32.81,Grade Celsius,
535,784.36,W/m^2,12:17:25,28/6/17,Day of week:,Wednesday,32.63,Grade Celsius,
590,860.32,W/m^2,12:17:28,28/6/17,Day of week:,Wednesday,32.63,Grade Celsius,
601,886.61,W/m^2,12:17:31,28/6/17,Day of week:,Wednesday,32.63,Grade Celsius,
610,895.37,W/m^2,12:17:34,28/6/17,Day of week:,Wednesday,32.81,Grade Celsius,
621,917.28,W/m^2,12:17:37,28/6/17,Day of week:,Wednesday,32.50,Grade Celsius,
638,921.66,W/m^2,12:17:40,28/6/17,Day of week:,Wednesday,32.50,Grade Celsius,
624,921.66,W/m^2,12:17:43,28/6/17,Day of week:,Wednesday,32.50,Grade Celsius,
625,915.82,W/m^2,12:17:46,28/6/17,Day of week:,Wednesday,32.44,Grade Celsius,
624,909.98,W/m^2,12:17:49,28/6/17,Day of week:,Wednesday,32.44,Grade Celsius,
625,939.19,W/m^2,12:17:52,28/6/17,Day of week:,Wednesday,32.56,Grade Celsius,
624,912.90,W/m^2,12:17:55,28/6/17,Day of week:,Wednesday,32.75,Grade Celsius,
620,898.29,W/m^2,12:17:58,28/6/17,Day of week:,Wednesday,32.94,Grade Celsius,
621,914.36,W/m^2,12:18:01,28/6/17,Day of week:,Wednesday,33.13,Grade Celsius,
619,912.90,W/m^2,12:18:04,28/6/17,Day of week:,Wednesday,33.25,Grade Celsius,
617,901.21,W/m^2,12:18:08,28/6/17,Day of week:,Wednesday,33.50,Grade Celsius,
604,889.53,W/m^2,12:18:11,28/6/17,Day of week:,Wednesday,33.63,Grade Celsius,
594,873.46,W/m^2,12:18:14,28/6/17,Day of week:,Wednesday,33.75,Grade Celsius,
595,873.46,W/m^2,12:18:17,28/6/17,Day of week:,Wednesday,33.81,Grade Celsius,
599,879.31,W/m^2,12:18:20,28/6/17,Day of week:,Wednesday,34.00,Grade Celsius,
596,873.46,W/m^2,12:18:23,28/6/17,Day of week:,Wednesday,34.13,Grade Celsius,
587,872.00,W/m^2,12:18:26,28/6/17,Day of week:,Wednesday,34.25,Grade Celsius,
590,866.16,W/m^2,12:18:29,28/6/17,Day of week:,Wednesday,34.25,Grade Celsius,
571,836.95,W/m^2,12:18:32,28/6/17,Day of week:,Wednesday,34.19,Grade Celsius,
554,825.26,W/m^2,12:18:35,28/6/17,Day of week:,Wednesday,33.94,Grade Celsius,
574,844.25,W/m^2,12:18:38,28/6/17,Day of week:,Wednesday,33.94,Grade Celsius,
586,855.94,W/m^2,12:18:41,28/6/17,Day of week:,Wednesday,34.00,Grade Celsius,
592,874.92,W/m^2,12:18:44,28/6/17,Day of week:,Wednesday,34.06,Grade Celsius,
614,882.23,W/m^2,12:18:47,28/6/17,Day of week:,Wednesday,33.88,Grade Celsius,
609,874.92,W/m^2,12:18:51,28/6/17,Day of week:,Wednesday,33.81,Grade Celsius,
596,873.46,W/m^2,12:18:54,28/6/17,Day of week:,Wednesday,33.88,Grade Celsius,
595,877.84,W/m^2,12:18:57,28/6/17,Day of week:,Wednesday,33.81,Grade Celsius,
599,874.92,W/m^2,12:19:00,28/6/17,Day of week:,Wednesday,33.63,Grade Celsius,
600,876.38,W/m^2,12:19:03,28/6/17,Day of week:,Wednesday,33.63,Grade Celsius,
597,876.38,W/m^2,12:19:06,28/6/17,Day of week:,Wednesday,33.63,Grade Celsius,
599,872.00,W/m^2,12:19:09,28/6/17,Day of week:,Wednesday,33.50,Grade Celsius,
598,874.92,W/m^2,12:19:12,28/6/17,Day of week:,Wednesday,33.63,Grade Celsius,
596,879.31,W/m^2,12:19:15,28/6/17,Day of week:,Wednesday,33.69,Grade Celsius,
595,874.92,W/m^2,12:19:18,28/6/17,Day of week:,Wednesday,33.69,Grade Celsius,
599,869.08,W/m^2,12:19:21,28/6/17,Day of week:,Wednesday,33.75,Grade Celsius,
588,874.92,W/m^2,12:19:24,28/6/17,Day of week:,Wednesday,33.75,Grade Celsius,
595,869.08,W/m^2,12:19:27,28/6/17,Day of week:,Wednesday,33.75,Grade Celsius,
594,869.08,W/m^2,12:19:30,28/6/17,Day of week:,Wednesday,33.81,Grade Celsius,
592,873.46,W/m^2,12:19:33,28/6/17,Day of week:,Wednesday,33.81,Grade Celsius,
594,870.54,W/m^2,12:19:37,28/6/17,Day of week:,Wednesday,34.00,Grade Celsius,
592,867.62,W/m^2,12:19:40,28/6/17,Day of week:,Wednesday,34.25,Grade Celsius,
592,869.08,W/m^2,12:19:43,28/6/17,Day of week:,Wednesday,34.50,Grade Celsius,
593,872.00,W/m^2,12:19:46,28/6/17,Day of week:,Wednesday,34.75,Grade Celsius,
594,870.54,W/m^2,12:19:49,28/6/17,Day of week:,Wednesday,34.94,Grade Celsius,
591,864.70,W/m^2,12:19:52,28/6/17,Day of week:,Wednesday,35.13,Grade Celsius,
591,870.54,W/m^2,12:19:55,28/6/17,Day of week:,Wednesday,35.31,Grade Celsius,
593,869.08,W/m^2,12:19:58,28/6/17,Day of week:,Wednesday,35.25,Grade Celsius,
592,869.08,W/m^2,12:20:01,28/6/17,Day of week:,Wednesday,35.50,Grade Celsius,
592,867.62,W/m^2,12:20:04,28/6/17,Day of week:,Wednesday,35.13,Grade Celsius,
591,861.78,W/m^2,12:20:07,28/6/17,Day of week:,Wednesday,34.94,Grade Celsius,
603,853.01,W/m^2,12:20:10,28/6/17,Day of week:,Wednesday,34.94,Grade Celsius,
590,866.16,W/m^2,12:20:13,28/6/17,Day of week:,Wednesday,34.63,Grade Celsius,
593,869.08,W/m^2,12:20:16,28/6/17,Day of week:,Wednesday,34.31,Grade Celsius,
590,864.70,W/m^2,12:20:20,28/6/17,Day of week:,Wednesday,34.31,Grade Celsius,
589,867.62,W/m^2,12:20:23,28/6/17,Day of week:,Wednesday,34.44,Grade Celsius,
589,873.46,W/m^2,12:20:26,28/6/17,Day of week:,Wednesday,34.56,Grade Celsius,
574,867.62,W/m^2,12:20:29,28/6/17,Day of week:,Wednesday,34.75,Grade Celsius,
595,869.08,W/m^2,12:20:32,28/6/17,Day of week:,Wednesday,35.00,Grade Celsius,
590,857.40,W/m^2,12:20:35,28/6/17,Day of week:,Wednesday,34.81,Grade Celsius,
588,860.32,W/m^2,12:20:38,28/6/17,Day of week:,Wednesday,34.63,Grade Celsius,
588,861.78,W/m^2,12:20:41,28/6/17,Day of week:,Wednesday,34.81,Grade Celsius,
588,860.32,W/m^2,12:20:44,28/6/17,Day of week:,Wednesday,34.94,Grade Celsius,
591,861.78,W/m^2,12:20:47,28/6/17,Day of week:,Wednesday,34.94,Grade Celsius,
602,866.16,W/m^2,12:20:50,28/6/17,Day of week:,Wednesday,34.75,Grade Celsius,
585,866.16,W/m^2,12:20:53,28/6/17,Day of week:,Wednesday,34.63,Grade Celsius,
603,866.16,W/m^2,12:20:56,28/6/17,Day of week:,Wednesday,34.81,Grade Celsius,
590,866.16,W/m^2,12:20:59,28/6/17,Day of week:,Wednesday,34.94,Grade Celsius,
579,855.94,W/m^2,12:21:02,28/6/17,Day of week:,Wednesday,35.06,Grade Celsius,
590,864.70,W/m^2,12:21:06,28/6/17,Day of week:,Wednesday,35.19,Grade Celsius,
600,860.32,W/m^2,12:21:09,28/6/17,Day of week:,Wednesday,35.25,Grade Celsius,
576,860.32,W/m^2,12:21:12,28/6/17,Day of week:,Wednesday,35.31,Grade Celsius,
590,863.24,W/m^2,12:21:15,28/6/17,Day of week:,Wednesday,35.31,Grade Celsius,
587,864.70,W/m^2,12:21:18,28/6/17,Day of week:,Wednesday,35.44,Grade Celsius,
588,860.32,W/m^2,12:21:21,28/6/17,Day of week:,Wednesday,35.50,Grade Celsius,
585,864.70,W/m^2,12:21:24,28/6/17,Day of week:,Wednesday,35.38,Grade Celsius,
589,874.92,W/m^2,12:21:27,28/6/17,Day of week:,Wednesday,35.13,Grade Celsius,
589,863.24,W/m^2,12:21:30,28/6/17,Day of week:,Wednesday,34.88,Grade Celsius,
586,857.40,W/m^2,12:21:33,28/6/17,Day of week:,Wednesday,34.56,Grade Celsius,
586,854.47,W/m^2,12:21:36,28/6/17,Day of week:,Wednesday,34.38,Grade Celsius,
588,860.32,W/m^2,12:21:39,28/6/17,Day of week:,Wednesday,34.13,Grade Celsius,
586,861.78,W/m^2,12:21:42,28/6/17,Day of week:,Wednesday,33.81,Grade Celsius,
587,860.32,W/m^2,12:21:45,28/6/17,Day of week:,Wednesday,33.75,Grade Celsius,
587,848.63,W/m^2,12:21:49,28/6/17,Day of week:,Wednesday,33.81,Grade Celsius,
586,857.40,W/m^2,12:21:52,28/6/17,Day of week:,Wednesday,34.00,Grade Celsius,
584,860.32,W/m^2,12:21:55,28/6/17,Day of week:,Wednesday,34.19,Grade Celsius,
584,857.40,W/m^2,12:21:58,28/6/17,Day of week:,Wednesday,33.88,Grade Celsius,
572,841.33,W/m^2,12:22:01,28/6/17,Day of week:,Wednesday,33.88,Grade Celsius,
585,855.94,W/m^2,12:22:04,28/6/17,Day of week:,Wednesday,33.81,Grade Celsius,
583,853.01,W/m^2,12:22:07,28/6/17,Day of week:,Wednesday,34.13,Grade Celsius,
583,855.94,W/m^2,12:22:10,28/6/17,Day of week:,Wednesday,34.31,Grade Celsius,
583,858.86,W/m^2,12:22:13,28/6/17,Day of week:,Wednesday,34.38,Grade Celsius,
583,858.86,W/m^2,12:22:16,28/6/17,Day of week:,Wednesday,34.63,Grade Celsius,
585,854.47,W/m^2,12:22:19,28/6/17,Day of week:,Wednesday,34.38,Grade Celsius,
584,855.94,W/m^2,12:22:22,28/6/17,Day of week:,Wednesday,34.25,Grade Celsius,
584,860.32,W/m^2,12:22:25,28/6/17,Day of week:,Wednesday,34.13,Grade Celsius,
582,836.95,W/m^2,12:22:28,28/6/17,Day of week:,Wednesday,34.13,Grade Celsius,
577,855.94,W/m^2,12:22:31,28/6/17,Day of week:,Wednesday,34.06,Grade Celsius,
575,855.94,W/m^2,12:22:35,28/6/17,Day of week:,Wednesday,34.13,Grade Celsius,
584,854.47,W/m^2,12:22:38,28/6/17,Day of week:,Wednesday,34.19,Grade Celsius,
590,855.94,W/m^2,12:22:41,28/6/17,Day of week:,Wednesday,34.00,Grade Celsius,
570,842.79,W/m^2,12:22:44,28/6/17,Day of week:,Wednesday,33.94,Grade Celsius,
586,857.40,W/m^2,12:22:47,28/6/17,Day of week:,Wednesday,33.75,Grade Celsius,
583,877.84,W/m^2,12:22:50,28/6/17,Day of week:,Wednesday,33.25,Grade Celsius,
584,857.40,W/m^2,12:22:53,28/6/17,Day of week:,Wednesday,33.44,Grade Celsius,
585,854.47,W/m^2,12:22:56,28/6/17,Day of week:,Wednesday,33.56,Grade Celsius,
583,854.47,W/m^2,12:22:59,28/6/17,Day of week:,Wednesday,33.81,Grade Celsius,
579,853.01,W/m^2,12:23:02,28/6/17,Day of week:,Wednesday,33.44,Grade Celsius,
593,858.86,W/m^2,12:23:05,28/6/17,Day of week:,Wednesday,33.69,Grade Celsius,
586,858.86,W/m^2,12:23:08,28/6/17,Day of week:,Wednesday,33.81,Grade Celsius,
584,863.24,W/m^2,12:23:11,28/6/17,Day of week:,Wednesday,34.00,Grade Celsius,
583,854.47,W/m^2,12:23:14,28/6/17,Day of week:,Wednesday,34.06,Grade Celsius,
587,855.94,W/m^2,12:23:17,28/6/17,Day of week:,Wednesday,34.31,Grade Celsius,
583,854.47,W/m^2,12:23:21,28/6/17,Day of week:,Wednesday,34.19,Grade Celsius,
582,857.40,W/m^2,12:23:24,28/6/17,Day of week:,Wednesday,33.88,Grade Celsius,
584,861.78,W/m^2,12:23:27,28/6/17,Day of week:,Wednesday,33.50,Grade Celsius,
587,860.32,W/m^2,12:23:30,28/6/17,Day of week:,Wednesday,33.69,Grade Celsius,
586,854.47,W/m^2,12:23:33,28/6/17,Day of week:,Wednesday,33.75,Grade Celsius,
583,857.40,W/m^2,12:23:36,28/6/17,Day of week:,Wednesday,33.75,Grade Celsius,
584,864.70,W/m^2,12:23:39,28/6/17,Day of week:,Wednesday,33.69,Grade Celsius,
577,842.79,W/m^2,12:23:42,28/6/17,Day of week:,Wednesday,33.50,Grade Celsius,
584,858.86,W/m^2,12:23:45,28/6/17,Day of week:,Wednesday,33.63,Grade Celsius,
599,857.40,W/m^2,12:23:48,28/6/17,Day of week:,Wednesday,33.69,Grade Celsius,
588,855.94,W/m^2,12:23:51,28/6/17,Day of week:,Wednesday,33.56,Grade Celsius,
583,850.09,W/m^2,12:23:54,28/6/17,Day of week:,Wednesday,33.81,Grade Celsius,
584,844.25,W/m^2,12:23:57,28/6/17,Day of week:,Wednesday,33.88,Grade Celsius,
587,855.94,W/m^2,12:24:01,28/6/17,Day of week:,Wednesday,33.94,Grade Celsius,
573,855.94,W/m^2,12:24:04,28/6/17,Day of week:,Wednesday,34.06,Grade Celsius,
582,855.94,W/m^2,12:24:07,28/6/17,Day of week:,Wednesday,33.75,Grade Celsius,
585,857.40,W/m^2,12:24:10,28/6/17,Day of week:,Wednesday,33.88,Grade Celsius,
584,857.40,W/m^2,12:24:13,28/6/17,Day of week:,Wednesday,33.31,Grade Celsius,
583,851.55,W/m^2,12:24:16,28/6/17,Day of week:,Wednesday,33.06,Grade Celsius,
584,872.00,W/m^2,12:24:19,28/6/17,Day of week:,Wednesday,33.00,Grade Celsius,
597,857.40,W/m^2,12:24:22,28/6/17,Day of week:,Wednesday,32.88,Grade Celsius,
582,866.16,W/m^2,12:24:25,28/6/17,Day of week:,Wednesday,33.06,Grade Celsius,
582,855.94,W/m^2,12:24:28,28/6/17,Day of week:,Wednesday,33.13,Grade Celsius,
584,855.94,W/m^2,12:24:31,28/6/17,Day of week:,Wednesday,32.75,Grade Celsius,
586,855.94,W/m^2,12:24:34,28/6/17,Day of week:,Wednesday,32.69,Grade Celsius,
584,857.40,W/m^2,12:24:37,28/6/17,Day of week:,Wednesday,32.75,Grade Celsius,
584,855.94,W/m^2,12:24:40,28/6/17,Day of week:,Wednesday,32.38,Grade Celsius,
594,853.01,W/m^2,12:24:44,28/6/17,Day of week:,Wednesday,32.69,Grade Celsius,
575,853.01,W/m^2,12:24:47,28/6/17,Day of week:,Wednesday,32.50,Grade Celsius,
579,855.94,W/m^2,12:24:50,28/6/17,Day of week:,Wednesday,32.81,Grade Celsius,
582,866.16,W/m^2,12:24:53,28/6/17,Day of week:,Wednesday,33.00,Grade Celsius,
582,853.01,W/m^2,12:24:56,28/6/17,Day of week:,Wednesday,33.25,Grade Celsius,
596,854.47,W/m^2,12:24:59,28/6/17,Day of week:,Wednesday,33.50,Grade Celsius,
576,854.47,W/m^2,12:25:02,28/6/17,Day of week:,Wednesday,33.56,Grade Celsius,
582,857.40,W/m^2,12:25:05,28/6/17,Day of week:,Wednesday,33.81,Grade Celsius,
582,855.94,W/m^2,12:25:08,28/6/17,Day of week:,Wednesday,34.00,Grade Celsius,
574,853.01,W/m^2,12:25:11,28/6/17,Day of week:,Wednesday,34.19,Grade Celsius,
581,853.01,W/m^2,12:25:14,28/6/17,Day of week:,Wednesday,34.38,Grade Celsius,
581,853.01,W/m^2,12:25:17,28/6/17,Day of week:,Wednesday,34.25,Grade Celsius,
579,851.55,W/m^2,12:25:20,28/6/17,Day of week:,Wednesday,34.25,Grade Celsius,
579,853.01,W/m^2,12:25:23,28/6/17,Day of week:,Wednesday,34.25,Grade Celsius,
587,853.01,W/m^2,12:25:26,28/6/17,Day of week:,Wednesday,34.31,Grade Celsius,
582,854.47,W/m^2,12:25:30,28/6/17,Day of week:,Wednesday,34.56,Grade Celsius,
580,848.63,W/m^2,12:25:33,28/6/17,Day of week:,Wednesday,34.38,Grade Celsius,
579,850.09,W/m^2,12:25:36,28/6/17,Day of week:,Wednesday,34.31,Grade Celsius,
579,835.49,W/m^2,12:25:39,28/6/17,Day of week:,Wednesday,34.50,Grade Celsius,
578,853.01,W/m^2,12:25:42,28/6/17,Day of week:,Wednesday,34.63,Grade Celsius,
582,851.55,W/m^2,12:25:45,28/6/17,Day of week:,Wednesday,34.88,Grade Celsius,
580,834.03,W/m^2,12:25:48,28/6/17,Day of week:,Wednesday,34.94,Grade Celsius,
579,858.86,W/m^2,12:25:51,28/6/17,Day of week:,Wednesday,35.13,Grade Celsius,
581,853.01,W/m^2,12:25:54,28/6/17,Day of week:,Wednesday,35.38,Grade Celsius,
581,855.94,W/m^2,12:25:57,28/6/17,Day of week:,Wednesday,35.56,Grade Celsius,
580,839.87,W/m^2,12:26:00,28/6/17,Day of week:,Wednesday,35.63,Grade Celsius,
590,853.01,W/m^2,12:26:03,28/6/17,Day of week:,Wednesday,35.69,Grade Celsius,
566,850.09,W/m^2,12:26:06,28/6/17,Day of week:,Wednesday,35.75,Grade Celsius,
580,855.94,W/m^2,12:26:09,28/6/17,Day of week:,Wednesday,35.88,Grade Celsius,
576,867.62,W/m^2,12:26:13,28/6/17,Day of week:,Wednesday,36.00,Grade Celsius,
583,851.55,W/m^2,12:26:16,28/6/17,Day of week:,Wednesday,35.81,Grade Celsius,
587,854.47,W/m^2,12:26:19,28/6/17,Day of week:,Wednesday,35.56,Grade Celsius,
580,851.55,W/m^2,12:26:22,28/6/17,Day of week:,Wednesday,35.50,Grade Celsius,
582,854.47,W/m^2,12:26:25,28/6/17,Day of week:,Wednesday,35.38,Grade Celsius,
583,855.94,W/m^2,12:26:28,28/6/17,Day of week:,Wednesday,35.31,Grade Celsius,
584,854.47,W/m^2,12:26:31,28/6/17,Day of week:,Wednesday,35.25,Grade Celsius,
589,853.01,W/m^2,12:26:34,28/6/17,Day of week:,Wednesday,35.19,Grade Celsius,
590,853.01,W/m^2,12:26:37,28/6/17,Day of week:,Wednesday,35.19,Grade Celsius,
576,851.55,W/m^2,12:26:40,28/6/17,Day of week:,Wednesday,35.06,Grade Celsius,
583,860.32,W/m^2,12:26:43,28/6/17,Day of week:,Wednesday,35.13,Grade Celsius,
584,845.71,W/m^2,12:26:46,28/6/17,Day of week:,Wednesday,35.38,Grade Celsius,
583,853.01,W/m^2,12:26:49,28/6/17,Day of week:,Wednesday,35.44,Grade Celsius,
582,869.08,W/m^2,12:26:52,28/6/17,Day of week:,Wednesday,35.69,Grade Celsius,
582,854.47,W/m^2,12:26:55,28/6/17,Day of week:,Wednesday,35.94,Grade Celsius,
591,860.32,W/m^2,12:26:59,28/6/17,Day of week:,Wednesday,35.94,Grade Celsius,
584,854.47,W/m^2,12:27:02,28/6/17,Day of week:,Wednesday,35.44,Grade Celsius,
583,860.32,W/m^2,12:27:05,28/6/17,Day of week:,Wednesday,35.56,Grade Celsius,
582,851.55,W/m^2,12:27:08,28/6/17,Day of week:,Wednesday,35.25,Grade Celsius,
572,857.40,W/m^2,12:27:11,28/6/17,Day of week:,Wednesday,35.13,Grade Celsius,
584,844.25,W/m^2,12:27:14,28/6/17,Day of week:,Wednesday,35.13,Grade Celsius,
595,853.01,W/m^2,12:27:17,28/6/17,Day of week:,Wednesday,35.13,Grade Celsius,
584,848.63,W/m^2,12:27:20,28/6/17,Day of week:,Wednesday,35.19,Grade Celsius,
584,866.16,W/m^2,12:27:23,28/6/17,Day of week:,Wednesday,35.25,Grade Celsius,
583,855.94,W/m^2,12:27:26,28/6/17,Day of week:,Wednesday,35.44,Grade Celsius,
582,860.32,W/m^2,12:27:29,28/6/17,Day of week:,Wednesday,35.69,Grade Celsius,
594,855.94,W/m^2,12:27:32,28/6/17,Day of week:,Wednesday,35.75,Grade Celsius,
585,848.63,W/m^2,12:27:35,28/6/17,Day of week:,Wednesday,35.50,Grade Celsius,
585,872.00,W/m^2,12:27:38,28/6/17,Day of week:,Wednesday,35.50,Grade Celsius,
586,861.78,W/m^2,12:27:42,28/6/17,Day of week:,Wednesday,35.38,Grade Celsius,
588,834.03,W/m^2,12:27:45,28/6/17,Day of week:,Wednesday,35.44,Grade Celsius,
580,874.92,W/m^2,12:27:48,28/6/17,Day of week:,Wednesday,35.00,Grade Celsius,
587,841.33,W/m^2,12:27:51,28/6/17,Day of week:,Wednesday,34.69,Grade Celsius,
586,858.86,W/m^2,12:27:54,28/6/17,Day of week:,Wednesday,34.50,Grade Celsius,
584,857.40,W/m^2,12:27:57,28/6/17,Day of week:,Wednesday,34.56,Grade Celsius,
586,855.94,W/m^2,12:28:00,28/6/17,Day of week:,Wednesday,34.81,Grade Celsius,
582,872.00,W/m^2,12:28:03,28/6/17,Day of week:,Wednesday,35.06,Grade Celsius,
584,847.17,W/m^2,12:28:06,28/6/17,Day of week:,Wednesday,35.31,Grade Celsius,
586,844.25,W/m^2,12:28:09,28/6/17,Day of week:,Wednesday,35.56,Grade Celsius,
585,857.40,W/m^2,12:28:12,28/6/17,Day of week:,Wednesday,35.69,Grade Celsius,
590,858.86,W/m^2,12:28:15,28/6/17,Day of week:,Wednesday,35.75,Grade Celsius,
585,876.38,W/m^2,12:28:18,28/6/17,Day of week:,Wednesday,35.81,Grade Celsius,
587,848.63,W/m^2,12:28:21,28/6/17,Day of week:,Wednesday,35.94,Grade Celsius,
588,860.32,W/m^2,12:28:24,28/6/17,Day of week:,Wednesday,36.13,Grade Celsius,
583,853.01,W/m^2,12:28:28,28/6/17,Day of week:,Wednesday,36.19,Grade Celsius,
587,860.32,W/m^2,12:28:31,28/6/17,Day of week:,Wednesday,36.31,Grade Celsius,
576,860.32,W/m^2,12:28:34,28/6/17,Day of week:,Wednesday,36.38,Grade Celsius,
586,858.86,W/m^2,12:28:37,28/6/17,Day of week:,Wednesday,36.50,Grade Celsius,
577,860.32,W/m^2,12:28:40,28/6/17,Day of week:,Wednesday,36.50,Grade Celsius,
588,861.78,W/m^2,12:28:43,28/6/17,Day of week:,Wednesday,36.56,Grade Celsius,
589,838.41,W/m^2,12:28:46,28/6/17,Day of week:,Wednesday,36.69,Grade Celsius,
586,860.32,W/m^2,12:28:49,28/6/17,Day of week:,Wednesday,36.56,Grade Celsius,
590,864.70,W/m^2,12:28:52,28/6/17,Day of week:,Wednesday,36.69,Grade Celsius,
588,858.86,W/m^2,12:28:55,28/6/17,Day of week:,Wednesday,36.94,Grade Celsius,
584,877.84,W/m^2,12:28:58,28/6/17,Day of week:,Wednesday,36.88,Grade Celsius,
587,860.32,W/m^2,12:29:01,28/6/17,Day of week:,Wednesday,36.81,Grade Celsius,
588,853.01,W/m^2,12:29:04,28/6/17,Day of week:,Wednesday,36.75,Grade Celsius,
588,879.31,W/m^2,12:29:07,28/6/17,Day of week:,Wednesday,37.00,Grade Celsius,
587,861.78,W/m^2,12:29:10,28/6/17,Day of week:,Wednesday,37.19,Grade Celsius,
591,864.70,W/m^2,12:29:14,28/6/17,Day of week:,Wednesday,37.25,Grade Celsius,
590,866.16,W/m^2,12:29:17,28/6/17,Day of week:,Wednesday,37.25,Grade Celsius,
588,867.62,W/m^2,12:29:20,28/6/17,Day of week:,Wednesday,37.25,Grade Celsius,
590,863.24,W/m^2,12:29:23,28/6/17,Day of week:,Wednesday,37.38,Grade Celsius,
576,869.08,W/m^2,12:29:26,28/6/17,Day of week:,Wednesday,37.44,Grade Celsius,
587,860.32,W/m^2,12:29:29,28/6/17,Day of week:,Wednesday,37.63,Grade Celsius,
591,867.62,W/m^2,12:29:32,28/6/17,Day of week:,Wednesday,37.75,Grade Celsius,
600,863.24,W/m^2,12:29:35,28/6/17,Day of week:,Wednesday,37.94,Grade Celsius,
578,863.24,W/m^2,12:29:38,28/6/17,Day of week:,Wednesday,38.13,Grade Celsius,
587,861.78,W/m^2,12:29:41,28/6/17,Day of week:,Wednesday,37.94,Grade Celsius,
588,885.15,W/m^2,12:29:44,28/6/17,Day of week:,Wednesday,37.88,Grade Celsius,
591,867.62,W/m^2,12:29:47,28/6/17,Day of week:,Wednesday,37.69,Grade Celsius,
590,866.16,W/m^2,12:29:50,28/6/17,Day of week:,Wednesday,37.50,Grade Celsius,
588,847.17,W/m^2,12:29:53,28/6/17,Day of week:,Wednesday,37.50,Grade Celsius,
590,869.08,W/m^2,12:29:57,28/6/17,Day of week:,Wednesday,37.50,Grade Celsius,
589,867.62,W/m^2,12:30:00,28/6/17,Day of week:,Wednesday,37.63,Grade Celsius,
591,866.16,W/m^2,12:30:03,28/6/17,Day of week:,Wednesday,37.63,Grade Celsius,
597,866.16,W/m^2,12:30:06,28/6/17,Day of week:,Wednesday,37.63,Grade Celsius,
592,869.08,W/m^2,12:30:09,28/6/17,Day of week:,Wednesday,37.50,Grade Celsius,
593,861.78,W/m^2,12:30:12,28/6/17,Day of week:,Wednesday,37.75,Grade Celsius,
590,866.16,W/m^2,12:30:15,28/6/17,Day of week:,Wednesday,37.75,Grade Celsius,
604,864.70,W/m^2,12:30:18,28/6/17,Day of week:,Wednesday,37.75,Grade Celsius,
591,866.16,W/m^2,12:30:21,28/6/17,Day of week:,Wednesday,37.75,Grade Celsius,
594,864.70,W/m^2,12:30:24,28/6/17,Day of week:,Wednesday,37.88,Grade Celsius,
590,885.15,W/m^2,12:30:27,28/6/17,Day of week:,Wednesday,37.75,Grade Celsius,
587,870.54,W/m^2,12:30:30,28/6/17,Day of week:,Wednesday,37.44,Grade Celsius,
591,864.70,W/m^2,12:30:33,28/6/17,Day of week:,Wednesday,37.75,Grade Celsius,
591,886.61,W/m^2,12:30:36,28/6/17,Day of week:,Wednesday,37.94,Grade Celsius,
593,869.08,W/m^2,12:30:40,28/6/17,Day of week:,Wednesday,38.06,Grade Celsius,
592,867.62,W/m^2,12:30:43,28/6/17,Day of week:,Wednesday,38.13,Grade Celsius,
590,866.16,W/m^2,12:30:46,28/6/17,Day of week:,Wednesday,38.31,Grade Celsius,
592,870.54,W/m^2,12:30:49,28/6/17,Day of week:,Wednesday,38.50,Grade Celsius,
592,858.86,W/m^2,12:30:52,28/6/17,Day of week:,Wednesday,38.63,Grade Celsius,
592,867.62,W/m^2,12:30:55,28/6/17,Day of week:,Wednesday,38.69,Grade Celsius,
591,867.62,W/m^2,12:30:58,28/6/17,Day of week:,Wednesday,38.44,Grade Celsius,
594,867.62,W/m^2,12:31:01,28/6/17,Day of week:,Wednesday,38.50,Grade Celsius,
599,866.16,W/m^2,12:31:04,28/6/17,Day of week:,Wednesday,38.63,Grade Celsius,
599,870.54,W/m^2,12:31:07,28/6/17,Day of week:,Wednesday,38.69,Grade Celsius,
593,869.08,W/m^2,12:31:10,28/6/17,Day of week:,Wednesday,37.94,Grade Celsius,
593,869.08,W/m^2,12:31:13,28/6/17,Day of week:,Wednesday,37.56,Grade Celsius,
593,872.00,W/m^2,12:31:16,28/6/17,Day of week:,Wednesday,37.19,Grade Celsius,
598,872.00,W/m^2,12:31:19,28/6/17,Day of week:,Wednesday,36.38,Grade Celsius,
595,872.00,W/m^2,12:31:23,28/6/17,Day of week:,Wednesday,35.69,Grade Celsius,
592,869.08,W/m^2,12:31:26,28/6/17,Day of week:,Wednesday,35.19,Grade Celsius,
593,872.00,W/m^2,12:31:29,28/6/17,Day of week:,Wednesday,35.13,Grade Celsius,
589,872.00,W/m^2,12:31:32,28/6/17,Day of week:,Wednesday,35.00,Grade Celsius,
592,872.00,W/m^2,12:31:35,28/6/17,Day of week:,Wednesday,35.00,Grade Celsius,
599,872.00,W/m^2,12:31:38,28/6/17,Day of week:,Wednesday,34.81,Grade Celsius,
595,874.92,W/m^2,12:31:41,28/6/17,Day of week:,Wednesday,35.13,Grade Celsius,
591,890.99,W/m^2,12:31:44,28/6/17,Day of week:,Wednesday,35.25,Grade Celsius,
594,872.00,W/m^2,12:31:47,28/6/17,Day of week:,Wednesday,35.25,Grade Celsius,
607,873.46,W/m^2,12:31:50,28/6/17,Day of week:,Wednesday,35.38,Grade Celsius,
605,870.54,W/m^2,12:31:53,28/6/17,Day of week:,Wednesday,35.06,Grade Celsius,
596,874.92,W/m^2,12:31:56,28/6/17,Day of week:,Wednesday,35.00,Grade Celsius,
597,874.92,W/m^2,12:31:59,28/6/17,Day of week:,Wednesday,34.94,Grade Celsius,
586,872.00,W/m^2,12:32:02,28/6/17,Day of week:,Wednesday,34.88,Grade Celsius,
594,873.46,W/m^2,12:32:05,28/6/17,Day of week:,Wednesday,35.00,Grade Celsius,
589,882.23,W/m^2,12:32:09,28/6/17,Day of week:,Wednesday,35.19,Grade Celsius,
596,872.00,W/m^2,12:32:12,28/6/17,Day of week:,Wednesday,35.31,Grade Celsius,
602,876.38,W/m^2,12:32:15,28/6/17,Day of week:,Wednesday,35.31,Grade Celsius,
609,876.38,W/m^2,12:32:18,28/6/17,Day of week:,Wednesday,35.25,Grade Celsius,
597,885.15,W/m^2,12:32:21,28/6/17,Day of week:,Wednesday,35.25,Grade Celsius,
596,873.46,W/m^2,12:32:24,28/6/17,Day of week:,Wednesday,35.31,Grade Celsius,
587,879.31,W/m^2,12:32:27,28/6/17,Day of week:,Wednesday,35.50,Grade Celsius,
600,880.77,W/m^2,12:32:30,28/6/17,Day of week:,Wednesday,35.69,Grade Celsius,
586,874.92,W/m^2,12:32:33,28/6/17,Day of week:,Wednesday,35.75,Grade Celsius,
599,861.78,W/m^2,12:32:36,28/6/17,Day of week:,Wednesday,36.00,Grade Celsius,
599,880.77,W/m^2,12:32:39,28/6/17,Day of week:,Wednesday,36.13,Grade Celsius,
600,877.84,W/m^2,12:32:42,28/6/17,Day of week:,Wednesday,35.88,Grade Celsius,
598,874.92,W/m^2,12:32:45,28/6/17,Day of week:,Wednesday,35.81,Grade Celsius,
595,874.92,W/m^2,12:32:48,28/6/17,Day of week:,Wednesday,36.00,Grade Celsius,
598,855.94,W/m^2,12:32:51,28/6/17,Day of week:,Wednesday,36.13,Grade Celsius,
599,858.86,W/m^2,12:32:55,28/6/17,Day of week:,Wednesday,36.25,Grade Celsius,
599,874.92,W/m^2,12:32:58,28/6/17,Day of week:,Wednesday,36.25,Grade Celsius,
600,880.77,W/m^2,12:33:01,28/6/17,Day of week:,Wednesday,36.44,Grade Celsius,
606,874.92,W/m^2,12:33:04,28/6/17,Day of week:,Wednesday,36.19,Grade Celsius,
610,877.84,W/m^2,12:33:07,28/6/17,Day of week:,Wednesday,36.19,Grade Celsius,
615,882.23,W/m^2,12:33:10,28/6/17,Day of week:,Wednesday,36.06,Grade Celsius,
591,879.31,W/m^2,12:33:13,28/6/17,Day of week:,Wednesday,36.06,Grade Celsius,
600,880.77,W/m^2,12:33:16,28/6/17,Day of week:,Wednesday,36.06,Grade Celsius,
597,869.08,W/m^2,12:33:19,28/6/17,Day of week:,Wednesday,35.94,Grade Celsius,
602,880.77,W/m^2,12:33:22,28/6/17,Day of week:,Wednesday,35.50,Grade Celsius,
595,877.84,W/m^2,12:33:25,28/6/17,Day of week:,Wednesday,35.63,Grade Celsius,
600,882.23,W/m^2,12:33:28,28/6/17,Day of week:,Wednesday,35.75,Grade Celsius,
601,882.23,W/m^2,12:33:31,28/6/17,Day of week:,Wednesday,35.75,Grade Celsius,
601,877.84,W/m^2,12:33:34,28/6/17,Day of week:,Wednesday,35.56,Grade Celsius,
599,879.31,W/m^2,12:33:37,28/6/17,Day of week:,Wednesday,35.13,Grade Celsius,
600,879.31,W/m^2,12:33:41,28/6/17,Day of week:,Wednesday,35.44,Grade Celsius,
604,883.69,W/m^2,12:33:44,28/6/17,Day of week:,Wednesday,35.63,Grade Celsius,
602,885.15,W/m^2,12:33:47,28/6/17,Day of week:,Wednesday,35.69,Grade Celsius,
601,879.31,W/m^2,12:33:50,28/6/17,Day of week:,Wednesday,35.75,Grade Celsius,
600,883.69,W/m^2,12:33:53,28/6/17,Day of week:,Wednesday,36.00,Grade Celsius,
602,880.77,W/m^2,12:33:56,28/6/17,Day of week:,Wednesday,36.00,Grade Celsius,
604,885.15,W/m^2,12:33:59,28/6/17,Day of week:,Wednesday,35.88,Grade Celsius,
601,880.77,W/m^2,12:34:02,28/6/17,Day of week:,Wednesday,35.75,Grade Celsius,
602,882.23,W/m^2,12:34:05,28/6/17,Day of week:,Wednesday,35.69,Grade Celsius,
608,892.45,W/m^2,12:34:08,28/6/17,Day of week:,Wednesday,35.75,Grade Celsius,
602,883.69,W/m^2,12:34:11,28/6/17,Day of week:,Wednesday,35.88,Grade Celsius,
603,883.69,W/m^2,12:34:14,28/6/17,Day of week:,Wednesday,36.00,Grade Celsius,
601,882.23,W/m^2,12:34:17,28/6/17,Day of week:,Wednesday,35.75,Grade Celsius,
603,886.61,W/m^2,12:34:20,28/6/17,Day of week:,Wednesday,36.00,Grade Celsius,
605,886.61,W/m^2,12:34:24,28/6/17,Day of week:,Wednesday,36.19,Grade Celsius,
612,883.69,W/m^2,12:34:27,28/6/17,Day of week:,Wednesday,36.25,Grade Celsius,
602,885.15,W/m^2,12:34:30,28/6/17,Day of week:,Wednesday,36.38,Grade Celsius,
603,866.16,W/m^2,12:34:33,28/6/17,Day of week:,Wednesday,35.88,Grade Celsius,
605,892.45,W/m^2,12:34:36,28/6/17,Day of week:,Wednesday,36.00,Grade Celsius,
618,888.07,W/m^2,12:34:39,28/6/17,Day of week:,Wednesday,36.00,Grade Celsius,
607,888.07,W/m^2,12:34:42,28/6/17,Day of week:,Wednesday,36.19,Grade Celsius,
606,889.53,W/m^2,12:34:45,28/6/17,Day of week:,Wednesday,35.94,Grade Celsius,
606,888.07,W/m^2,12:34:48,28/6/17,Day of week:,Wednesday,36.13,Grade Celsius,
606,890.99,W/m^2,12:34:51,28/6/17,Day of week:,Wednesday,36.13,Grade Celsius,
610,889.53,W/m^2,12:34:54,28/6/17,Day of week:,Wednesday,36.19,Grade Celsius,
607,889.53,W/m^2,12:34:57,28/6/17,Day of week:,Wednesday,35.94,Grade Celsius,
608,895.37,W/m^2,12:35:01,28/6/17,Day of week:,Wednesday,36.00,Grade Celsius,
606,889.53,W/m^2,12:35:04,28/6/17,Day of week:,Wednesday,36.19,Grade Celsius,
598,890.99,W/m^2,12:35:07,28/6/17,Day of week:,Wednesday,36.31,Grade Celsius,
601,879.31,W/m^2,12:35:10,28/6/17,Day of week:,Wednesday,36.44,Grade Celsius,
615,883.69,W/m^2,12:35:13,28/6/17,Day of week:,Wednesday,36.63,Grade Celsius,
607,886.61,W/m^2,12:35:16,28/6/17,Day of week:,Wednesday,36.19,Grade Celsius,
607,882.23,W/m^2,12:35:19,28/6/17,Day of week:,Wednesday,35.81,Grade Celsius,
611,893.91,W/m^2,12:35:22,28/6/17,Day of week:,Wednesday,36.00,Grade Celsius,
612,892.45,W/m^2,12:35:25,28/6/17,Day of week:,Wednesday,36.19,Grade Celsius,
610,892.45,W/m^2,12:35:28,28/6/17,Day of week:,Wednesday,36.25,Grade Celsius,
607,901.21,W/m^2,12:35:31,28/6/17,Day of week:,Wednesday,36.31,Grade Celsius,
612,904.14,W/m^2,12:35:34,28/6/17,Day of week:,Wednesday,36.38,Grade Celsius,
608,896.83,W/m^2,12:35:37,28/6/17,Day of week:,Wednesday,36.50,Grade Celsius,
611,895.37,W/m^2,12:35:40,28/6/17,Day of week:,Wednesday,36.63,Grade Celsius,
611,899.75,W/m^2,12:35:43,28/6/17,Day of week:,Wednesday,36.81,Grade Celsius,
607,892.45,W/m^2,12:35:47,28/6/17,Day of week:,Wednesday,36.88,Grade Celsius,
610,905.60,W/m^2,12:35:50,28/6/17,Day of week:,Wednesday,36.88,Grade Celsius,
610,879.31,W/m^2,12:35:53,28/6/17,Day of week:,Wednesday,36.75,Grade Celsius,
610,896.83,W/m^2,12:35:56,28/6/17,Day of week:,Wednesday,36.63,Grade Celsius,
610,896.83,W/m^2,12:35:59,28/6/17,Day of week:,Wednesday,36.19,Grade Celsius,
612,899.75,W/m^2,12:36:02,28/6/17,Day of week:,Wednesday,36.13,Grade Celsius,
611,896.83,W/m^2,12:36:05,28/6/17,Day of week:,Wednesday,36.25,Grade Celsius,
611,895.37,W/m^2,12:36:08,28/6/17,Day of week:,Wednesday,35.88,Grade Celsius,
615,886.61,W/m^2,12:36:11,28/6/17,Day of week:,Wednesday,35.69,Grade Celsius,
613,914.36,W/m^2,12:36:14,28/6/17,Day of week:,Wednesday,35.56,Grade Celsius,
614,898.29,W/m^2,12:36:17,28/6/17,Day of week:,Wednesday,35.56,Grade Celsius,
611,895.37,W/m^2,12:36:20,28/6/17,Day of week:,Wednesday,35.31,Grade Celsius,
623,895.37,W/m^2,12:36:23,28/6/17,Day of week:,Wednesday,35.19,Grade Celsius,
613,898.29,W/m^2,12:36:26,28/6/17,Day of week:,Wednesday,35.06,Grade Celsius,
610,896.83,W/m^2,12:36:30,28/6/17,Day of week:,Wednesday,35.00,Grade Celsius,
612,890.99,W/m^2,12:36:33,28/6/17,Day of week:,Wednesday,35.06,Grade Celsius,
612,901.21,W/m^2,12:36:36,28/6/17,Day of week:,Wednesday,34.94,Grade Celsius,
612,901.21,W/m^2,12:36:39,28/6/17,Day of week:,Wednesday,34.75,Grade Celsius,
615,902.68,W/m^2,12:36:42,28/6/17,Day of week:,Wednesday,34.63,Grade Celsius,
614,898.29,W/m^2,12:36:45,28/6/17,Day of week:,Wednesday,34.31,Grade Celsius,
614,902.68,W/m^2,12:36:48,28/6/17,Day of week:,Wednesday,34.50,Grade Celsius,
616,905.60,W/m^2,12:36:51,28/6/17,Day of week:,Wednesday,34.75,Grade Celsius,
617,898.29,W/m^2,12:36:54,28/6/17,Day of week:,Wednesday,34.31,Grade Celsius,
615,901.21,W/m^2,12:36:57,28/6/17,Day of week:,Wednesday,34.25,Grade Celsius,
613,899.75,W/m^2,12:37:00,28/6/17,Day of week:,Wednesday,34.25,Grade Celsius,
618,904.14,W/m^2,12:37:03,28/6/17,Day of week:,Wednesday,34.38,Grade Celsius,
622,901.21,W/m^2,12:37:06,28/6/17,Day of week:,Wednesday,34.31,Grade Celsius,
617,905.60,W/m^2,12:37:09,28/6/17,Day of week:,Wednesday,34.44,Grade Celsius,
606,896.83,W/m^2,12:37:12,28/6/17,Day of week:,Wednesday,34.44,Grade Celsius,
613,908.52,W/m^2,12:37:16,28/6/17,Day of week:,Wednesday,34.31,Grade Celsius,
622,907.06,W/m^2,12:37:19,28/6/17,Day of week:,Wednesday,34.13,Grade Celsius,
618,909.98,W/m^2,12:37:22,28/6/17,Day of week:,Wednesday,33.63,Grade Celsius,
618,908.52,W/m^2,12:37:25,28/6/17,Day of week:,Wednesday,33.44,Grade Celsius,
621,911.44,W/m^2,12:37:28,28/6/17,Day of week:,Wednesday,33.69,Grade Celsius,
620,896.83,W/m^2,12:37:31,28/6/17,Day of week:,Wednesday,33.81,Grade Celsius,
619,898.29,W/m^2,12:37:34,28/6/17,Day of week:,Wednesday,34.00,Grade Celsius,
626,890.99,W/m^2,12:37:37,28/6/17,Day of week:,Wednesday,33.88,Grade Celsius,
618,924.59,W/m^2,12:37:40,28/6/17,Day of week:,Wednesday,33.81,Grade Celsius,
631,907.06,W/m^2,12:37:43,28/6/17,Day of week:,Wednesday,33.75,Grade Celsius,
618,907.06,W/m^2,12:37:46,28/6/17,Day of week:,Wednesday,33.94,Grade Celsius,
619,886.61,W/m^2,12:37:49,28/6/17,Day of week:,Wednesday,33.69,Grade Celsius,
628,912.90,W/m^2,12:37:52,28/6/17,Day of week:,Wednesday,33.56,Grade Celsius,
623,928.97,W/m^2,12:37:55,28/6/17,Day of week:,Wednesday,33.44,Grade Celsius,
622,893.91,W/m^2,12:37:58,28/6/17,Day of week:,Wednesday,33.31,Grade Celsius,
622,909.98,W/m^2,12:38:02,28/6/17,Day of week:,Wednesday,33.38,Grade Celsius,
630,915.82,W/m^2,12:38:05,28/6/17,Day of week:,Wednesday,33.63,Grade Celsius,
627,899.75,W/m^2,12:38:08,28/6/17,Day of week:,Wednesday,33.31,Grade Celsius,
625,911.44,W/m^2,12:38:11,28/6/17,Day of week:,Wednesday,33.25,Grade Celsius,
621,912.90,W/m^2,12:38:14,28/6/17,Day of week:,Wednesday,33.13,Grade Celsius,
624,921.66,W/m^2,12:38:17,28/6/17,Day of week:,Wednesday,32.88,Grade Celsius,
628,914.36,W/m^2,12:38:20,28/6/17,Day of week:,Wednesday,33.13,Grade Celsius,
625,918.74,W/m^2,12:38:23,28/6/17,Day of week:,Wednesday,33.38,Grade Celsius,
628,918.74,W/m^2,12:38:26,28/6/17,Day of week:,Wednesday,33.44,Grade Celsius,
624,918.74,W/m^2,12:38:29,28/6/17,Day of week:,Wednesday,33.81,Grade Celsius,
624,917.28,W/m^2,12:38:32,28/6/17,Day of week:,Wednesday,34.06,Grade Celsius,
626,920.20,W/m^2,12:38:35,28/6/17,Day of week:,Wednesday,34.06,Grade Celsius,
626,917.28,W/m^2,12:38:38,28/6/17,Day of week:,Wednesday,34.19,Grade Celsius,
626,917.28,W/m^2,12:38:41,28/6/17,Day of week:,Wednesday,34.00,Grade Celsius,
626,923.12,W/m^2,12:38:44,28/6/17,Day of week:,Wednesday,34.06,Grade Celsius,
633,921.66,W/m^2,12:38:48,28/6/17,Day of week:,Wednesday,34.19,Grade Celsius,
627,924.59,W/m^2,12:38:51,28/6/17,Day of week:,Wednesday,34.31,Grade Celsius,
627,918.74,W/m^2,12:38:54,28/6/17,Day of week:,Wednesday,34.31,Grade Celsius,
627,921.66,W/m^2,12:38:57,28/6/17,Day of week:,Wednesday,34.13,Grade Celsius,
626,921.66,W/m^2,12:39:00,28/6/17,Day of week:,Wednesday,34.13,Grade Celsius,
629,924.59,W/m^2,12:39:03,28/6/17,Day of week:,Wednesday,34.25,Grade Celsius,
644,924.59,W/m^2,12:39:06,28/6/17,Day of week:,Wednesday,34.38,Grade Celsius,
630,921.66,W/m^2,12:39:09,28/6/17,Day of week:,Wednesday,34.69,Grade Celsius,
629,928.97,W/m^2,12:39:12,28/6/17,Day of week:,Wednesday,34.94,Grade Celsius,
628,912.90,W/m^2,12:39:15,28/6/17,Day of week:,Wednesday,35.13,Grade Celsius,
628,921.66,W/m^2,12:39:18,28/6/17,Day of week:,Wednesday,35.44,Grade Celsius,
632,927.51,W/m^2,12:39:21,28/6/17,Day of week:,Wednesday,35.63,Grade Celsius,
620,926.05,W/m^2,12:39:24,28/6/17,Day of week:,Wednesday,35.88,Grade Celsius,
632,926.05,W/m^2,12:39:27,28/6/17,Day of week:,Wednesday,35.88,Grade Celsius,
619,923.12,W/m^2,12:39:31,28/6/17,Day of week:,Wednesday,35.88,Grade Celsius,
630,921.66,W/m^2,12:39:34,28/6/17,Day of week:,Wednesday,36.00,Grade Celsius,
630,921.66,W/m^2,12:39:37,28/6/17,Day of week:,Wednesday,36.00,Grade Celsius,
626,924.59,W/m^2,12:39:40,28/6/17,Day of week:,Wednesday,35.94,Grade Celsius,
632,931.89,W/m^2,12:39:43,28/6/17,Day of week:,Wednesday,35.88,Grade Celsius,
627,923.12,W/m^2,12:39:46,28/6/17,Day of week:,Wednesday,35.88,Grade Celsius,
643,931.89,W/m^2,12:39:49,28/6/17,Day of week:,Wednesday,35.69,Grade Celsius,
632,933.35,W/m^2,12:39:52,28/6/17,Day of week:,Wednesday,35.63,Grade Celsius,
633,924.59,W/m^2,12:39:55,28/6/17,Day of week:,Wednesday,35.56,Grade Celsius,
633,931.89,W/m^2,12:39:58,28/6/17,Day of week:,Wednesday,35.56,Grade Celsius,
633,949.42,W/m^2,12:40:01,28/6/17,Day of week:,Wednesday,35.63,Grade Celsius,
635,930.43,W/m^2,12:40:04,28/6/17,Day of week:,Wednesday,35.75,Grade Celsius,
636,927.51,W/m^2,12:40:07,28/6/17,Day of week:,Wednesday,35.88,Grade Celsius,
641,918.74,W/m^2,12:40:10,28/6/17,Day of week:,Wednesday,36.00,Grade Celsius,
622,931.89,W/m^2,12:40:14,28/6/17,Day of week:,Wednesday,35.88,Grade Celsius,
636,933.35,W/m^2,12:40:17,28/6/17,Day of week:,Wednesday,35.88,Grade Celsius,
637,933.35,W/m^2,12:40:20,28/6/17,Day of week:,Wednesday,36.06,Grade Celsius,
634,927.51,W/m^2,12:40:23,28/6/17,Day of week:,Wednesday,36.06,Grade Celsius,
632,931.89,W/m^2,12:40:26,28/6/17,Day of week:,Wednesday,36.00,Grade Celsius,
628,918.74,W/m^2,12:40:29,28/6/17,Day of week:,Wednesday,35.88,Grade Celsius,
637,936.27,W/m^2,12:40:32,28/6/17,Day of week:,Wednesday,35.88,Grade Celsius,
638,931.89,W/m^2,12:40:35,28/6/17,Day of week:,Wednesday,35.81,Grade Celsius,
636,926.05,W/m^2,12:40:38,28/6/17,Day of week:,Wednesday,35.75,Grade Celsius,
636,921.66,W/m^2,12:40:41,28/6/17,Day of week:,Wednesday,35.63,Grade Celsius,
637,933.35,W/m^2,12:40:44,28/6/17,Day of week:,Wednesday,35.38,Grade Celsius,
639,936.27,W/m^2,12:40:47,28/6/17,Day of week:,Wednesday,35.19,Grade Celsius,
639,933.35,W/m^2,12:40:50,28/6/17,Day of week:,Wednesday,35.19,Grade Celsius,
633,931.89,W/m^2,12:40:53,28/6/17,Day of week:,Wednesday,35.31,Grade Celsius,
637,934.81,W/m^2,12:40:57,28/6/17,Day of week:,Wednesday,35.38,Grade Celsius,
638,921.66,W/m^2,12:41:00,28/6/17,Day of week:,Wednesday,35.50,Grade Celsius,
639,939.19,W/m^2,12:41:03,28/6/17,Day of week:,Wednesday,35.63,Grade Celsius,
641,939.19,W/m^2,12:41:06,28/6/17,Day of week:,Wednesday,35.50,Grade Celsius,
648,942.11,W/m^2,12:41:09,28/6/17,Day of week:,Wednesday,35.25,Grade Celsius,
646,947.96,W/m^2,12:41:12,28/6/17,Day of week:,Wednesday,35.13,Grade Celsius,
642,933.35,W/m^2,12:41:15,28/6/17,Day of week:,Wednesday,35.00,Grade Celsius,
647,946.49,W/m^2,12:41:18,28/6/17,Day of week:,Wednesday,34.88,Grade Celsius,
647,945.03,W/m^2,12:41:21,28/6/17,Day of week:,Wednesday,35.00,Grade Celsius,
650,956.72,W/m^2,12:41:24,28/6/17,Day of week:,Wednesday,34.94,Grade Celsius,
649,959.64,W/m^2,12:41:27,28/6/17,Day of week:,Wednesday,34.81,Grade Celsius,
652,955.26,W/m^2,12:41:30,28/6/17,Day of week:,Wednesday,34.81,Grade Celsius,
652,952.34,W/m^2,12:41:33,28/6/17,Day of week:,Wednesday,34.81,Grade Celsius,
651,956.72,W/m^2,12:41:36,28/6/17,Day of week:,Wednesday,34.81,Grade Celsius,
590,857.40,W/m^2,12:41:39,28/6/17,Day of week:,Wednesday,34.75,Grade Celsius,
461,673.36,W/m^2,12:41:43,28/6/17,Day of week:,Wednesday,34.63,Grade Celsius,
429,631.00,W/m^2,12:41:46,28/6/17,Day of week:,Wednesday,34.69,Grade Celsius,
544,781.44,W/m^2,12:41:49,28/6/17,Day of week:,Wednesday,34.69,Grade Celsius,
586,858.86,W/m^2,12:41:52,28/6/17,Day of week:,Wednesday,34.56,Grade Celsius,
475,696.73,W/m^2,12:41:55,28/6/17,Day of week:,Wednesday,34.50,Grade Celsius,
363,534.59,W/m^2,12:41:58,28/6/17,Day of week:,Wednesday,34.50,Grade Celsius,
442,652.91,W/m^2,12:42:01,28/6/17,Day of week:,Wednesday,34.50,Grade Celsius,
505,740.54,W/m^2,12:42:04,28/6/17,Day of week:,Wednesday,34.50,Grade Celsius,
472,699.65,W/m^2,12:42:07,28/6/17,Day of week:,Wednesday,34.50,Grade Celsius,
434,638.30,W/m^2,12:42:10,28/6/17,Day of week:,Wednesday,34.63,Grade Celsius,
458,671.89,W/m^2,12:42:13,28/6/17,Day of week:,Wednesday,34.75,Grade Celsius,
479,701.11,W/m^2,12:42:16,28/6/17,Day of week:,Wednesday,34.75,Grade Celsius,
470,686.50,W/m^2,12:42:19,28/6/17,Day of week:,Wednesday,34.81,Grade Celsius,
538,787.28,W/m^2,12:42:22,28/6/17,Day of week:,Wednesday,34.88,Grade Celsius,
518,766.84,W/m^2,12:42:25,28/6/17,Day of week:,Wednesday,34.94,Grade Celsius,
449,657.29,W/m^2,12:42:29,28/6/17,Day of week:,Wednesday,34.81,Grade Celsius,
576,845.71,W/m^2,12:42:32,28/6/17,Day of week:,Wednesday,34.75,Grade Celsius,
623,907.06,W/m^2,12:42:35,28/6/17,Day of week:,Wednesday,34.69,Grade Celsius,
651,969.86,W/m^2,12:42:38,28/6/17,Day of week:,Wednesday,34.69,Grade Celsius,
625,917.28,W/m^2,12:42:41,28/6/17,Day of week:,Wednesday,34.75,Grade Celsius,
608,889.53,W/m^2,12:42:44,28/6/17,Day of week:,Wednesday,34.63,Grade Celsius,
643,939.19,W/m^2,12:42:47,28/6/17,Day of week:,Wednesday,34.94,Grade Celsius,
636,933.35,W/m^2,12:42:50,28/6/17,Day of week:,Wednesday,35.13,Grade Celsius,
626,921.66,W/m^2,12:42:53,28/6/17,Day of week:,Wednesday,35.31,Grade Celsius,
640,939.19,W/m^2,12:42:56,28/6/17,Day of week:,Wednesday,35.38,Grade Celsius,
644,956.72,W/m^2,12:42:59,28/6/17,Day of week:,Wednesday,35.38,Grade Celsius,
639,937.73,W/m^2,12:43:02,28/6/17,Day of week:,Wednesday,35.19,Grade Celsius,
655,950.88,W/m^2,12:43:05,28/6/17,Day of week:,Wednesday,35.38,Grade Celsius,
645,943.57,W/m^2,12:43:08,28/6/17,Day of week:,Wednesday,35.38,Grade Celsius,
609,899.75,W/m^2,12:43:11,28/6/17,Day of week:,Wednesday,35.06,Grade Celsius,
558,819.42,W/m^2,12:43:15,28/6/17,Day of week:,Wednesday,34.81,Grade Celsius,
556,807.73,W/m^2,12:43:18,28/6/17,Day of week:,Wednesday,34.75,Grade Celsius,
513,753.69,W/m^2,12:43:21,28/6/17,Day of week:,Wednesday,34.69,Grade Celsius,
598,874.92,W/m^2,12:43:24,28/6/17,Day of week:,Wednesday,34.75,Grade Celsius,
487,705.49,W/m^2,12:43:27,28/6/17,Day of week:,Wednesday,34.81,Grade Celsius,
516,771.22,W/m^2,12:43:30,28/6/17,Day of week:,Wednesday,34.88,Grade Celsius,
557,829.64,W/m^2,12:43:33,28/6/17,Day of week:,Wednesday,35.06,Grade Celsius,
543,796.05,W/m^2,12:43:36,28/6/17,Day of week:,Wednesday,35.00,Grade Celsius,
599,898.29,W/m^2,12:43:39,28/6/17,Day of week:,Wednesday,35.00,Grade Celsius,
577,832.56,W/m^2,12:43:42,28/6/17,Day of week:,Wednesday,34.94,Grade Celsius,
642,942.11,W/m^2,12:43:45,28/6/17,Day of week:,Wednesday,35.13,Grade Celsius,
636,937.73,W/m^2,12:43:48,28/6/17,Day of week:,Wednesday,35.25,Grade Celsius,
623,917.28,W/m^2,12:43:51,28/6/17,Day of week:,Wednesday,35.38,Grade Celsius,
589,863.24,W/m^2,12:43:54,28/6/17,Day of week:,Wednesday,35.44,Grade Celsius,
566,828.18,W/m^2,12:43:58,28/6/17,Day of week:,Wednesday,35.50,Grade Celsius,
511,746.39,W/m^2,12:44:01,28/6/17,Day of week:,Wednesday,35.56,Grade Celsius,
350,514.15,W/m^2,12:44:04,28/6/17,Day of week:,Wednesday,35.63,Grade Celsius,
384,568.19,W/m^2,12:44:07,28/6/17,Day of week:,Wednesday,35.75,Grade Celsius,
349,517.07,W/m^2,12:44:10,28/6/17,Day of week:,Wednesday,35.69,Grade Celsius,
443,657.29,W/m^2,12:44:13,28/6/17,Day of week:,Wednesday,35.56,Grade Celsius,
535,782.90,W/m^2,12:44:16,28/6/17,Day of week:,Wednesday,35.38,Grade Celsius,
495,721.56,W/m^2,12:44:19,28/6/17,Day of week:,Wednesday,35.25,Grade Celsius,
602,879.31,W/m^2,12:44:22,28/6/17,Day of week:,Wednesday,35.19,Grade Celsius,
606,870.54,W/m^2,12:44:25,28/6/17,Day of week:,Wednesday,35.00,Grade Celsius,
599,885.15,W/m^2,12:44:28,28/6/17,Day of week:,Wednesday,35.19,Grade Celsius,
577,844.25,W/m^2,12:44:31,28/6/17,Day of week:,Wednesday,35.31,Grade Celsius,
587,845.71,W/m^2,12:44:34,28/6/17,Day of week:,Wednesday,35.19,Grade Celsius,
615,886.61,W/m^2,12:44:37,28/6/17,Day of week:,Wednesday,35.31,Grade Celsius,
649,942.11,W/m^2,12:44:40,28/6/17,Day of week:,Wednesday,35.25,Grade Celsius,
634,930.43,W/m^2,12:44:44,28/6/17,Day of week:,Wednesday,35.06,Grade Celsius,
643,934.81,W/m^2,12:44:47,28/6/17,Day of week:,Wednesday,35.13,Grade Celsius,
639,934.81,W/m^2,12:44:50,28/6/17,Day of week:,Wednesday,35.00,Grade Celsius,
642,942.11,W/m^2,12:44:53,28/6/17,Day of week:,Wednesday,35.13,Grade Celsius,
654,942.11,W/m^2,12:44:56,28/6/17,Day of week:,Wednesday,35.25,Grade Celsius,
642,956.72,W/m^2,12:44:59,28/6/17,Day of week:,Wednesday,35.19,Grade Celsius,
645,945.03,W/m^2,12:45:02,28/6/17,Day of week:,Wednesday,35.06,Grade Celsius,
646,947.96,W/m^2,12:45:05,28/6/17,Day of week:,Wednesday,34.69,Grade Celsius,
642,930.43,W/m^2,12:45:08,28/6/17,Day of week:,Wednesday,34.50,Grade Celsius,
645,950.88,W/m^2,12:45:11,28/6/17,Day of week:,Wednesday,34.38,Grade Celsius,
658,947.96,W/m^2,12:45:14,28/6/17,Day of week:,Wednesday,34.50,Grade Celsius,
645,939.19,W/m^2,12:45:17,28/6/17,Day of week:,Wednesday,34.44,Grade Celsius,
646,947.96,W/m^2,12:45:21,28/6/17,Day of week:,Wednesday,34.44,Grade Celsius,
646,949.42,W/m^2,12:45:24,28/6/17,Day of week:,Wednesday,34.50,Grade Celsius,
646,950.88,W/m^2,12:45:27,28/6/17,Day of week:,Wednesday,34.44,Grade Celsius,
658,942.11,W/m^2,12:45:30,28/6/17,Day of week:,Wednesday,34.31,Grade Celsius,
643,943.57,W/m^2,12:45:33,28/6/17,Day of week:,Wednesday,34.44,Grade Celsius,
642,942.11,W/m^2,12:45:36,28/6/17,Day of week:,Wednesday,34.50,Grade Celsius,
643,945.03,W/m^2,12:45:39,28/6/17,Day of week:,Wednesday,34.31,Grade Celsius,
644,942.11,W/m^2,12:45:42,28/6/17,Day of week:,Wednesday,34.13,Grade Celsius,
639,942.11,W/m^2,12:45:45,28/6/17,Day of week:,Wednesday,34.25,Grade Celsius,
643,945.03,W/m^2,12:45:48,28/6/17,Day of week:,Wednesday,33.94,Grade Celsius,
639,943.57,W/m^2,12:45:51,28/6/17,Day of week:,Wednesday,34.13,Grade Celsius,
645,945.03,W/m^2,12:45:54,28/6/17,Day of week:,Wednesday,34.19,Grade Celsius,
643,939.19,W/m^2,12:45:57,28/6/17,Day of week:,Wednesday,34.00,Grade Celsius,
642,940.65,W/m^2,12:46:00,28/6/17,Day of week:,Wednesday,34.19,Grade Celsius,
652,950.88,W/m^2,12:46:04,28/6/17,Day of week:,Wednesday,34.25,Grade Celsius,
649,921.66,W/m^2,12:46:07,28/6/17,Day of week:,Wednesday,34.44,Grade Celsius,
643,939.19,W/m^2,12:46:10,28/6/17,Day of week:,Wednesday,34.25,Grade Celsius,
644,940.65,W/m^2,12:46:13,28/6/17,Day of week:,Wednesday,34.19,Grade Celsius,
649,940.65,W/m^2,12:46:16,28/6/17,Day of week:,Wednesday,34.44,Grade Celsius,
643,947.96,W/m^2,12:46:19,28/6/17,Day of week:,Wednesday,34.50,Grade Celsius,
652,931.89,W/m^2,12:46:22,28/6/17,Day of week:,Wednesday,34.50,Grade Celsius,
647,939.19,W/m^2,12:46:25,28/6/17,Day of week:,Wednesday,34.44,Grade Celsius,
644,956.72,W/m^2,12:46:28,28/6/17,Day of week:,Wednesday,34.50,Grade Celsius,
652,945.03,W/m^2,12:46:31,28/6/17,Day of week:,Wednesday,34.50,Grade Celsius,
639,945.03,W/m^2,12:46:34,28/6/17,Day of week:,Wednesday,34.69,Grade Celsius,
648,942.11,W/m^2,12:46:37,28/6/17,Day of week:,Wednesday,34.81,Grade Celsius,
644,942.11,W/m^2,12:46:40,28/6/17,Day of week:,Wednesday,35.00,Grade Celsius,
645,933.35,W/m^2,12:46:43,28/6/17,Day of week:,Wednesday,35.00,Grade Celsius,
646,924.59,W/m^2,12:46:46,28/6/17,Day of week:,Wednesday,35.06,Grade Celsius,
630,945.03,W/m^2,12:46:50,28/6/17,Day of week:,Wednesday,35.31,Grade Celsius,
642,942.11,W/m^2,12:46:53,28/6/17,Day of week:,Wednesday,35.50,Grade Celsius,
645,947.96,W/m^2,12:46:56,28/6/17,Day of week:,Wednesday,35.50,Grade Celsius,
639,945.03,W/m^2,12:46:59,28/6/17,Day of week:,Wednesday,35.69,Grade Celsius,
639,945.03,W/m^2,12:47:02,28/6/17,Day of week:,Wednesday,35.63,Grade Celsius,
640,943.57,W/m^2,12:47:05,28/6/17,Day of week:,Wednesday,35.63,Grade Celsius,
645,945.03,W/m^2,12:47:08,28/6/17,Day of week:,Wednesday,35.50,Grade Celsius,
644,943.57,W/m^2,12:47:11,28/6/17,Day of week:,Wednesday,35.13,Grade Celsius,
639,931.89,W/m^2,12:47:14,28/6/17,Day of week:,Wednesday,35.19,Grade Celsius,
645,950.88,W/m^2,12:47:17,28/6/17,Day of week:,Wednesday,35.13,Grade Celsius,
646,945.03,W/m^2,12:47:20,28/6/17,Day of week:,Wednesday,35.00,Grade Celsius,
645,945.03,W/m^2,12:47:23,28/6/17,Day of week:,Wednesday,34.88,Grade Celsius,
639,965.48,W/m^2,12:47:26,28/6/17,Day of week:,Wednesday,34.81,Grade Celsius,
645,950.88,W/m^2,12:47:29,28/6/17,Day of week:,Wednesday,34.75,Grade Celsius,
643,943.57,W/m^2,12:47:32,28/6/17,Day of week:,Wednesday,34.75,Grade Celsius,
645,946.49,W/m^2,12:47:36,28/6/17,Day of week:,Wednesday,34.94,Grade Celsius,
647,956.72,W/m^2,12:47:39,28/6/17,Day of week:,Wednesday,35.19,Grade Celsius,
642,946.49,W/m^2,12:47:42,28/6/17,Day of week:,Wednesday,35.19,Grade Celsius,
646,943.57,W/m^2,12:47:45,28/6/17,Day of week:,Wednesday,35.44,Grade Celsius,
642,947.96,W/m^2,12:47:48,28/6/17,Day of week:,Wednesday,35.56,Grade Celsius,
644,920.20,W/m^2,12:47:51,28/6/17,Day of week:,Wednesday,35.75,Grade Celsius,
648,946.49,W/m^2,12:47:54,28/6/17,Day of week:,Wednesday,35.88,Grade Celsius,
650,947.96,W/m^2,12:47:57,28/6/17,Day of week:,Wednesday,35.88,Grade Celsius,
648,950.88,W/m^2,12:48:00,28/6/17,Day of week:,Wednesday,35.94,Grade Celsius,
647,950.88,W/m^2,12:48:03,28/6/17,Day of week:,Wednesday,36.06,Grade Celsius,
643,955.26,W/m^2,12:48:06,28/6/17,Day of week:,Wednesday,35.94,Grade Celsius,
648,952.34,W/m^2,12:48:09,28/6/17,Day of week:,Wednesday,36.25,Grade Celsius,
646,950.88,W/m^2,12:48:12,28/6/17,Day of week:,Wednesday,36.38,Grade Celsius,
650,945.03,W/m^2,12:48:15,28/6/17,Day of week:,Wednesday,36.50,Grade Celsius,
648,955.26,W/m^2,12:48:19,28/6/17,Day of week:,Wednesday,36.69,Grade Celsius,
646,950.88,W/m^2,12:48:22,28/6/17,Day of week:,Wednesday,36.88,Grade Celsius,
652,947.96,W/m^2,12:48:25,28/6/17,Day of week:,Wednesday,36.94,Grade Celsius,
650,953.80,W/m^2,12:48:28,28/6/17,Day of week:,Wednesday,37.19,Grade Celsius,
639,958.18,W/m^2,12:48:31,28/6/17,Day of week:,Wednesday,37.25,Grade Celsius,
650,953.80,W/m^2,12:48:34,28/6/17,Day of week:,Wednesday,37.44,Grade Celsius,
639,947.96,W/m^2,12:48:37,28/6/17,Day of week:,Wednesday,37.13,Grade Celsius,
645,947.96,W/m^2,12:48:40,28/6/17,Day of week:,Wednesday,36.75,Grade Celsius,
645,937.73,W/m^2,12:48:43,28/6/17,Day of week:,Wednesday,36.63,Grade Celsius,
646,958.18,W/m^2,12:48:46,28/6/17,Day of week:,Wednesday,36.56,Grade Celsius,
644,945.03,W/m^2,12:48:49,28/6/17,Day of week:,Wednesday,36.38,Grade Celsius,
647,953.80,W/m^2,12:48:52,28/6/17,Day of week:,Wednesday,36.50,Grade Celsius,
658,947.96,W/m^2,12:48:55,28/6/17,Day of week:,Wednesday,36.50,Grade Celsius,
646,950.88,W/m^2,12:48:58,28/6/17,Day of week:,Wednesday,36.63,Grade Celsius,
647,949.42,W/m^2,12:49:01,28/6/17,Day of week:,Wednesday,36.88,Grade Celsius,
644,945.03,W/m^2,12:49:05,28/6/17,Day of week:,Wednesday,36.69,Grade Celsius,
644,930.43,W/m^2,12:49:08,28/6/17,Day of week:,Wednesday,36.69,Grade Celsius,
645,947.96,W/m^2,12:49:11,28/6/17,Day of week:,Wednesday,36.56,Grade Celsius,
646,927.51,W/m^2,12:49:14,28/6/17,Day of week:,Wednesday,36.44,Grade Celsius,
644,945.03,W/m^2,12:49:17,28/6/17,Day of week:,Wednesday,36.44,Grade Celsius,
646,945.03,W/m^2,12:49:20,28/6/17,Day of week:,Wednesday,36.56,Grade Celsius,
643,947.96,W/m^2,12:49:23,28/6/17,Day of week:,Wednesday,36.38,Grade Celsius,
645,950.88,W/m^2,12:49:26,28/6/17,Day of week:,Wednesday,36.38,Grade Celsius,
643,945.03,W/m^2,12:49:29,28/6/17,Day of week:,Wednesday,36.06,Grade Celsius,
646,943.57,W/m^2,12:49:32,28/6/17,Day of week:,Wednesday,35.63,Grade Celsius,
641,945.03,W/m^2,12:49:35,28/6/17,Day of week:,Wednesday,35.25,Grade Celsius,
656,943.57,W/m^2,12:49:38,28/6/17,Day of week:,Wednesday,34.63,Grade Celsius,
642,939.19,W/m^2,12:49:41,28/6/17,Day of week:,Wednesday,34.13,Grade Celsius,
652,952.34,W/m^2,12:49:44,28/6/17,Day of week:,Wednesday,34.38,Grade Celsius,
644,945.03,W/m^2,12:49:47,28/6/17,Day of week:,Wednesday,34.19,Grade Celsius,
649,943.57,W/m^2,12:49:51,28/6/17,Day of week:,Wednesday,34.19,Grade Celsius,
643,937.73,W/m^2,12:49:54,28/6/17,Day of week:,Wednesday,34.44,Grade Celsius,
648,949.42,W/m^2,12:49:57,28/6/17,Day of week:,Wednesday,34.69,Grade Celsius,
647,947.96,W/m^2,12:50:00,28/6/17,Day of week:,Wednesday,34.69,Grade Celsius,
646,945.03,W/m^2,12:50:03,28/6/17,Day of week:,Wednesday,34.63,Grade Celsius,
644,947.96,W/m^2,12:50:06,28/6/17,Day of week:,Wednesday,34.56,Grade Celsius,
652,947.96,W/m^2,12:50:09,28/6/17,Day of week:,Wednesday,34.38,Grade Celsius,
644,947.96,W/m^2,12:50:12,28/6/17,Day of week:,Wednesday,34.19,Grade Celsius,
646,942.11,W/m^2,12:50:15,28/6/17,Day of week:,Wednesday,34.38,Grade Celsius,
645,945.03,W/m^2,12:50:18,28/6/17,Day of week:,Wednesday,34.31,Grade Celsius,
639,945.03,W/m^2,12:50:21,28/6/17,Day of week:,Wednesday,34.25,Grade Celsius,
648,942.11,W/m^2,12:50:24,28/6/17,Day of week:,Wednesday,34.19,Grade Celsius,
646,939.19,W/m^2,12:50:27,28/6/17,Day of week:,Wednesday,34.44,Grade Celsius,
646,942.11,W/m^2,12:50:30,28/6/17,Day of week:,Wednesday,34.31,Grade Celsius,
646,949.42,W/m^2,12:50:34,28/6/17,Day of week:,Wednesday,34.25,Grade Celsius,
651,942.11,W/m^2,12:50:37,28/6/17,Day of week:,Wednesday,34.31,Grade Celsius,
644,945.03,W/m^2,12:50:40,28/6/17,Day of week:,Wednesday,34.38,Grade Celsius,
647,949.42,W/m^2,12:50:43,28/6/17,Day of week:,Wednesday,34.44,Grade Celsius,
646,947.96,W/m^2,12:50:46,28/6/17,Day of week:,Wednesday,34.44,Grade Celsius,
647,950.88,W/m^2,12:50:49,28/6/17,Day of week:,Wednesday,34.69,Grade Celsius,
630,942.11,W/m^2,12:50:52,28/6/17,Day of week:,Wednesday,34.94,Grade Celsius,
637,946.49,W/m^2,12:50:55,28/6/17,Day of week:,Wednesday,35.19,Grade Celsius,
648,959.64,W/m^2,12:50:58,28/6/17,Day of week:,Wednesday,35.44,Grade Celsius,
651,945.03,W/m^2,12:51:01,28/6/17,Day of week:,Wednesday,35.75,Grade Celsius,
646,940.65,W/m^2,12:51:04,28/6/17,Day of week:,Wednesday,35.94,Grade Celsius,
647,950.88,W/m^2,12:51:07,28/6/17,Day of week:,Wednesday,36.19,Grade Celsius,
660,953.80,W/m^2,12:51:10,28/6/17,Day of week:,Wednesday,36.38,Grade Celsius,
648,949.42,W/m^2,12:51:13,28/6/17,Day of week:,Wednesday,36.13,Grade Celsius,
644,942.11,W/m^2,12:51:17,28/6/17,Day of week:,Wednesday,36.38,Grade Celsius,
650,933.35,W/m^2,12:51:20,28/6/17,Day of week:,Wednesday,36.50,Grade Celsius,
650,953.80,W/m^2,12:51:23,28/6/17,Day of week:,Wednesday,36.63,Grade Celsius,
649,946.49,W/m^2,12:51:26,28/6/17,Day of week:,Wednesday,36.75,Grade Celsius,
647,947.96,W/m^2,12:51:29,28/6/17,Day of week:,Wednesday,37.00,Grade Celsius,
641,947.96,W/m^2,12:51:32,28/6/17,Day of week:,Wednesday,37.25,Grade Celsius,
645,947.96,W/m^2,12:51:35,28/6/17,Day of week:,Wednesday,37.44,Grade Celsius,
647,949.42,W/m^2,12:51:38,28/6/17,Day of week:,Wednesday,37.50,Grade Celsius,
648,946.49,W/m^2,12:51:41,28/6/17,Day of week:,Wednesday,37.56,Grade Celsius,
646,946.49,W/m^2,12:51:44,28/6/17,Day of week:,Wednesday,37.63,Grade Celsius,
648,936.27,W/m^2,12:51:47,28/6/17,Day of week:,Wednesday,37.63,Grade Celsius,
645,950.88,W/m^2,12:51:50,28/6/17,Day of week:,Wednesday,37.63,Grade Celsius,
646,950.88,W/m^2,12:51:53,28/6/17,Day of week:,Wednesday,37.50,Grade Celsius,
651,949.42,W/m^2,12:51:56,28/6/17,Day of week:,Wednesday,37.50,Grade Celsius,
648,947.96,W/m^2,12:52:00,28/6/17,Day of week:,Wednesday,37.13,Grade Celsius,
647,949.42,W/m^2,12:52:03,28/6/17,Day of week:,Wednesday,37.44,Grade Celsius,
655,950.88,W/m^2,12:52:06,28/6/17,Day of week:,Wednesday,37.31,Grade Celsius,
649,943.57,W/m^2,12:52:09,28/6/17,Day of week:,Wednesday,37.13,Grade Celsius,
644,950.88,W/m^2,12:52:12,28/6/17,Day of week:,Wednesday,37.06,Grade Celsius,
647,946.49,W/m^2,12:52:15,28/6/17,Day of week:,Wednesday,37.13,Grade Celsius,
657,931.89,W/m^2,12:52:18,28/6/17,Day of week:,Wednesday,37.00,Grade Celsius,
649,953.80,W/m^2,12:52:21,28/6/17,Day of week:,Wednesday,37.19,Grade Celsius,
651,955.26,W/m^2,12:52:24,28/6/17,Day of week:,Wednesday,37.31,Grade Celsius,
646,950.88,W/m^2,12:52:27,28/6/17,Day of week:,Wednesday,37.19,Grade Celsius,
640,949.42,W/m^2,12:52:30,28/6/17,Day of week:,Wednesday,36.94,Grade Celsius,
643,942.11,W/m^2,12:52:33,28/6/17,Day of week:,Wednesday,36.88,Grade Celsius,
648,953.80,W/m^2,12:52:36,28/6/17,Day of week:,Wednesday,36.56,Grade Celsius,
652,952.34,W/m^2,12:52:39,28/6/17,Day of week:,Wednesday,36.44,Grade Celsius,
650,943.57,W/m^2,12:52:42,28/6/17,Day of week:,Wednesday,36.31,Grade Celsius,
652,952.34,W/m^2,12:52:46,28/6/17,Day of week:,Wednesday,36.19,Grade Celsius,
648,952.34,W/m^2,12:52:49,28/6/17,Day of week:,Wednesday,36.13,Grade Celsius,
649,952.34,W/m^2,12:52:52,28/6/17,Day of week:,Wednesday,36.06,Grade Celsius,
648,972.79,W/m^2,12:52:55,28/6/17,Day of week:,Wednesday,35.75,Grade Celsius,
652,956.72,W/m^2,12:52:58,28/6/17,Day of week:,Wednesday,35.63,Grade Celsius,
652,953.80,W/m^2,12:53:01,28/6/17,Day of week:,Wednesday,35.94,Grade Celsius,
650,953.80,W/m^2,12:53:04,28/6/17,Day of week:,Wednesday,36.13,Grade Celsius,
652,955.26,W/m^2,12:53:07,28/6/17,Day of week:,Wednesday,35.88,Grade Celsius,
651,953.80,W/m^2,12:53:10,28/6/17,Day of week:,Wednesday,35.56,Grade Celsius,
663,950.88,W/m^2,12:53:13,28/6/17,Day of week:,Wednesday,35.31,Grade Celsius,
656,953.80,W/m^2,12:53:16,28/6/17,Day of week:,Wednesday,35.13,Grade Celsius,
652,956.72,W/m^2,12:53:19,28/6/17,Day of week:,Wednesday,34.75,Grade Celsius,
650,959.64,W/m^2,12:53:22,28/6/17,Day of week:,Wednesday,34.63,Grade Celsius,
648,953.80,W/m^2,12:53:25,28/6/17,Day of week:,Wednesday,34.81,Grade Celsius,
650,956.72,W/m^2,12:53:28,28/6/17,Day of week:,Wednesday,34.88,Grade Celsius,
653,952.34,W/m^2,12:53:32,28/6/17,Day of week:,Wednesday,34.69,Grade Celsius,
652,945.03,W/m^2,12:53:35,28/6/17,Day of week:,Wednesday,34.44,Grade Celsius,
650,942.11,W/m^2,12:53:38,28/6/17,Day of week:,Wednesday,34.44,Grade Celsius,
651,956.72,W/m^2,12:53:41,28/6/17,Day of week:,Wednesday,34.63,Grade Celsius,
648,956.72,W/m^2,12:53:44,28/6/17,Day of week:,Wednesday,34.44,Grade Celsius,
648,950.88,W/m^2,12:53:47,28/6/17,Day of week:,Wednesday,34.69,Grade Celsius,
650,953.80,W/m^2,12:53:50,28/6/17,Day of week:,Wednesday,34.50,Grade Celsius,
650,956.72,W/m^2,12:53:53,28/6/17,Day of week:,Wednesday,34.50,Grade Celsius,
641,959.64,W/m^2,12:53:56,28/6/17,Day of week:,Wednesday,34.50,Grade Celsius,
650,953.80,W/m^2,12:53:59,28/6/17,Day of week:,Wednesday,34.25,Grade Celsius,
641,955.26,W/m^2,12:54:02,28/6/17,Day of week:,Wednesday,34.50,Grade Celsius,
643,959.64,W/m^2,12:54:05,28/6/17,Day of week:,Wednesday,34.69,Grade Celsius,
653,950.88,W/m^2,12:54:08,28/6/17,Day of week:,Wednesday,34.88,Grade Celsius,
653,955.26,W/m^2,12:54:11,28/6/17,Day of week:,Wednesday,34.81,Grade Celsius,
648,949.42,W/m^2,12:54:14,28/6/17,Day of week:,Wednesday,34.63,Grade Celsius,
663,978.63,W/m^2,12:54:18,28/6/17,Day of week:,Wednesday,34.88,Grade Celsius,
653,956.72,W/m^2,12:54:21,28/6/17,Day of week:,Wednesday,35.13,Grade Celsius,
651,952.34,W/m^2,12:54:24,28/6/17,Day of week:,Wednesday,35.25,Grade Celsius,
651,958.18,W/m^2,12:54:27,28/6/17,Day of week:,Wednesday,35.38,Grade Celsius,
653,978.63,W/m^2,12:54:30,28/6/17,Day of week:,Wednesday,35.63,Grade Celsius,
656,961.10,W/m^2,12:54:33,28/6/17,Day of week:,Wednesday,35.81,Grade Celsius,
648,958.18,W/m^2,12:54:36,28/6/17,Day of week:,Wednesday,36.06,Grade Celsius,
651,955.26,W/m^2,12:54:39,28/6/17,Day of week:,Wednesday,36.31,Grade Celsius,
652,956.72,W/m^2,12:54:42,28/6/17,Day of week:,Wednesday,36.56,Grade Celsius,
635,975.71,W/m^2,12:54:45,28/6/17,Day of week:,Wednesday,36.50,Grade Celsius,
643,953.80,W/m^2,12:54:48,28/6/17,Day of week:,Wednesday,36.69,Grade Celsius,
641,953.80,W/m^2,12:54:51,28/6/17,Day of week:,Wednesday,36.88,Grade Celsius,
654,959.64,W/m^2,12:54:54,28/6/17,Day of week:,Wednesday,37.19,Grade Celsius,
646,959.64,W/m^2,12:54:57,28/6/17,Day of week:,Wednesday,37.38,Grade Celsius,
658,959.64,W/m^2,12:55:01,28/6/17,Day of week:,Wednesday,37.31,Grade Celsius,
655,952.34,W/m^2,12:55:04,28/6/17,Day of week:,Wednesday,36.81,Grade Celsius,
657,956.72,W/m^2,12:55:07,28/6/17,Day of week:,Wednesday,36.19,Grade Celsius,
653,955.26,W/m^2,12:55:10,28/6/17,Day of week:,Wednesday,35.81,Grade Celsius,
654,956.72,W/m^2,12:55:13,28/6/17,Day of week:,Wednesday,35.81,Grade Celsius,
667,959.64,W/m^2,12:55:16,28/6/17,Day of week:,Wednesday,36.00,Grade Celsius,
654,956.72,W/m^2,12:55:19,28/6/17,Day of week:,Wednesday,35.75,Grade Celsius,
652,978.63,W/m^2,12:55:22,28/6/17,Day of week:,Wednesday,35.69,Grade Celsius,
652,956.72,W/m^2,12:55:25,28/6/17,Day of week:,Wednesday,35.75,Grade Celsius,
645,964.02,W/m^2,12:55:28,28/6/17,Day of week:,Wednesday,35.69,Grade Celsius,
650,945.03,W/m^2,12:55:31,28/6/17,Day of week:,Wednesday,35.38,Grade Celsius,
658,959.64,W/m^2,12:55:34,28/6/17,Day of week:,Wednesday,35.13,Grade Celsius,
654,955.26,W/m^2,12:55:37,28/6/17,Day of week:,Wednesday,35.44,Grade Celsius,
652,955.26,W/m^2,12:55:40,28/6/17,Day of week:,Wednesday,35.56,Grade Celsius,
652,959.64,W/m^2,12:55:43,28/6/17,Day of week:,Wednesday,35.69,Grade Celsius,
659,952.34,W/m^2,12:55:47,28/6/17,Day of week:,Wednesday,35.50,Grade Celsius,
651,977.17,W/m^2,12:55:50,28/6/17,Day of week:,Wednesday,35.75,Grade Celsius,
652,959.64,W/m^2,12:55:53,28/6/17,Day of week:,Wednesday,35.81,Grade Celsius,
655,958.18,W/m^2,12:55:56,28/6/17,Day of week:,Wednesday,35.69,Grade Celsius,
654,955.26,W/m^2,12:55:59,28/6/17,Day of week:,Wednesday,35.81,Grade Celsius,
651,955.26,W/m^2,12:56:02,28/6/17,Day of week:,Wednesday,35.81,Grade Celsius,
653,965.48,W/m^2,12:56:05,28/6/17,Day of week:,Wednesday,35.63,Grade Celsius,
653,956.72,W/m^2,12:56:08,28/6/17,Day of week:,Wednesday,35.81,Grade Celsius,
654,956.72,W/m^2,12:56:11,28/6/17,Day of week:,Wednesday,35.63,Grade Celsius,
653,953.80,W/m^2,12:56:14,28/6/17,Day of week:,Wednesday,35.19,Grade Celsius,
655,955.26,W/m^2,12:56:17,28/6/17,Day of week:,Wednesday,35.06,Grade Celsius,
650,955.26,W/m^2,12:56:20,28/6/17,Day of week:,Wednesday,35.00,Grade Celsius,
652,955.26,W/m^2,12:56:24,28/6/17,Day of week:,Wednesday,34.94,Grade Celsius,
649,953.80,W/m^2,12:56:27,28/6/17,Day of week:,Wednesday,35.06,Grade Celsius,
650,928.97,W/m^2,12:56:30,28/6/17,Day of week:,Wednesday,35.25,Grade Celsius,
649,962.56,W/m^2,12:56:33,28/6/17,Day of week:,Wednesday,35.25,Grade Celsius,
656,953.80,W/m^2,12:56:36,28/6/17,Day of week:,Wednesday,35.06,Grade Celsius,
651,952.34,W/m^2,12:56:39,28/6/17,Day of week:,Wednesday,34.88,Grade Celsius,
650,953.80,W/m^2,12:56:42,28/6/17,Day of week:,Wednesday,34.69,Grade Celsius,
648,953.80,W/m^2,12:56:45,28/6/17,Day of week:,Wednesday,34.38,Grade Celsius,
649,955.26,W/m^2,12:56:48,28/6/17,Day of week:,Wednesday,34.38,Grade Celsius,
650,956.72,W/m^2,12:56:51,28/6/17,Day of week:,Wednesday,34.38,Grade Celsius,
651,953.80,W/m^2,12:56:54,28/6/17,Day of week:,Wednesday,34.19,Grade Celsius,
651,945.03,W/m^2,12:56:57,28/6/17,Day of week:,Wednesday,34.25,Grade Celsius,
647,947.96,W/m^2,12:57:00,28/6/17,Day of week:,Wednesday,34.00,Grade Celsius,
651,950.88,W/m^2,12:57:03,28/6/17,Day of week:,Wednesday,34.31,Grade Celsius,
650,955.26,W/m^2,12:57:07,28/6/17,Day of week:,Wednesday,34.50,Grade Celsius,
648,953.80,W/m^2,12:57:10,28/6/17,Day of week:,Wednesday,34.63,Grade Celsius,
650,953.80,W/m^2,12:57:13,28/6/17,Day of week:,Wednesday,34.75,Grade Celsius,
647,937.73,W/m^2,12:57:16,28/6/17,Day of week:,Wednesday,34.88,Grade Celsius,
648,950.88,W/m^2,12:57:19,28/6/17,Day of week:,Wednesday,34.75,Grade Celsius,
652,950.88,W/m^2,12:57:22,28/6/17,Day of week:,Wednesday,34.69,Grade Celsius,
651,971.33,W/m^2,12:57:25,28/6/17,Day of week:,Wednesday,34.69,Grade Celsius,
652,947.96,W/m^2,12:57:28,28/6/17,Day of week:,Wednesday,34.69,Grade Celsius,
641,950.88,W/m^2,12:57:31,28/6/17,Day of week:,Wednesday,34.25,Grade Celsius,
637,952.34,W/m^2,12:57:34,28/6/17,Day of week:,Wednesday,34.13,Grade Celsius,
639,955.26,W/m^2,12:57:37,28/6/17,Day of week:,Wednesday,33.94,Grade Celsius,
650,950.88,W/m^2,12:57:40,28/6/17,Day of week:,Wednesday,34.13,Grade Celsius,
648,950.88,W/m^2,12:57:43,28/6/17,Day of week:,Wednesday,34.25,Grade Celsius,
650,953.80,W/m^2,12:57:46,28/6/17,Day of week:,Wednesday,34.31,Grade Celsius,
652,955.26,W/m^2,12:57:49,28/6/17,Day of week:,Wednesday,34.44,Grade Celsius,
639,950.88,W/m^2,12:57:53,28/6/17,Day of week:,Wednesday,34.31,Grade Celsius,
637,947.96,W/m^2,12:57:56,28/6/17,Day of week:,Wednesday,34.31,Grade Celsius,
647,950.88,W/m^2,12:57:59,28/6/17,Day of week:,Wednesday,34.63,Grade Celsius,
650,945.03,W/m^2,12:58:02,28/6/17,Day of week:,Wednesday,34.50,Grade Celsius,
647,949.42,W/m^2,12:58:05,28/6/17,Day of week:,Wednesday,34.63,Grade Celsius,
647,949.42,W/m^2,12:58:08,28/6/17,Day of week:,Wednesday,34.88,Grade Celsius,
646,945.03,W/m^2,12:58:11,28/6/17,Day of week:,Wednesday,35.06,Grade Celsius,
652,930.43,W/m^2,12:58:14,28/6/17,Day of week:,Wednesday,35.31,Grade Celsius,
645,928.97,W/m^2,12:58:17,28/6/17,Day of week:,Wednesday,35.31,Grade Celsius,
643,945.03,W/m^2,12:58:20,28/6/17,Day of week:,Wednesday,35.19,Grade Celsius,
654,961.10,W/m^2,12:58:23,28/6/17,Day of week:,Wednesday,35.31,Grade Celsius,
646,950.88,W/m^2,12:58:26,28/6/17,Day of week:,Wednesday,35.31,Grade Celsius,
646,937.73,W/m^2,12:58:29,28/6/17,Day of week:,Wednesday,35.00,Grade Celsius,
647,939.19,W/m^2,12:58:32,28/6/17,Day of week:,Wednesday,34.63,Grade Celsius,
646,945.03,W/m^2,12:58:35,28/6/17,Day of week:,Wednesday,34.38,Grade Celsius,
645,945.03,W/m^2,12:58:39,28/6/17,Day of week:,Wednesday,34.19,Grade Celsius,
646,949.42,W/m^2,12:58:42,28/6/17,Day of week:,Wednesday,34.25,Grade Celsius,
646,947.96,W/m^2,12:58:45,28/6/17,Day of week:,Wednesday,34.25,Grade Celsius,
644,942.11,W/m^2,12:58:48,28/6/17,Day of week:,Wednesday,34.44,Grade Celsius,
643,946.49,W/m^2,12:58:51,28/6/17,Day of week:,Wednesday,34.69,Grade Celsius,
644,943.57,W/m^2,12:58:54,28/6/17,Day of week:,Wednesday,34.88,Grade Celsius,
648,971.33,W/m^2,12:58:57,28/6/17,Day of week:,Wednesday,35.13,Grade Celsius,
634,947.96,W/m^2,12:59:00,28/6/17,Day of week:,Wednesday,35.19,Grade Celsius,
647,946.49,W/m^2,12:59:03,28/6/17,Day of week:,Wednesday,35.31,Grade Celsius,
644,943.57,W/m^2,12:59:06,28/6/17,Day of week:,Wednesday,35.44,Grade Celsius,
645,945.03,W/m^2,12:59:09,28/6/17,Day of week:,Wednesday,35.25,Grade Celsius,
645,949.42,W/m^2,12:59:12,28/6/17,Day of week:,Wednesday,35.00,Grade Celsius,
648,949.42,W/m^2,12:59:15,28/6/17,Day of week:,Wednesday,35.06,Grade Celsius,
637,947.96,W/m^2,12:59:18,28/6/17,Day of week:,Wednesday,35.31,Grade Celsius,
644,943.57,W/m^2,12:59:21,28/6/17,Day of week:,Wednesday,35.56,Grade Celsius,
644,947.96,W/m^2,12:59:25,28/6/17,Day of week:,Wednesday,35.69,Grade Celsius,
644,943.57,W/m^2,12:59:28,28/6/17,Day of week:,Wednesday,35.94,Grade Celsius,
645,943.57,W/m^2,12:59:31,28/6/17,Day of week:,Wednesday,36.13,Grade Celsius,
654,939.19,W/m^2,12:59:34,28/6/17,Day of week:,Wednesday,36.06,Grade Celsius,
641,930.43,W/m^2,12:59:37,28/6/17,Day of week:,Wednesday,36.38,Grade Celsius,
644,945.03,W/m^2,12:59:40,28/6/17,Day of week:,Wednesday,36.44,Grade Celsius,
643,921.66,W/m^2,12:59:43,28/6/17,Day of week:,Wednesday,36.19,Grade Celsius,
643,940.65,W/m^2,12:59:46,28/6/17,Day of week:,Wednesday,35.81,Grade Celsius,
642,942.11,W/m^2,12:59:49,28/6/17,Day of week:,Wednesday,35.75,Grade Celsius,
640,945.03,W/m^2,12:59:52,28/6/17,Day of week:,Wednesday,35.88,Grade Celsius,
643,945.03,W/m^2,12:59:55,28/6/17,Day of week:,Wednesday,35.75,Grade Celsius,
644,926.05,W/m^2,12:59:58,28/6/17,Day of week:,Wednesday,35.44,Grade Celsius,
646,939.19,W/m^2,13:00:01,28/6/17,Day of week:,Wednesday,35.13,Grade Celsius,
642,942.11,W/m^2,13:00:04,28/6/17,Day of week:,Wednesday,35.13,Grade Celsius,
644,939.19,W/m^2,13:00:08,28/6/17,Day of week:,Wednesday,35.25,Grade Celsius,
642,946.49,W/m^2,13:00:11,28/6/17,Day of week:,Wednesday,35.25,Grade Celsius,
646,945.03,W/m^2,13:00:14,28/6/17,Day of week:,Wednesday,35.13,Grade Celsius,
641,937.73,W/m^2,13:00:17,28/6/17,Day of week:,Wednesday,35.19,Grade Celsius,
645,942.11,W/m^2,13:00:20,28/6/17,Day of week:,Wednesday,35.38,Grade Celsius,
641,937.73,W/m^2,13:00:23,28/6/17,Day of week:,Wednesday,35.69,Grade Celsius,
630,958.18,W/m^2,13:00:26,28/6/17,Day of week:,Wednesday,35.69,Grade Celsius,
642,943.57,W/m^2,13:00:29,28/6/17,Day of week:,Wednesday,35.56,Grade Celsius,
635,940.65,W/m^2,13:00:32,28/6/17,Day of week:,Wednesday,35.44,Grade Celsius,
643,946.49,W/m^2,13:00:35,28/6/17,Day of week:,Wednesday,35.13,Grade Celsius,
638,946.49,W/m^2,13:00:38,28/6/17,Day of week:,Wednesday,35.00,Grade Celsius,
644,945.03,W/m^2,13:00:41,28/6/17,Day of week:,Wednesday,34.81,Grade Celsius,
654,942.11,W/m^2,13:00:44,28/6/17,Day of week:,Wednesday,34.75,Grade Celsius,
642,945.03,W/m^2,13:00:47,28/6/17,Day of week:,Wednesday,34.44,Grade Celsius,
643,934.81,W/m^2,13:00:51,28/6/17,Day of week:,Wednesday,34.19,Grade Celsius,
640,943.57,W/m^2,13:00:54,28/6/17,Day of week:,Wednesday,34.25,Grade Celsius,
641,939.19,W/m^2,13:00:57,28/6/17,Day of week:,Wednesday,34.25,Grade Celsius,
639,962.56,W/m^2,13:01:00,28/6/17,Day of week:,Wednesday,34.50,Grade Celsius,
642,942.11,W/m^2,13:01:03,28/6/17,Day of week:,Wednesday,34.69,Grade Celsius,
652,930.43,W/m^2,13:01:06,28/6/17,Day of week:,Wednesday,34.56,Grade Celsius,
640,940.65,W/m^2,13:01:09,28/6/17,Day of week:,Wednesday,34.31,Grade Celsius,
645,939.19,W/m^2,13:01:12,28/6/17,Day of week:,Wednesday,34.13,Grade Celsius,
636,934.81,W/m^2,13:01:15,28/6/17,Day of week:,Wednesday,34.25,Grade Celsius,
638,953.80,W/m^2,13:01:18,28/6/17,Day of week:,Wednesday,34.06,Grade Celsius,
648,937.73,W/m^2,13:01:21,28/6/17,Day of week:,Wednesday,34.00,Grade Celsius,
639,939.19,W/m^2,13:01:24,28/6/17,Day of week:,Wednesday,33.88,Grade Celsius,
641,931.89,W/m^2,13:01:27,28/6/17,Day of week:,Wednesday,33.94,Grade Celsius,
639,939.19,W/m^2,13:01:30,28/6/17,Day of week:,Wednesday,33.94,Grade Celsius,
639,937.73,W/m^2,13:01:34,28/6/17,Day of week:,Wednesday,34.19,Grade Celsius,
641,939.19,W/m^2,13:01:37,28/6/17,Day of week:,Wednesday,34.44,Grade Celsius,
641,933.35,W/m^2,13:01:40,28/6/17,Day of week:,Wednesday,34.69,Grade Celsius,
642,937.73,W/m^2,13:01:43,28/6/17,Day of week:,Wednesday,34.88,Grade Celsius,
633,936.27,W/m^2,13:01:46,28/6/17,Day of week:,Wednesday,35.25,Grade Celsius,
640,939.19,W/m^2,13:01:49,28/6/17,Day of week:,Wednesday,35.38,Grade Celsius,
642,924.59,W/m^2,13:01:52,28/6/17,Day of week:,Wednesday,35.56,Grade Celsius,
641,940.65,W/m^2,13:01:55,28/6/17,Day of week:,Wednesday,35.94,Grade Celsius,
638,937.73,W/m^2,13:01:58,28/6/17,Day of week:,Wednesday,35.94,Grade Celsius,
639,931.89,W/m^2,13:02:01,28/6/17,Day of week:,Wednesday,35.81,Grade Celsius,
640,940.65,W/m^2,13:02:04,28/6/17,Day of week:,Wednesday,35.81,Grade Celsius,
642,934.81,W/m^2,13:02:07,28/6/17,Day of week:,Wednesday,35.75,Grade Celsius,
639,937.73,W/m^2,13:02:10,28/6/17,Day of week:,Wednesday,35.81,Grade Celsius,
640,936.27,W/m^2,13:02:13,28/6/17,Day of week:,Wednesday,35.88,Grade Celsius,
638,942.11,W/m^2,13:02:16,28/6/17,Day of week:,Wednesday,35.94,Grade Celsius,
637,936.27,W/m^2,13:02:20,28/6/17,Day of week:,Wednesday,36.13,Grade Celsius,
631,950.88,W/m^2,13:02:23,28/6/17,Day of week:,Wednesday,36.38,Grade Celsius,
641,936.27,W/m^2,13:02:26,28/6/17,Day of week:,Wednesday,36.69,Grade Celsius,
637,939.19,W/m^2,13:02:29,28/6/17,Day of week:,Wednesday,37.00,Grade Celsius,
642,955.26,W/m^2,13:02:32,28/6/17,Day of week:,Wednesday,37.19,Grade Celsius,
640,921.66,W/m^2,13:02:35,28/6/17,Day of week:,Wednesday,37.19,Grade Celsius,
640,930.43,W/m^2,13:02:38,28/6/17,Day of week:,Wednesday,37.13,Grade Celsius,
638,937.73,W/m^2,13:02:41,28/6/17,Day of week:,Wednesday,37.13,Grade Celsius,
640,939.19,W/m^2,13:02:44,28/6/17,Day of week:,Wednesday,37.44,Grade Celsius,
640,939.19,W/m^2,13:02:47,28/6/17,Day of week:,Wednesday,37.44,Grade Celsius,
632,940.65,W/m^2,13:02:50,28/6/17,Day of week:,Wednesday,37.50,Grade Celsius,
642,940.65,W/m^2,13:02:53,28/6/17,Day of week:,Wednesday,37.44,Grade Celsius,
642,943.57,W/m^2,13:02:56,28/6/17,Day of week:,Wednesday,37.25,Grade Celsius,
640,927.51,W/m^2,13:02:59,28/6/17,Day of week:,Wednesday,37.00,Grade Celsius,
646,939.19,W/m^2,13:03:02,28/6/17,Day of week:,Wednesday,36.75,Grade Celsius,
642,927.51,W/m^2,13:03:06,28/6/17,Day of week:,Wednesday,36.88,Grade Celsius,
639,943.57,W/m^2,13:03:09,28/6/17,Day of week:,Wednesday,37.13,Grade Celsius,
655,945.03,W/m^2,13:03:12,28/6/17,Day of week:,Wednesday,37.13,Grade Celsius,
641,942.11,W/m^2,13:03:15,28/6/17,Day of week:,Wednesday,37.38,Grade Celsius,
636,939.19,W/m^2,13:03:18,28/6/17,Day of week:,Wednesday,37.38,Grade Celsius,
630,933.35,W/m^2,13:03:21,28/6/17,Day of week:,Wednesday,37.31,Grade Celsius,
643,942.11,W/m^2,13:03:24,28/6/17,Day of week:,Wednesday,37.19,Grade Celsius,
641,942.11,W/m^2,13:03:27,28/6/17,Day of week:,Wednesday,37.13,Grade Celsius,
643,940.65,W/m^2,13:03:30,28/6/17,Day of week:,Wednesday,37.06,Grade Celsius,
644,939.19,W/m^2,13:03:33,28/6/17,Day of week:,Wednesday,37.13,Grade Celsius,
651,931.89,W/m^2,13:03:36,28/6/17,Day of week:,Wednesday,37.13,Grade Celsius,
645,942.11,W/m^2,13:03:39,28/6/17,Day of week:,Wednesday,37.06,Grade Celsius,
643,943.57,W/m^2,13:03:42,28/6/17,Day of week:,Wednesday,37.13,Grade Celsius,
643,942.11,W/m^2,13:03:45,28/6/17,Day of week:,Wednesday,37.25,Grade Celsius,
644,943.57,W/m^2,13:03:48,28/6/17,Day of week:,Wednesday,37.06,Grade Celsius,
644,940.65,W/m^2,13:03:52,28/6/17,Day of week:,Wednesday,36.81,Grade Celsius,
642,939.19,W/m^2,13:03:55,28/6/17,Day of week:,Wednesday,36.94,Grade Celsius,
635,953.80,W/m^2,13:03:58,28/6/17,Day of week:,Wednesday,37.13,Grade Celsius,
643,943.57,W/m^2,13:04:01,28/6/17,Day of week:,Wednesday,37.25,Grade Celsius,
643,943.57,W/m^2,13:04:04,28/6/17,Day of week:,Wednesday,37.25,Grade Celsius,
640,939.19,W/m^2,13:04:07,28/6/17,Day of week:,Wednesday,37.19,Grade Celsius,
648,928.97,W/m^2,13:04:10,28/6/17,Day of week:,Wednesday,37.50,Grade Celsius,
644,956.72,W/m^2,13:04:13,28/6/17,Day of week:,Wednesday,37.69,Grade Celsius,
640,939.19,W/m^2,13:04:16,28/6/17,Day of week:,Wednesday,37.88,Grade Celsius,
641,921.66,W/m^2,13:04:19,28/6/17,Day of week:,Wednesday,38.13,Grade Celsius,
637,946.49,W/m^2,13:04:22,28/6/17,Day of week:,Wednesday,38.19,Grade Celsius,
652,926.05,W/m^2,13:04:25,28/6/17,Day of week:,Wednesday,38.00,Grade Celsius,
643,939.19,W/m^2,13:04:28,28/6/17,Day of week:,Wednesday,38.13,Grade Celsius,
655,942.11,W/m^2,13:04:31,28/6/17,Day of week:,Wednesday,37.88,Grade Celsius,
641,940.65,W/m^2,13:04:35,28/6/17,Day of week:,Wednesday,38.00,Grade Celsius,
643,940.65,W/m^2,13:04:38,28/6/17,Day of week:,Wednesday,37.50,Grade Celsius,
650,926.05,W/m^2,13:04:41,28/6/17,Day of week:,Wednesday,37.13,Grade Celsius,
648,950.88,W/m^2,13:04:44,28/6/17,Day of week:,Wednesday,36.75,Grade Celsius,
645,949.42,W/m^2,13:04:47,28/6/17,Day of week:,Wednesday,36.44,Grade Celsius,
645,942.11,W/m^2,13:04:50,28/6/17,Day of week:,Wednesday,36.25,Grade Celsius,
644,945.03,W/m^2,13:04:53,28/6/17,Day of week:,Wednesday,36.13,Grade Celsius,
640,945.03,W/m^2,13:04:56,28/6/17,Day of week:,Wednesday,36.19,Grade Celsius,
647,936.27,W/m^2,13:04:59,28/6/17,Day of week:,Wednesday,36.44,Grade Celsius,
646,945.03,W/m^2,13:05:02,28/6/17,Day of week:,Wednesday,36.31,Grade Celsius,
644,945.03,W/m^2,13:05:05,28/6/17,Day of week:,Wednesday,36.25,Grade Celsius,
644,927.51,W/m^2,13:05:08,28/6/17,Day of week:,Wednesday,36.19,Grade Celsius,
660,946.49,W/m^2,13:05:11,28/6/17,Day of week:,Wednesday,36.56,Grade Celsius,
633,943.57,W/m^2,13:05:14,28/6/17,Day of week:,Wednesday,36.81,Grade Celsius,
647,946.49,W/m^2,13:05:17,28/6/17,Day of week:,Wednesday,37.06,Grade Celsius,
644,947.96,W/m^2,13:05:21,28/6/17,Day of week:,Wednesday,37.38,Grade Celsius,
647,947.96,W/m^2,13:05:24,28/6/17,Day of week:,Wednesday,37.56,Grade Celsius,
647,956.72,W/m^2,13:05:27,28/6/17,Day of week:,Wednesday,37.75,Grade Celsius,
645,946.49,W/m^2,13:05:30,28/6/17,Day of week:,Wednesday,38.00,Grade Celsius,
641,949.42,W/m^2,13:05:33,28/6/17,Day of week:,Wednesday,37.75,Grade Celsius,
637,956.72,W/m^2,13:05:36,28/6/17,Day of week:,Wednesday,37.56,Grade Celsius,
646,947.96,W/m^2,13:05:39,28/6/17,Day of week:,Wednesday,37.63,Grade Celsius,
634,950.88,W/m^2,13:05:42,28/6/17,Day of week:,Wednesday,37.56,Grade Celsius,
643,945.03,W/m^2,13:05:45,28/6/17,Day of week:,Wednesday,37.94,Grade Celsius,
646,947.96,W/m^2,13:05:48,28/6/17,Day of week:,Wednesday,38.13,Grade Celsius,
647,946.49,W/m^2,13:05:51,28/6/17,Day of week:,Wednesday,38.38,Grade Celsius,
646,943.57,W/m^2,13:05:54,28/6/17,Day of week:,Wednesday,38.63,Grade Celsius,
655,947.96,W/m^2,13:05:57,28/6/17,Day of week:,Wednesday,38.19,Grade Celsius,
643,945.03,W/m^2,13:06:00,28/6/17,Day of week:,Wednesday,38.38,Grade Celsius,
634,955.26,W/m^2,13:06:04,28/6/17,Day of week:,Wednesday,38.50,Grade Celsius,
647,950.88,W/m^2,13:06:07,28/6/17,Day of week:,Wednesday,38.63,Grade Celsius,
648,949.42,W/m^2,13:06:10,28/6/17,Day of week:,Wednesday,38.44,Grade Celsius,
647,936.27,W/m^2,13:06:13,28/6/17,Day of week:,Wednesday,38.69,Grade Celsius,
648,946.49,W/m^2,13:06:16,28/6/17,Day of week:,Wednesday,38.63,Grade Celsius,
647,955.26,W/m^2,13:06:19,28/6/17,Day of week:,Wednesday,38.63,Grade Celsius,
648,950.88,W/m^2,13:06:22,28/6/17,Day of week:,Wednesday,38.56,Grade Celsius,
643,942.11,W/m^2,13:06:25,28/6/17,Day of week:,Wednesday,38.50,Grade Celsius,
646,946.49,W/m^2,13:06:28,28/6/17,Day of week:,Wednesday,38.63,Grade Celsius,
651,947.96,W/m^2,13:06:31,28/6/17,Day of week:,Wednesday,38.63,Grade Celsius,
649,949.42,W/m^2,13:06:34,28/6/17,Day of week:,Wednesday,38.13,Grade Celsius,
648,949.42,W/m^2,13:06:37,28/6/17,Day of week:,Wednesday,37.81,Grade Celsius,
648,949.42,W/m^2,13:06:40,28/6/17,Day of week:,Wednesday,37.25,Grade Celsius,
641,949.42,W/m^2,13:06:44,28/6/17,Day of week:,Wednesday,36.75,Grade Celsius,
648,950.88,W/m^2,13:06:47,28/6/17,Day of week:,Wednesday,36.69,Grade Celsius,
645,937.73,W/m^2,13:06:50,28/6/17,Day of week:,Wednesday,36.38,Grade Celsius,
651,952.34,W/m^2,13:06:53,28/6/17,Day of week:,Wednesday,36.44,Grade Celsius,
649,950.88,W/m^2,13:06:56,28/6/17,Day of week:,Wednesday,36.19,Grade Celsius,
647,949.42,W/m^2,13:06:59,28/6/17,Day of week:,Wednesday,35.63,Grade Celsius,
649,953.80,W/m^2,13:07:02,28/6/17,Day of week:,Wednesday,35.81,Grade Celsius,
663,950.88,W/m^2,13:07:05,28/6/17,Day of week:,Wednesday,35.69,Grade Celsius,
651,950.88,W/m^2,13:07:08,28/6/17,Day of week:,Wednesday,35.88,Grade Celsius,
638,949.42,W/m^2,13:07:11,28/6/17,Day of week:,Wednesday,36.00,Grade Celsius,
634,949.42,W/m^2,13:07:14,28/6/17,Day of week:,Wednesday,36.13,Grade Celsius,
646,946.49,W/m^2,13:07:17,28/6/17,Day of week:,Wednesday,36.00,Grade Celsius,
647,950.88,W/m^2,13:07:20,28/6/17,Day of week:,Wednesday,35.94,Grade Celsius,
648,950.88,W/m^2,13:07:23,28/6/17,Day of week:,Wednesday,35.50,Grade Celsius,
649,950.88,W/m^2,13:07:27,28/6/17,Day of week:,Wednesday,35.06,Grade Celsius,
645,943.57,W/m^2,13:07:30,28/6/17,Day of week:,Wednesday,35.00,Grade Celsius,
650,945.03,W/m^2,13:07:33,28/6/17,Day of week:,Wednesday,35.31,Grade Celsius,
645,950.88,W/m^2,13:07:36,28/6/17,Day of week:,Wednesday,35.38,Grade Celsius,
633,949.42,W/m^2,13:07:39,28/6/17,Day of week:,Wednesday,35.00,Grade Celsius,
647,945.03,W/m^2,13:07:42,28/6/17,Day of week:,Wednesday,35.00,Grade Celsius,
635,943.57,W/m^2,13:07:45,28/6/17,Day of week:,Wednesday,34.75,Grade Celsius,
646,943.57,W/m^2,13:07:48,28/6/17,Day of week:,Wednesday,34.88,Grade Celsius,
640,955.26,W/m^2,13:07:51,28/6/17,Day of week:,Wednesday,34.38,Grade Celsius,
644,950.88,W/m^2,13:07:54,28/6/17,Day of week:,Wednesday,34.06,Grade Celsius,
648,949.42,W/m^2,13:07:57,28/6/17,Day of week:,Wednesday,33.88,Grade Celsius,
645,955.26,W/m^2,13:08:00,28/6/17,Day of week:,Wednesday,33.56,Grade Celsius,
644,943.57,W/m^2,13:08:03,28/6/17,Day of week:,Wednesday,33.50,Grade Celsius,
645,947.96,W/m^2,13:08:06,28/6/17,Day of week:,Wednesday,33.50,Grade Celsius,
642,945.03,W/m^2,13:08:09,28/6/17,Day of week:,Wednesday,33.75,Grade Celsius,
642,940.65,W/m^2,13:08:13,28/6/17,Day of week:,Wednesday,34.13,Grade Celsius,
644,945.03,W/m^2,13:08:16,28/6/17,Day of week:,Wednesday,33.94,Grade Celsius,
646,939.19,W/m^2,13:08:19,28/6/17,Day of week:,Wednesday,34.00,Grade Celsius,
636,933.35,W/m^2,13:08:22,28/6/17,Day of week:,Wednesday,34.00,Grade Celsius,
638,936.27,W/m^2,13:08:25,28/6/17,Day of week:,Wednesday,34.25,Grade Celsius,
640,939.19,W/m^2,13:08:28,28/6/17,Day of week:,Wednesday,34.50,Grade Celsius,
642,945.03,W/m^2,13:08:31,28/6/17,Day of week:,Wednesday,34.81,Grade Celsius,
632,940.65,W/m^2,13:08:34,28/6/17,Day of week:,Wednesday,34.94,Grade Celsius,
625,909.98,W/m^2,13:08:37,28/6/17,Day of week:,Wednesday,34.88,Grade Celsius,
616,904.14,W/m^2,13:08:40,28/6/17,Day of week:,Wednesday,35.13,Grade Celsius,
625,940.65,W/m^2,13:08:43,28/6/17,Day of week:,Wednesday,35.31,Grade Celsius,
640,940.65,W/m^2,13:08:46,28/6/17,Day of week:,Wednesday,35.56,Grade Celsius,
647,949.42,W/m^2,13:08:49,28/6/17,Day of week:,Wednesday,35.56,Grade Celsius,
645,945.03,W/m^2,13:08:52,28/6/17,Day of week:,Wednesday,35.19,Grade Celsius,
643,945.03,W/m^2,13:08:55,28/6/17,Day of week:,Wednesday,35.13,Grade Celsius,
644,945.03,W/m^2,13:08:59,28/6/17,Day of week:,Wednesday,35.25,Grade Celsius,
650,950.88,W/m^2,13:09:02,28/6/17,Day of week:,Wednesday,35.50,Grade Celsius,
649,947.96,W/m^2,13:09:05,28/6/17,Day of week:,Wednesday,35.69,Grade Celsius,
645,947.96,W/m^2,13:09:08,28/6/17,Day of week:,Wednesday,35.88,Grade Celsius,
647,965.48,W/m^2,13:09:11,28/6/17,Day of week:,Wednesday,35.94,Grade Celsius,
641,939.19,W/m^2,13:09:14,28/6/17,Day of week:,Wednesday,35.94,Grade Celsius,
643,943.57,W/m^2,13:09:17,28/6/17,Day of week:,Wednesday,36.00,Grade Celsius,
646,945.03,W/m^2,13:09:20,28/6/17,Day of week:,Wednesday,35.94,Grade Celsius,
647,939.19,W/m^2,13:09:23,28/6/17,Day of week:,Wednesday,35.88,Grade Celsius,
645,945.03,W/m^2,13:09:26,28/6/17,Day of week:,Wednesday,35.75,Grade Celsius,
642,942.11,W/m^2,13:09:29,28/6/17,Day of week:,Wednesday,35.69,Grade Celsius,
643,942.11,W/m^2,13:09:32,28/6/17,Day of week:,Wednesday,35.56,Grade Celsius,
632,945.03,W/m^2,13:09:35,28/6/17,Day of week:,Wednesday,35.31,Grade Celsius,
638,942.11,W/m^2,13:09:38,28/6/17,Day of week:,Wednesday,35.25,Grade Celsius,
644,959.64,W/m^2,13:09:41,28/6/17,Day of week:,Wednesday,34.88,Grade Celsius,
643,945.03,W/m^2,13:09:45,28/6/17,Day of week:,Wednesday,34.63,Grade Celsius,
645,942.11,W/m^2,13:09:48,28/6/17,Day of week:,Wednesday,34.19,Grade Celsius,
643,937.73,W/m^2,13:09:51,28/6/17,Day of week:,Wednesday,34.13,Grade Celsius,
644,943.57,W/m^2,13:09:54,28/6/17,Day of week:,Wednesday,33.81,Grade Celsius,
646,945.03,W/m^2,13:09:57,28/6/17,Day of week:,Wednesday,33.69,Grade Celsius,
644,942.11,W/m^2,13:10:00,28/6/17,Day of week:,Wednesday,33.69,Grade Celsius,
644,942.11,W/m^2,13:10:03,28/6/17,Day of week:,Wednesday,33.25,Grade Celsius,
643,943.57,W/m^2,13:10:06,28/6/17,Day of week:,Wednesday,33.69,Grade Celsius,
640,943.57,W/m^2,13:10:09,28/6/17,Day of week:,Wednesday,33.50,Grade Celsius,
644,946.49,W/m^2,13:10:12,28/6/17,Day of week:,Wednesday,33.50,Grade Celsius,
650,943.57,W/m^2,13:10:15,28/6/17,Day of week:,Wednesday,33.56,Grade Celsius,
643,940.65,W/m^2,13:10:18,28/6/17,Day of week:,Wednesday,33.81,Grade Celsius,
644,943.57,W/m^2,13:10:21,28/6/17,Day of week:,Wednesday,33.75,Grade Celsius,
645,940.65,W/m^2,13:10:25,28/6/17,Day of week:,Wednesday,33.88,Grade Celsius,
644,939.19,W/m^2,13:10:28,28/6/17,Day of week:,Wednesday,34.13,Grade Celsius,
644,956.72,W/m^2,13:10:31,28/6/17,Day of week:,Wednesday,34.38,Grade Celsius,
644,942.11,W/m^2,13:10:34,28/6/17,Day of week:,Wednesday,34.56,Grade Celsius,
642,943.57,W/m^2,13:10:37,28/6/17,Day of week:,Wednesday,34.75,Grade Celsius,
641,949.42,W/m^2,13:10:40,28/6/17,Day of week:,Wednesday,34.56,Grade Celsius,
644,956.72,W/m^2,13:10:43,28/6/17,Day of week:,Wednesday,34.44,Grade Celsius,
647,945.03,W/m^2,13:10:46,28/6/17,Day of week:,Wednesday,34.06,Grade Celsius,
642,943.57,W/m^2,13:10:49,28/6/17,Day of week:,Wednesday,34.31,Grade Celsius,
642,940.65,W/m^2,13:10:52,28/6/17,Day of week:,Wednesday,34.50,Grade Celsius,
643,943.57,W/m^2,13:10:55,28/6/17,Day of week:,Wednesday,34.69,Grade Celsius,
645,945.03,W/m^2,13:10:58,28/6/17,Day of week:,Wednesday,34.81,Grade Celsius,
646,945.03,W/m^2,13:11:01,28/6/17,Day of week:,Wednesday,34.63,Grade Celsius,
644,962.56,W/m^2,13:11:04,28/6/17,Day of week:,Wednesday,34.81,Grade Celsius,
647,964.02,W/m^2,13:11:07,28/6/17,Day of week:,Wednesday,34.88,Grade Celsius,
653,945.03,W/m^2,13:11:11,28/6/17,Day of week:,Wednesday,34.88,Grade Celsius,
644,945.03,W/m^2,13:11:14,28/6/17,Day of week:,Wednesday,35.13,Grade Celsius,
646,947.96,W/m^2,13:11:17,28/6/17,Day of week:,Wednesday,35.38,Grade Celsius,
647,936.27,W/m^2,13:11:20,28/6/17,Day of week:,Wednesday,35.56,Grade Celsius,
645,942.11,W/m^2,13:11:23,28/6/17,Day of week:,Wednesday,35.88,Grade Celsius,
641,947.96,W/m^2,13:11:26,28/6/17,Day of week:,Wednesday,36.13,Grade Celsius,
644,943.57,W/m^2,13:11:29,28/6/17,Day of week:,Wednesday,36.31,Grade Celsius,
644,956.72,W/m^2,13:11:32,28/6/17,Day of week:,Wednesday,36.56,Grade Celsius,
645,945.03,W/m^2,13:11:35,28/6/17,Day of week:,Wednesday,36.75,Grade Celsius,
644,945.03,W/m^2,13:11:38,28/6/17,Day of week:,Wednesday,37.00,Grade Celsius,
641,949.42,W/m^2,13:11:41,28/6/17,Day of week:,Wednesday,37.13,Grade Celsius,
644,947.96,W/m^2,13:11:44,28/6/17,Day of week:,Wednesday,37.13,Grade Celsius,
638,961.10,W/m^2,13:11:47,28/6/17,Day of week:,Wednesday,36.94,Grade Celsius,
641,939.19,W/m^2,13:11:50,28/6/17,Day of week:,Wednesday,36.81,Grade Celsius,
639,943.57,W/m^2,13:11:54,28/6/17,Day of week:,Wednesday,36.44,Grade Celsius,
643,952.34,W/m^2,13:11:57,28/6/17,Day of week:,Wednesday,36.25,Grade Celsius,
638,943.57,W/m^2,13:12:00,28/6/17,Day of week:,Wednesday,36.06,Grade Celsius,
652,945.03,W/m^2,13:12:03,28/6/17,Day of week:,Wednesday,35.81,Grade Celsius,
645,945.03,W/m^2,13:12:06,28/6/17,Day of week:,Wednesday,35.69,Grade Celsius,
643,942.11,W/m^2,13:12:09,28/6/17,Day of week:,Wednesday,35.44,Grade Celsius,
642,940.65,W/m^2,13:12:12,28/6/17,Day of week:,Wednesday,35.25,Grade Celsius,
643,942.11,W/m^2,13:12:15,28/6/17,Day of week:,Wednesday,35.19,Grade Celsius,
643,945.03,W/m^2,13:12:18,28/6/17,Day of week:,Wednesday,35.19,Grade Celsius,
642,939.19,W/m^2,13:12:21,28/6/17,Day of week:,Wednesday,35.38,Grade Celsius,
637,943.57,W/m^2,13:12:24,28/6/17,Day of week:,Wednesday,35.56,Grade Celsius,
644,942.11,W/m^2,13:12:27,28/6/17,Day of week:,Wednesday,35.75,Grade Celsius,
645,945.03,W/m^2,13:12:30,28/6/17,Day of week:,Wednesday,35.88,Grade Celsius,
646,946.49,W/m^2,13:12:33,28/6/17,Day of week:,Wednesday,36.13,Grade Celsius,
646,945.03,W/m^2,13:12:36,28/6/17,Day of week:,Wednesday,36.38,Grade Celsius,
649,945.03,W/m^2,13:12:40,28/6/17,Day of week:,Wednesday,36.13,Grade Celsius,
642,949.42,W/m^2,13:12:43,28/6/17,Day of week:,Wednesday,36.50,Grade Celsius,
644,943.57,W/m^2,13:12:46,28/6/17,Day of week:,Wednesday,36.69,Grade Celsius,
648,950.88,W/m^2,13:12:49,28/6/17,Day of week:,Wednesday,36.81,Grade Celsius,
646,945.03,W/m^2,13:12:52,28/6/17,Day of week:,Wednesday,36.88,Grade Celsius,
645,956.72,W/m^2,13:12:55,28/6/17,Day of week:,Wednesday,36.88,Grade Celsius,
645,939.19,W/m^2,13:12:58,28/6/17,Day of week:,Wednesday,36.88,Grade Celsius,
649,949.42,W/m^2,13:13:01,28/6/17,Day of week:,Wednesday,36.75,Grade Celsius,
642,943.57,W/m^2,13:13:04,28/6/17,Day of week:,Wednesday,36.69,Grade Celsius,
648,956.72,W/m^2,13:13:07,28/6/17,Day of week:,Wednesday,36.69,Grade Celsius,
650,945.03,W/m^2,13:13:10,28/6/17,Day of week:,Wednesday,36.69,Grade Celsius,
641,942.11,W/m^2,13:13:13,28/6/17,Day of week:,Wednesday,36.69,Grade Celsius,
641,943.57,W/m^2,13:13:16,28/6/17,Day of week:,Wednesday,36.75,Grade Celsius,
635,943.57,W/m^2,13:13:19,28/6/17,Day of week:,Wednesday,36.75,Grade Celsius,
648,955.26,W/m^2,13:13:22,28/6/17,Day of week:,Wednesday,36.88,Grade Celsius,
644,934.81,W/m^2,13:13:26,28/6/17,Day of week:,Wednesday,37.00,Grade Celsius,
632,942.11,W/m^2,13:13:29,28/6/17,Day of week:,Wednesday,37.13,Grade Celsius,
645,940.65,W/m^2,13:13:32,28/6/17,Day of week:,Wednesday,37.13,Grade Celsius,
628,940.65,W/m^2,13:13:35,28/6/17,Day of week:,Wednesday,37.00,Grade Celsius,
643,949.42,W/m^2,13:13:38,28/6/17,Day of week:,Wednesday,36.44,Grade Celsius,
655,945.03,W/m^2,13:13:41,28/6/17,Day of week:,Wednesday,36.13,Grade Celsius,
645,949.42,W/m^2,13:13:44,28/6/17,Day of week:,Wednesday,35.88,Grade Celsius,
646,953.80,W/m^2,13:13:47,28/6/17,Day of week:,Wednesday,35.50,Grade Celsius,
653,947.96,W/m^2,13:13:50,28/6/17,Day of week:,Wednesday,35.69,Grade Celsius,
646,956.72,W/m^2,13:13:53,28/6/17,Day of week:,Wednesday,35.81,Grade Celsius,
641,952.34,W/m^2,13:13:56,28/6/17,Day of week:,Wednesday,35.81,Grade Celsius,
647,947.96,W/m^2,13:13:59,28/6/17,Day of week:,Wednesday,35.44,Grade Celsius,
646,945.03,W/m^2,13:14:02,28/6/17,Day of week:,Wednesday,35.38,Grade Celsius,
651,949.42,W/m^2,13:14:05,28/6/17,Day of week:,Wednesday,35.38,Grade Celsius,
661,945.03,W/m^2,13:14:09,28/6/17,Day of week:,Wednesday,35.50,Grade Celsius,
646,947.96,W/m^2,13:14:12,28/6/17,Day of week:,Wednesday,35.44,Grade Celsius,
660,952.34,W/m^2,13:14:15,28/6/17,Day of week:,Wednesday,35.50,Grade Celsius,
649,953.80,W/m^2,13:14:18,28/6/17,Day of week:,Wednesday,35.38,Grade Celsius,
650,943.57,W/m^2,13:14:21,28/6/17,Day of week:,Wednesday,35.25,Grade Celsius,
645,945.03,W/m^2,13:14:24,28/6/17,Day of week:,Wednesday,35.31,Grade Celsius,
650,953.80,W/m^2,13:14:27,28/6/17,Day of week:,Wednesday,35.25,Grade Celsius,
648,969.86,W/m^2,13:14:30,28/6/17,Day of week:,Wednesday,35.00,Grade Celsius,
655,955.26,W/m^2,13:14:33,28/6/17,Day of week:,Wednesday,34.94,Grade Celsius,
651,955.26,W/m^2,13:14:36,28/6/17,Day of week:,Wednesday,34.75,Grade Celsius,
651,953.80,W/m^2,13:14:39,28/6/17,Day of week:,Wednesday,34.50,Grade Celsius,
650,953.80,W/m^2,13:14:42,28/6/17,Day of week:,Wednesday,34.38,Grade Celsius,
654,937.73,W/m^2,13:14:45,28/6/17,Day of week:,Wednesday,34.44,Grade Celsius,
649,952.34,W/m^2,13:14:48,28/6/17,Day of week:,Wednesday,34.69,Grade Celsius,
651,955.26,W/m^2,13:14:51,28/6/17,Day of week:,Wednesday,35.00,Grade Celsius,
653,966.94,W/m^2,13:14:55,28/6/17,Day of week:,Wednesday,35.25,Grade Celsius,
655,955.26,W/m^2,13:14:58,28/6/17,Day of week:,Wednesday,35.50,Grade Celsius,
651,955.26,W/m^2,13:15:01,28/6/17,Day of week:,Wednesday,35.75,Grade Celsius,
652,953.80,W/m^2,13:15:04,28/6/17,Day of week:,Wednesday,36.00,Grade Celsius,
650,953.80,W/m^2,13:15:07,28/6/17,Day of week:,Wednesday,36.19,Grade Celsius,
653,959.64,W/m^2,13:15:10,28/6/17,Day of week:,Wednesday,36.38,Grade Celsius,
642,959.64,W/m^2,13:15:13,28/6/17,Day of week:,Wednesday,36.50,Grade Celsius,
652,953.80,W/m^2,13:15:16,28/6/17,Day of week:,Wednesday,36.63,Grade Celsius,
651,955.26,W/m^2,13:15:19,28/6/17,Day of week:,Wednesday,36.75,Grade Celsius,
652,956.72,W/m^2,13:15:22,28/6/17,Day of week:,Wednesday,36.94,Grade Celsius,
655,955.26,W/m^2,13:15:25,28/6/17,Day of week:,Wednesday,37.13,Grade Celsius,
642,956.72,W/m^2,13:15:28,28/6/17,Day of week:,Wednesday,37.25,Grade Celsius,
651,950.88,W/m^2,13:15:31,28/6/17,Day of week:,Wednesday,37.25,Grade Celsius,
649,953.80,W/m^2,13:15:34,28/6/17,Day of week:,Wednesday,37.25,Grade Celsius,
639,956.72,W/m^2,13:15:38,28/6/17,Day of week:,Wednesday,37.19,Grade Celsius,
646,956.72,W/m^2,13:15:41,28/6/17,Day of week:,Wednesday,37.19,Grade Celsius,
652,956.72,W/m^2,13:15:44,28/6/17,Day of week:,Wednesday,37.31,Grade Celsius,
639,956.72,W/m^2,13:15:47,28/6/17,Day of week:,Wednesday,37.50,Grade Celsius,
654,950.88,W/m^2,13:15:50,28/6/17,Day of week:,Wednesday,37.56,Grade Celsius,
652,956.72,W/m^2,13:15:53,28/6/17,Day of week:,Wednesday,37.50,Grade Celsius,
636,945.03,W/m^2,13:15:56,28/6/17,Day of week:,Wednesday,37.75,Grade Celsius,
639,977.17,W/m^2,13:15:59,28/6/17,Day of week:,Wednesday,37.88,Grade Celsius,
654,959.64,W/m^2,13:16:02,28/6/17,Day of week:,Wednesday,38.06,Grade Celsius,
651,956.72,W/m^2,13:16:05,28/6/17,Day of week:,Wednesday,38.19,Grade Celsius,
654,964.02,W/m^2,13:16:08,28/6/17,Day of week:,Wednesday,38.19,Grade Celsius,
652,958.18,W/m^2,13:16:11,28/6/17,Day of week:,Wednesday,38.19,Grade Celsius,
653,962.56,W/m^2,13:16:14,28/6/17,Day of week:,Wednesday,38.38,Grade Celsius,
651,953.80,W/m^2,13:16:17,28/6/17,Day of week:,Wednesday,37.94,Grade Celsius,
644,956.72,W/m^2,13:16:20,28/6/17,Day of week:,Wednesday,37.81,Grade Celsius,
647,953.80,W/m^2,13:16:24,28/6/17,Day of week:,Wednesday,37.38,Grade Celsius,
649,956.72,W/m^2,13:16:27,28/6/17,Day of week:,Wednesday,36.81,Grade Celsius,
650,953.80,W/m^2,13:16:30,28/6/17,Day of week:,Wednesday,36.88,Grade Celsius,
648,955.26,W/m^2,13:16:33,28/6/17,Day of week:,Wednesday,37.00,Grade Celsius,
646,942.11,W/m^2,13:16:36,28/6/17,Day of week:,Wednesday,37.00,Grade Celsius,
650,953.80,W/m^2,13:16:39,28/6/17,Day of week:,Wednesday,37.00,Grade Celsius,
645,952.34,W/m^2,13:16:42,28/6/17,Day of week:,Wednesday,36.94,Grade Celsius,
648,950.88,W/m^2,13:16:45,28/6/17,Day of week:,Wednesday,36.88,Grade Celsius,
661,953.80,W/m^2,13:16:48,28/6/17,Day of week:,Wednesday,37.00,Grade Celsius,
648,950.88,W/m^2,13:16:51,28/6/17,Day of week:,Wednesday,37.13,Grade Celsius,
634,947.96,W/m^2,13:16:54,28/6/17,Day of week:,Wednesday,37.25,Grade Celsius,
644,956.72,W/m^2,13:16:57,28/6/17,Day of week:,Wednesday,37.25,Grade Celsius,
645,947.96,W/m^2,13:17:00,28/6/17,Day of week:,Wednesday,37.06,Grade Celsius,
644,937.73,W/m^2,13:17:04,28/6/17,Day of week:,Wednesday,36.94,Grade Celsius,
645,945.03,W/m^2,13:17:07,28/6/17,Day of week:,Wednesday,36.81,Grade Celsius,
659,937.73,W/m^2,13:17:10,28/6/17,Day of week:,Wednesday,36.63,Grade Celsius,
640,931.89,W/m^2,13:17:13,28/6/17,Day of week:,Wednesday,36.50,Grade Celsius,
633,942.11,W/m^2,13:17:16,28/6/17,Day of week:,Wednesday,36.25,Grade Celsius,
640,945.03,W/m^2,13:17:19,28/6/17,Day of week:,Wednesday,36.00,Grade Celsius,
633,947.96,W/m^2,13:17:22,28/6/17,Day of week:,Wednesday,35.94,Grade Celsius,
643,943.57,W/m^2,13:17:25,28/6/17,Day of week:,Wednesday,35.88,Grade Celsius,
647,949.42,W/m^2,13:17:28,28/6/17,Day of week:,Wednesday,35.88,Grade Celsius,
648,950.88,W/m^2,13:17:31,28/6/17,Day of week:,Wednesday,36.00,Grade Celsius,
647,953.80,W/m^2,13:17:34,28/6/17,Day of week:,Wednesday,36.13,Grade Celsius,
647,945.03,W/m^2,13:17:37,28/6/17,Day of week:,Wednesday,36.31,Grade Celsius,
651,950.88,W/m^2,13:17:40,28/6/17,Day of week:,Wednesday,36.44,Grade Celsius,
648,949.42,W/m^2,13:17:44,28/6/17,Day of week:,Wednesday,36.50,Grade Celsius,
649,966.94,W/m^2,13:17:47,28/6/17,Day of week:,Wednesday,36.50,Grade Celsius,
649,950.88,W/m^2,13:17:50,28/6/17,Day of week:,Wednesday,36.56,Grade Celsius,
650,943.57,W/m^2,13:17:53,28/6/17,Day of week:,Wednesday,36.63,Grade Celsius,
650,945.03,W/m^2,13:17:56,28/6/17,Day of week:,Wednesday,36.63,Grade Celsius,
647,933.35,W/m^2,13:17:59,28/6/17,Day of week:,Wednesday,36.56,Grade Celsius,
647,950.88,W/m^2,13:18:02,28/6/17,Day of week:,Wednesday,36.50,Grade Celsius,
646,933.35,W/m^2,13:18:05,28/6/17,Day of week:,Wednesday,36.44,Grade Celsius,
648,949.42,W/m^2,13:18:08,28/6/17,Day of week:,Wednesday,36.56,Grade Celsius,
647,950.88,W/m^2,13:18:11,28/6/17,Day of week:,Wednesday,36.69,Grade Celsius,
645,945.03,W/m^2,13:18:14,28/6/17,Day of week:,Wednesday,36.88,Grade Celsius,
646,947.96,W/m^2,13:18:17,28/6/17,Day of week:,Wednesday,36.94,Grade Celsius,
648,950.88,W/m^2,13:18:20,28/6/17,Day of week:,Wednesday,36.94,Grade Celsius,
647,942.11,W/m^2,13:18:23,28/6/17,Day of week:,Wednesday,36.94,Grade Celsius,
642,947.96,W/m^2,13:18:26,28/6/17,Day of week:,Wednesday,36.88,Grade Celsius,
648,955.26,W/m^2,13:18:30,28/6/17,Day of week:,Wednesday,36.75,Grade Celsius,
647,946.49,W/m^2,13:18:33,28/6/17,Day of week:,Wednesday,36.56,Grade Celsius,
645,945.03,W/m^2,13:18:36,28/6/17,Day of week:,Wednesday,36.50,Grade Celsius,
646,955.26,W/m^2,13:18:39,28/6/17,Day of week:,Wednesday,36.50,Grade Celsius,
644,947.96,W/m^2,13:18:42,28/6/17,Day of week:,Wednesday,36.50,Grade Celsius,
646,939.19,W/m^2,13:18:45,28/6/17,Day of week:,Wednesday,36.50,Grade Celsius,
652,950.88,W/m^2,13:18:48,28/6/17,Day of week:,Wednesday,36.44,Grade Celsius,
634,964.02,W/m^2,13:18:51,28/6/17,Day of week:,Wednesday,36.38,Grade Celsius,
642,947.96,W/m^2,13:18:54,28/6/17,Day of week:,Wednesday,36.25,Grade Celsius,
650,945.03,W/m^2,13:18:57,28/6/17,Day of week:,Wednesday,36.13,Grade Celsius,
636,942.11,W/m^2,13:19:00,28/6/17,Day of week:,Wednesday,36.00,Grade Celsius,
640,942.11,W/m^2,13:19:03,28/6/17,Day of week:,Wednesday,35.81,Grade Celsius,
638,945.03,W/m^2,13:19:06,28/6/17,Day of week:,Wednesday,35.56,Grade Celsius,
651,945.03,W/m^2,13:19:09,28/6/17,Day of week:,Wednesday,35.44,Grade Celsius,
645,945.03,W/m^2,13:19:12,28/6/17,Day of week:,Wednesday,35.44,Grade Celsius,
638,943.57,W/m^2,13:19:16,28/6/17,Day of week:,Wednesday,35.56,Grade Celsius,
640,924.59,W/m^2,13:19:19,28/6/17,Day of week:,Wednesday,35.69,Grade Celsius,
627,914.36,W/m^2,13:19:22,28/6/17,Day of week:,Wednesday,35.88,Grade Celsius,
620,896.83,W/m^2,13:19:25,28/6/17,Day of week:,Wednesday,36.06,Grade Celsius,
603,888.07,W/m^2,13:19:28,28/6/17,Day of week:,Wednesday,36.13,Grade Celsius,
625,915.82,W/m^2,13:19:31,28/6/17,Day of week:,Wednesday,36.25,Grade Celsius,
629,908.52,W/m^2,13:19:34,28/6/17,Day of week:,Wednesday,36.44,Grade Celsius,
613,918.74,W/m^2,13:19:37,28/6/17,Day of week:,Wednesday,36.69,Grade Celsius,
623,917.28,W/m^2,13:19:40,28/6/17,Day of week:,Wednesday,36.94,Grade Celsius,
635,931.89,W/m^2,13:19:43,28/6/17,Day of week:,Wednesday,37.13,Grade Celsius,
641,939.19,W/m^2,13:19:46,28/6/17,Day of week:,Wednesday,37.25,Grade Celsius,
642,940.65,W/m^2,13:19:49,28/6/17,Day of week:,Wednesday,37.19,Grade Celsius,
634,942.11,W/m^2,13:19:52,28/6/17,Day of week:,Wednesday,37.19,Grade Celsius,
644,947.96,W/m^2,13:19:55,28/6/17,Day of week:,Wednesday,37.19,Grade Celsius,
644,945.03,W/m^2,13:19:58,28/6/17,Day of week:,Wednesday,37.31,Grade Celsius,
645,945.03,W/m^2,13:20:02,28/6/17,Day of week:,Wednesday,37.25,Grade Celsius,
645,953.80,W/m^2,13:20:05,28/6/17,Day of week:,Wednesday,37.31,Grade Celsius,
645,931.89,W/m^2,13:20:08,28/6/17,Day of week:,Wednesday,37.38,Grade Celsius,
650,942.11,W/m^2,13:20:11,28/6/17,Day of week:,Wednesday,37.56,Grade Celsius,
645,939.19,W/m^2,13:20:14,28/6/17,Day of week:,Wednesday,37.69,Grade Celsius,
633,942.11,W/m^2,13:20:17,28/6/17,Day of week:,Wednesday,37.81,Grade Celsius,
643,921.66,W/m^2,13:20:20,28/6/17,Day of week:,Wednesday,37.94,Grade Celsius,
646,949.42,W/m^2,13:20:23,28/6/17,Day of week:,Wednesday,38.00,Grade Celsius,
648,942.11,W/m^2,13:20:26,28/6/17,Day of week:,Wednesday,37.94,Grade Celsius,
641,947.96,W/m^2,13:20:29,28/6/17,Day of week:,Wednesday,37.69,Grade Celsius,
640,945.03,W/m^2,13:20:32,28/6/17,Day of week:,Wednesday,37.38,Grade Celsius,
643,945.03,W/m^2,13:20:35,28/6/17,Day of week:,Wednesday,37.13,Grade Celsius,
645,958.18,W/m^2,13:20:38,28/6/17,Day of week:,Wednesday,36.81,Grade Celsius,
647,946.49,W/m^2,13:20:41,28/6/17,Day of week:,Wednesday,36.69,Grade Celsius,
645,945.03,W/m^2,13:20:45,28/6/17,Day of week:,Wednesday,36.50,Grade Celsius,
645,945.03,W/m^2,13:20:48,28/6/17,Day of week:,Wednesday,35.75,Grade Celsius,
638,947.96,W/m^2,13:20:51,28/6/17,Day of week:,Wednesday,35.69,Grade Celsius,
646,955.26,W/m^2,13:20:54,28/6/17,Day of week:,Wednesday,35.44,Grade Celsius,
653,946.49,W/m^2,13:20:57,28/6/17,Day of week:,Wednesday,35.25,Grade Celsius,
646,946.49,W/m^2,13:21:00,28/6/17,Day of week:,Wednesday,35.31,Grade Celsius,
645,947.96,W/m^2,13:21:03,28/6/17,Day of week:,Wednesday,35.38,Grade Celsius,
645,933.35,W/m^2,13:21:06,28/6/17,Day of week:,Wednesday,35.38,Grade Celsius,
651,946.49,W/m^2,13:21:09,28/6/17,Day of week:,Wednesday,35.31,Grade Celsius,
649,955.26,W/m^2,13:21:12,28/6/17,Day of week:,Wednesday,35.13,Grade Celsius,
648,950.88,W/m^2,13:21:15,28/6/17,Day of week:,Wednesday,35.25,Grade Celsius,
649,950.88,W/m^2,13:21:18,28/6/17,Day of week:,Wednesday,34.94,Grade Celsius,
648,939.19,W/m^2,13:21:21,28/6/17,Day of week:,Wednesday,35.13,Grade Celsius,
645,945.03,W/m^2,13:21:24,28/6/17,Day of week:,Wednesday,34.75,Grade Celsius,
642,940.65,W/m^2,13:21:28,28/6/17,Day of week:,Wednesday,34.56,Grade Celsius,
644,943.57,W/m^2,13:21:31,28/6/17,Day of week:,Wednesday,34.69,Grade Celsius,
650,945.03,W/m^2,13:21:34,28/6/17,Day of week:,Wednesday,34.69,Grade Celsius,
644,945.03,W/m^2,13:21:37,28/6/17,Day of week:,Wednesday,34.94,Grade Celsius,
631,947.96,W/m^2,13:21:40,28/6/17,Day of week:,Wednesday,35.00,Grade Celsius,
652,965.48,W/m^2,13:21:43,28/6/17,Day of week:,Wednesday,35.19,Grade Celsius,
643,923.12,W/m^2,13:21:46,28/6/17,Day of week:,Wednesday,35.13,Grade Celsius,
641,933.35,W/m^2,13:21:49,28/6/17,Day of week:,Wednesday,35.19,Grade Celsius,
628,942.11,W/m^2,13:21:52,28/6/17,Day of week:,Wednesday,35.44,Grade Celsius,
644,956.72,W/m^2,13:21:55,28/6/17,Day of week:,Wednesday,35.38,Grade Celsius,
643,945.03,W/m^2,13:21:58,28/6/17,Day of week:,Wednesday,35.13,Grade Celsius,
652,942.11,W/m^2,13:22:01,28/6/17,Day of week:,Wednesday,34.81,Grade Celsius,
640,939.19,W/m^2,13:22:04,28/6/17,Day of week:,Wednesday,34.69,Grade Celsius,
650,933.35,W/m^2,13:22:07,28/6/17,Day of week:,Wednesday,34.88,Grade Celsius,
635,933.35,W/m^2,13:22:10,28/6/17,Day of week:,Wednesday,34.88,Grade Celsius,
637,926.05,W/m^2,13:22:14,28/6/17,Day of week:,Wednesday,34.63,Grade Celsius,
640,950.88,W/m^2,13:22:17,28/6/17,Day of week:,Wednesday,34.81,Grade Celsius,
641,928.97,W/m^2,13:22:20,28/6/17,Day of week:,Wednesday,34.88,Grade Celsius,
635,926.05,W/m^2,13:22:23,28/6/17,Day of week:,Wednesday,34.94,Grade Celsius,
632,939.19,W/m^2,13:22:26,28/6/17,Day of week:,Wednesday,35.19,Grade Celsius,
632,931.89,W/m^2,13:22:29,28/6/17,Day of week:,Wednesday,35.38,Grade Celsius,
637,933.35,W/m^2,13:22:32,28/6/17,Day of week:,Wednesday,35.63,Grade Celsius,
637,924.59,W/m^2,13:22:35,28/6/17,Day of week:,Wednesday,35.31,Grade Celsius,
635,930.43,W/m^2,13:22:38,28/6/17,Day of week:,Wednesday,35.25,Grade Celsius,
637,931.89,W/m^2,13:22:41,28/6/17,Day of week:,Wednesday,35.56,Grade Celsius,
634,927.51,W/m^2,13:22:44,28/6/17,Day of week:,Wednesday,35.69,Grade Celsius,
635,931.89,W/m^2,13:22:47,28/6/17,Day of week:,Wednesday,35.81,Grade Celsius,
638,945.03,W/m^2,13:22:50,28/6/17,Day of week:,Wednesday,35.69,Grade Celsius,
639,934.81,W/m^2,13:22:53,28/6/17,Day of week:,Wednesday,35.44,Grade Celsius,
638,936.27,W/m^2,13:22:57,28/6/17,Day of week:,Wednesday,35.06,Grade Celsius,
627,933.35,W/m^2,13:23:00,28/6/17,Day of week:,Wednesday,34.88,Grade Celsius,
640,937.73,W/m^2,13:23:03,28/6/17,Day of week:,Wednesday,34.69,Grade Celsius,
640,936.27,W/m^2,13:23:06,28/6/17,Day of week:,Wednesday,34.69,Grade Celsius,
640,927.51,W/m^2,13:23:09,28/6/17,Day of week:,Wednesday,34.88,Grade Celsius,
645,931.89,W/m^2,13:23:12,28/6/17,Day of week:,Wednesday,34.88,Grade Celsius,
651,936.27,W/m^2,13:23:15,28/6/17,Day of week:,Wednesday,34.94,Grade Celsius,
630,930.43,W/m^2,13:23:18,28/6/17,Day of week:,Wednesday,35.06,Grade Celsius,
631,931.89,W/m^2,13:23:21,28/6/17,Day of week:,Wednesday,35.31,Grade Celsius,
634,909.98,W/m^2,13:23:24,28/6/17,Day of week:,Wednesday,35.25,Grade Celsius,
623,915.82,W/m^2,13:23:27,28/6/17,Day of week:,Wednesday,35.44,Grade Celsius,
601,902.68,W/m^2,13:23:30,28/6/17,Day of week:,Wednesday,35.75,Grade Celsius,
619,898.29,W/m^2,13:23:33,28/6/17,Day of week:,Wednesday,36.00,Grade Celsius,
607,885.15,W/m^2,13:23:36,28/6/17,Day of week:,Wednesday,35.56,Grade Celsius,
585,845.71,W/m^2,13:23:39,28/6/17,Day of week:,Wednesday,35.06,Grade Celsius,
589,863.24,W/m^2,13:23:43,28/6/17,Day of week:,Wednesday,34.69,Grade Celsius,
603,880.77,W/m^2,13:23:46,28/6/17,Day of week:,Wednesday,34.75,Grade Celsius,
605,880.77,W/m^2,13:23:49,28/6/17,Day of week:,Wednesday,34.13,Grade Celsius,
612,895.37,W/m^2,13:23:52,28/6/17,Day of week:,Wednesday,33.75,Grade Celsius,
609,909.98,W/m^2,13:23:55,28/6/17,Day of week:,Wednesday,33.75,Grade Celsius,
619,909.98,W/m^2,13:23:58,28/6/17,Day of week:,Wednesday,33.81,Grade Celsius,
627,904.14,W/m^2,13:24:01,28/6/17,Day of week:,Wednesday,33.88,Grade Celsius,
631,917.28,W/m^2,13:24:04,28/6/17,Day of week:,Wednesday,33.75,Grade Celsius,
635,920.20,W/m^2,13:24:07,28/6/17,Day of week:,Wednesday,33.81,Grade Celsius,
638,933.35,W/m^2,13:24:10,28/6/17,Day of week:,Wednesday,34.00,Grade Celsius,
637,952.34,W/m^2,13:24:13,28/6/17,Day of week:,Wednesday,33.88,Grade Celsius,
628,933.35,W/m^2,13:24:16,28/6/17,Day of week:,Wednesday,33.94,Grade Celsius,
641,939.19,W/m^2,13:24:19,28/6/17,Day of week:,Wednesday,33.88,Grade Celsius,
635,933.35,W/m^2,13:24:22,28/6/17,Day of week:,Wednesday,34.00,Grade Celsius,
639,942.11,W/m^2,13:24:26,28/6/17,Day of week:,Wednesday,34.00,Grade Celsius,
640,955.26,W/m^2,13:24:29,28/6/17,Day of week:,Wednesday,34.00,Grade Celsius,
640,936.27,W/m^2,13:24:32,28/6/17,Day of week:,Wednesday,33.94,Grade Celsius,
639,940.65,W/m^2,13:24:35,28/6/17,Day of week:,Wednesday,34.25,Grade Celsius,
640,958.18,W/m^2,13:24:38,28/6/17,Day of week:,Wednesday,34.38,Grade Celsius,
640,939.19,W/m^2,13:24:41,28/6/17,Day of week:,Wednesday,34.44,Grade Celsius,
651,939.19,W/m^2,13:24:44,28/6/17,Day of week:,Wednesday,34.63,Grade Celsius,
644,942.11,W/m^2,13:24:47,28/6/17,Day of week:,Wednesday,34.75,Grade Celsius,
640,933.35,W/m^2,13:24:50,28/6/17,Day of week:,Wednesday,34.81,Grade Celsius,
640,939.19,W/m^2,13:24:53,28/6/17,Day of week:,Wednesday,35.00,Grade Celsius,
646,915.82,W/m^2,13:24:56,28/6/17,Day of week:,Wednesday,34.75,Grade Celsius,
636,921.66,W/m^2,13:24:59,28/6/17,Day of week:,Wednesday,35.00,Grade Celsius,
638,933.35,W/m^2,13:25:02,28/6/17,Day of week:,Wednesday,35.13,Grade Celsius,
635,934.81,W/m^2,13:25:05,28/6/17,Day of week:,Wednesday,35.31,Grade Celsius,
639,952.34,W/m^2,13:25:08,28/6/17,Day of week:,Wednesday,35.50,Grade Celsius,
640,939.19,W/m^2,13:25:12,28/6/17,Day of week:,Wednesday,35.31,Grade Celsius,
644,955.26,W/m^2,13:25:15,28/6/17,Day of week:,Wednesday,35.50,Grade Celsius,
634,936.27,W/m^2,13:25:18,28/6/17,Day of week:,Wednesday,35.44,Grade Celsius,
638,942.11,W/m^2,13:25:21,28/6/17,Day of week:,Wednesday,35.63,Grade Celsius,
640,936.27,W/m^2,13:25:24,28/6/17,Day of week:,Wednesday,35.63,Grade Celsius,
639,936.27,W/m^2,13:25:27,28/6/17,Day of week:,Wednesday,35.63,Grade Celsius,
638,945.03,W/m^2,13:25:30,28/6/17,Day of week:,Wednesday,35.81,Grade Celsius,
640,930.43,W/m^2,13:25:33,28/6/17,Day of week:,Wednesday,35.69,Grade Celsius,
641,936.27,W/m^2,13:25:36,28/6/17,Day of week:,Wednesday,35.63,Grade Celsius,
637,924.59,W/m^2,13:25:39,28/6/17,Day of week:,Wednesday,35.44,Grade Celsius,
638,934.81,W/m^2,13:25:42,28/6/17,Day of week:,Wednesday,35.31,Grade Celsius,
637,934.81,W/m^2,13:25:45,28/6/17,Day of week:,Wednesday,35.13,Grade Celsius,
624,931.89,W/m^2,13:25:48,28/6/17,Day of week:,Wednesday,35.31,Grade Celsius,
638,933.35,W/m^2,13:25:51,28/6/17,Day of week:,Wednesday,35.50,Grade Celsius,
639,936.27,W/m^2,13:25:54,28/6/17,Day of week:,Wednesday,35.63,Grade Celsius,
637,933.35,W/m^2,13:25:58,28/6/17,Day of week:,Wednesday,35.63,Grade Celsius,
624,939.19,W/m^2,13:26:01,28/6/17,Day of week:,Wednesday,35.63,Grade Celsius,
635,930.43,W/m^2,13:26:04,28/6/17,Day of week:,Wednesday,35.81,Grade Celsius,
649,933.35,W/m^2,13:26:07,28/6/17,Day of week:,Wednesday,36.00,Grade Celsius,
639,931.89,W/m^2,13:26:10,28/6/17,Day of week:,Wednesday,36.25,Grade Celsius,
636,939.19,W/m^2,13:26:13,28/6/17,Day of week:,Wednesday,36.13,Grade Celsius,
636,930.43,W/m^2,13:26:16,28/6/17,Day of week:,Wednesday,36.25,Grade Celsius,
634,930.43,W/m^2,13:26:19,28/6/17,Day of week:,Wednesday,36.50,Grade Celsius,
635,930.43,W/m^2,13:26:22,28/6/17,Day of week:,Wednesday,36.69,Grade Celsius,
634,931.89,W/m^2,13:26:25,28/6/17,Day of week:,Wednesday,36.63,Grade Celsius,
637,934.81,W/m^2,13:26:28,28/6/17,Day of week:,Wednesday,36.88,Grade Celsius,
625,930.43,W/m^2,13:26:31,28/6/17,Day of week:,Wednesday,36.69,Grade Celsius,
637,931.89,W/m^2,13:26:34,28/6/17,Day of week:,Wednesday,36.63,Grade Celsius,
636,933.35,W/m^2,13:26:37,28/6/17,Day of week:,Wednesday,36.38,Grade Celsius,
634,915.82,W/m^2,13:26:41,28/6/17,Day of week:,Wednesday,36.19,Grade Celsius,
638,936.27,W/m^2,13:26:44,28/6/17,Day of week:,Wednesday,36.44,Grade Celsius,
653,939.19,W/m^2,13:26:47,28/6/17,Day of week:,Wednesday,36.25,Grade Celsius,
627,940.65,W/m^2,13:26:50,28/6/17,Day of week:,Wednesday,36.50,Grade Celsius,
639,939.19,W/m^2,13:26:53,28/6/17,Day of week:,Wednesday,36.75,Grade Celsius,
640,936.27,W/m^2,13:26:56,28/6/17,Day of week:,Wednesday,36.94,Grade Celsius,
639,946.49,W/m^2,13:26:59,28/6/17,Day of week:,Wednesday,37.00,Grade Celsius,
639,918.74,W/m^2,13:27:02,28/6/17,Day of week:,Wednesday,37.13,Grade Celsius,
637,934.81,W/m^2,13:27:05,28/6/17,Day of week:,Wednesday,37.25,Grade Celsius,
638,923.12,W/m^2,13:27:08,28/6/17,Day of week:,Wednesday,37.38,Grade Celsius,
639,936.27,W/m^2,13:27:11,28/6/17,Day of week:,Wednesday,37.44,Grade Celsius,
640,934.81,W/m^2,13:27:14,28/6/17,Day of week:,Wednesday,37.38,Grade Celsius,
635,931.89,W/m^2,13:27:17,28/6/17,Day of week:,Wednesday,37.13,Grade Celsius,
636,933.35,W/m^2,13:27:20,28/6/17,Day of week:,Wednesday,36.88,Grade Celsius,
636,933.35,W/m^2,13:27:23,28/6/17,Day of week:,Wednesday,36.75,Grade Celsius,
639,921.66,W/m^2,13:27:27,28/6/17,Day of week:,Wednesday,36.81,Grade Celsius,
640,955.26,W/m^2,13:27:30,28/6/17,Day of week:,Wednesday,37.00,Grade Celsius,
638,936.27,W/m^2,13:27:33,28/6/17,Day of week:,Wednesday,37.25,Grade Celsius,
649,933.35,W/m^2,13:27:36,28/6/17,Day of week:,Wednesday,37.50,Grade Celsius,
637,930.43,W/m^2,13:27:39,28/6/17,Day of week:,Wednesday,37.63,Grade Celsius,
639,927.51,W/m^2,13:27:42,28/6/17,Day of week:,Wednesday,37.63,Grade Celsius,
638,928.97,W/m^2,13:27:45,28/6/17,Day of week:,Wednesday,37.88,Grade Celsius,
639,936.27,W/m^2,13:27:48,28/6/17,Day of week:,Wednesday,38.13,Grade Celsius,
641,939.19,W/m^2,13:27:51,28/6/17,Day of week:,Wednesday,38.25,Grade Celsius,
637,931.89,W/m^2,13:27:54,28/6/17,Day of week:,Wednesday,38.13,Grade Celsius,
625,937.73,W/m^2,13:27:57,28/6/17,Day of week:,Wednesday,38.38,Grade Celsius,
642,927.51,W/m^2,13:28:00,28/6/17,Day of week:,Wednesday,38.44,Grade Celsius,
642,931.89,W/m^2,13:28:04,28/6/17,Day of week:,Wednesday,38.56,Grade Celsius,
639,945.03,W/m^2,13:28:07,28/6/17,Day of week:,Wednesday,38.69,Grade Celsius,
640,934.81,W/m^2,13:28:10,28/6/17,Day of week:,Wednesday,38.81,Grade Celsius,
636,936.27,W/m^2,13:28:13,28/6/17,Day of week:,Wednesday,38.75,Grade Celsius,
640,939.19,W/m^2,13:28:16,28/6/17,Day of week:,Wednesday,38.50,Grade Celsius,
643,936.27,W/m^2,13:28:19,28/6/17,Day of week:,Wednesday,38.19,Grade Celsius,
640,939.19,W/m^2,13:28:22,28/6/17,Day of week:,Wednesday,38.00,Grade Celsius,
639,933.35,W/m^2,13:28:25,28/6/17,Day of week:,Wednesday,37.94,Grade Celsius,
638,940.65,W/m^2,13:28:28,28/6/17,Day of week:,Wednesday,37.94,Grade Celsius,
641,943.57,W/m^2,13:28:31,28/6/17,Day of week:,Wednesday,37.69,Grade Celsius,
643,955.26,W/m^2,13:28:34,28/6/17,Day of week:,Wednesday,37.75,Grade Celsius,
643,939.19,W/m^2,13:28:37,28/6/17,Day of week:,Wednesday,37.94,Grade Celsius,
641,939.19,W/m^2,13:28:40,28/6/17,Day of week:,Wednesday,38.00,Grade Celsius,
627,937.73,W/m^2,13:28:43,28/6/17,Day of week:,Wednesday,38.00,Grade Celsius,
637,940.65,W/m^2,13:28:46,28/6/17,Day of week:,Wednesday,37.94,Grade Celsius,
641,933.35,W/m^2,13:28:50,28/6/17,Day of week:,Wednesday,37.44,Grade Celsius,
643,943.57,W/m^2,13:28:53,28/6/17,Day of week:,Wednesday,37.13,Grade Celsius,
642,942.11,W/m^2,13:28:56,28/6/17,Day of week:,Wednesday,37.19,Grade Celsius,
640,936.27,W/m^2,13:28:59,28/6/17,Day of week:,Wednesday,37.31,Grade Celsius,
642,937.73,W/m^2,13:29:02,28/6/17,Day of week:,Wednesday,37.50,Grade Celsius,
644,949.42,W/m^2,13:29:05,28/6/17,Day of week:,Wednesday,37.63,Grade Celsius,
641,945.03,W/m^2,13:29:08,28/6/17,Day of week:,Wednesday,37.75,Grade Celsius,
644,943.57,W/m^2,13:29:11,28/6/17,Day of week:,Wednesday,37.81,Grade Celsius,
643,946.49,W/m^2,13:29:14,28/6/17,Day of week:,Wednesday,37.69,Grade Celsius,
643,955.26,W/m^2,13:29:17,28/6/17,Day of week:,Wednesday,38.00,Grade Celsius,
645,945.03,W/m^2,13:29:20,28/6/17,Day of week:,Wednesday,37.81,Grade Celsius,
642,940.65,W/m^2,13:29:23,28/6/17,Day of week:,Wednesday,37.38,Grade Celsius,
644,959.64,W/m^2,13:29:26,28/6/17,Day of week:,Wednesday,37.38,Grade Celsius,
644,943.57,W/m^2,13:29:29,28/6/17,Day of week:,Wednesday,37.00,Grade Celsius,
643,939.19,W/m^2,13:29:32,28/6/17,Day of week:,Wednesday,37.00,Grade Celsius,
639,950.88,W/m^2,13:29:36,28/6/17,Day of week:,Wednesday,37.25,Grade Celsius,
639,939.19,W/m^2,13:29:39,28/6/17,Day of week:,Wednesday,37.38,Grade Celsius,
644,942.11,W/m^2,13:29:42,28/6/17,Day of week:,Wednesday,37.44,Grade Celsius,
643,945.03,W/m^2,13:29:45,28/6/17,Day of week:,Wednesday,37.44,Grade Celsius,
641,920.20,W/m^2,13:29:48,28/6/17,Day of week:,Wednesday,37.50,Grade Celsius,
645,940.65,W/m^2,13:29:51,28/6/17,Day of week:,Wednesday,37.63,Grade Celsius,
636,956.72,W/m^2,13:29:54,28/6/17,Day of week:,Wednesday,37.69,Grade Celsius,
646,945.03,W/m^2,13:29:57,28/6/17,Day of week:,Wednesday,37.69,Grade Celsius,
644,955.26,W/m^2,13:30:00,28/6/17,Day of week:,Wednesday,37.13,Grade Celsius,
643,947.96,W/m^2,13:30:03,28/6/17,Day of week:,Wednesday,36.63,Grade Celsius,
635,943.57,W/m^2,13:30:06,28/6/17,Day of week:,Wednesday,36.38,Grade Celsius,
645,945.03,W/m^2,13:30:09,28/6/17,Day of week:,Wednesday,36.19,Grade Celsius,
646,947.96,W/m^2,13:30:12,28/6/17,Day of week:,Wednesday,36.13,Grade Celsius,
645,943.57,W/m^2,13:30:15,28/6/17,Day of week:,Wednesday,36.06,Grade Celsius,
643,943.57,W/m^2,13:30:19,28/6/17,Day of week:,Wednesday,36.00,Grade Celsius,
644,937.73,W/m^2,13:30:22,28/6/17,Day of week:,Wednesday,36.00,Grade Celsius,
644,947.96,W/m^2,13:30:25,28/6/17,Day of week:,Wednesday,36.31,Grade Celsius,
633,945.03,W/m^2,13:30:28,28/6/17,Day of week:,Wednesday,36.38,Grade Celsius,
632,945.03,W/m^2,13:30:31,28/6/17,Day of week:,Wednesday,36.50,Grade Celsius,
643,930.43,W/m^2,13:30:34,28/6/17,Day of week:,Wednesday,36.69,Grade Celsius,
647,942.11,W/m^2,13:30:37,28/6/17,Day of week:,Wednesday,36.81,Grade Celsius,
643,942.11,W/m^2,13:30:40,28/6/17,Day of week:,Wednesday,36.94,Grade Celsius,
644,959.64,W/m^2,13:30:43,28/6/17,Day of week:,Wednesday,37.13,Grade Celsius,
649,933.35,W/m^2,13:30:46,28/6/17,Day of week:,Wednesday,37.31,Grade Celsius,
647,961.10,W/m^2,13:30:49,28/6/17,Day of week:,Wednesday,37.44,Grade Celsius,
646,945.03,W/m^2,13:30:52,28/6/17,Day of week:,Wednesday,37.56,Grade Celsius,
644,946.49,W/m^2,13:30:55,28/6/17,Day of week:,Wednesday,37.75,Grade Celsius,
655,947.96,W/m^2,13:30:58,28/6/17,Day of week:,Wednesday,37.94,Grade Celsius,
645,947.96,W/m^2,13:31:01,28/6/17,Day of week:,Wednesday,37.75,Grade Celsius,
650,953.80,W/m^2,13:31:05,28/6/17,Day of week:,Wednesday,37.75,Grade Celsius,
654,949.42,W/m^2,13:31:08,28/6/17,Day of week:,Wednesday,37.94,Grade Celsius,
630,942.11,W/m^2,13:31:11,28/6/17,Day of week:,Wednesday,38.06,Grade Celsius,
639,933.35,W/m^2,13:31:14,28/6/17,Day of week:,Wednesday,38.00,Grade Celsius,
638,937.73,W/m^2,13:31:17,28/6/17,Day of week:,Wednesday,37.81,Grade Celsius,
630,928.97,W/m^2,13:31:20,28/6/17,Day of week:,Wednesday,37.50,Grade Celsius,
608,892.45,W/m^2,13:31:23,28/6/17,Day of week:,Wednesday,37.38,Grade Celsius,
593,867.62,W/m^2,13:31:26,28/6/17,Day of week:,Wednesday,37.38,Grade Celsius,
590,863.24,W/m^2,13:31:29,28/6/17,Day of week:,Wednesday,37.44,Grade Celsius,
588,857.40,W/m^2,13:31:32,28/6/17,Day of week:,Wednesday,37.31,Grade Celsius,
577,847.17,W/m^2,13:31:35,28/6/17,Day of week:,Wednesday,37.06,Grade Celsius,
563,813.58,W/m^2,13:31:38,28/6/17,Day of week:,Wednesday,37.13,Grade Celsius,
530,791.67,W/m^2,13:31:41,28/6/17,Day of week:,Wednesday,36.88,Grade Celsius,
530,794.59,W/m^2,13:31:44,28/6/17,Day of week:,Wednesday,37.00,Grade Celsius,
539,774.14,W/m^2,13:31:48,28/6/17,Day of week:,Wednesday,36.94,Grade Celsius,
551,810.66,W/m^2,13:31:51,28/6/17,Day of week:,Wednesday,37.00,Grade Celsius,
567,834.03,W/m^2,13:31:54,28/6/17,Day of week:,Wednesday,37.00,Grade Celsius,
566,819.42,W/m^2,13:31:57,28/6/17,Day of week:,Wednesday,37.19,Grade Celsius,
577,861.78,W/m^2,13:32:00,28/6/17,Day of week:,Wednesday,36.88,Grade Celsius,
597,869.08,W/m^2,13:32:03,28/6/17,Day of week:,Wednesday,36.69,Grade Celsius,
591,883.69,W/m^2,13:32:06,28/6/17,Day of week:,Wednesday,36.81,Grade Celsius,
585,845.71,W/m^2,13:32:09,28/6/17,Day of week:,Wednesday,36.50,Grade Celsius,
561,820.88,W/m^2,13:32:12,28/6/17,Day of week:,Wednesday,36.38,Grade Celsius,
546,796.05,W/m^2,13:32:15,28/6/17,Day of week:,Wednesday,36.44,Grade Celsius,
549,806.27,W/m^2,13:32:18,28/6/17,Day of week:,Wednesday,36.50,Grade Celsius,
553,810.66,W/m^2,13:32:21,28/6/17,Day of week:,Wednesday,36.50,Grade Celsius,
555,813.58,W/m^2,13:32:24,28/6/17,Day of week:,Wednesday,36.63,Grade Celsius,
547,806.27,W/m^2,13:32:27,28/6/17,Day of week:,Wednesday,36.69,Grade Celsius,
543,797.51,W/m^2,13:32:30,28/6/17,Day of week:,Wednesday,36.75,Grade Celsius,
553,816.50,W/m^2,13:32:34,28/6/17,Day of week:,Wednesday,36.50,Grade Celsius,
574,844.25,W/m^2,13:32:37,28/6/17,Day of week:,Wednesday,36.56,Grade Celsius,
581,851.55,W/m^2,13:32:40,28/6/17,Day of week:,Wednesday,36.25,Grade Celsius,
561,823.80,W/m^2,13:32:43,28/6/17,Day of week:,Wednesday,36.19,Grade Celsius,
542,793.13,W/m^2,13:32:46,28/6/17,Day of week:,Wednesday,36.31,Grade Celsius,
535,785.82,W/m^2,13:32:49,28/6/17,Day of week:,Wednesday,36.25,Grade Celsius,
532,762.45,W/m^2,13:32:52,28/6/17,Day of week:,Wednesday,36.25,Grade Celsius,
492,720.10,W/m^2,13:32:55,28/6/17,Day of week:,Wednesday,36.25,Grade Celsius,
467,683.58,W/m^2,13:32:58,28/6/17,Day of week:,Wednesday,36.25,Grade Celsius,
451,661.67,W/m^2,13:33:01,28/6/17,Day of week:,Wednesday,36.19,Grade Celsius,
451,664.59,W/m^2,13:33:04,28/6/17,Day of week:,Wednesday,36.13,Grade Celsius,
485,714.25,W/m^2,13:33:07,28/6/17,Day of week:,Wednesday,35.94,Grade Celsius,
538,768.30,W/m^2,13:33:10,28/6/17,Day of week:,Wednesday,35.81,Grade Celsius,
574,817.96,W/m^2,13:33:13,28/6/17,Day of week:,Wednesday,35.75,Grade Celsius,
564,825.26,W/m^2,13:33:17,28/6/17,Day of week:,Wednesday,35.75,Grade Celsius,
555,813.58,W/m^2,13:33:20,28/6/17,Day of week:,Wednesday,35.75,Grade Celsius,
533,784.36,W/m^2,13:33:23,28/6/17,Day of week:,Wednesday,35.81,Grade Celsius,
491,721.56,W/m^2,13:33:26,28/6/17,Day of week:,Wednesday,35.88,Grade Celsius,
457,677.74,W/m^2,13:33:29,28/6/17,Day of week:,Wednesday,35.81,Grade Celsius,
451,654.37,W/m^2,13:33:32,28/6/17,Day of week:,Wednesday,35.81,Grade Celsius,
459,690.88,W/m^2,13:33:35,28/6/17,Day of week:,Wednesday,35.81,Grade Celsius,
489,723.02,W/m^2,13:33:38,28/6/17,Day of week:,Wednesday,35.94,Grade Celsius,
515,752.23,W/m^2,13:33:41,28/6/17,Day of week:,Wednesday,36.13,Grade Celsius,
513,728.86,W/m^2,13:33:44,28/6/17,Day of week:,Wednesday,36.25,Grade Celsius,
506,736.16,W/m^2,13:33:47,28/6/17,Day of week:,Wednesday,36.38,Grade Celsius,
532,766.84,W/m^2,13:33:50,28/6/17,Day of week:,Wednesday,36.50,Grade Celsius,
555,816.50,W/m^2,13:33:53,28/6/17,Day of week:,Wednesday,36.69,Grade Celsius,
564,825.26,W/m^2,13:33:56,28/6/17,Day of week:,Wednesday,36.81,Grade Celsius,
564,819.42,W/m^2,13:34:00,28/6/17,Day of week:,Wednesday,36.94,Grade Celsius,
542,785.82,W/m^2,13:34:03,28/6/17,Day of week:,Wednesday,37.06,Grade Celsius,
507,743.47,W/m^2,13:34:06,28/6/17,Day of week:,Wednesday,37.19,Grade Celsius,
454,676.28,W/m^2,13:34:09,28/6/17,Day of week:,Wednesday,37.19,Grade Celsius,
415,613.47,W/m^2,13:34:12,28/6/17,Day of week:,Wednesday,37.25,Grade Celsius,
376,556.50,W/m^2,13:34:15,28/6/17,Day of week:,Wednesday,37.31,Grade Celsius,
341,490.78,W/m^2,13:34:18,28/6/17,Day of week:,Wednesday,37.44,Grade Celsius,
327,480.55,W/m^2,13:34:21,28/6/17,Day of week:,Wednesday,37.44,Grade Celsius,
328,479.09,W/m^2,13:34:24,28/6/17,Day of week:,Wednesday,37.31,Grade Celsius,
330,464.48,W/m^2,13:34:27,28/6/17,Day of week:,Wednesday,37.25,Grade Celsius,
346,490.78,W/m^2,13:34:30,28/6/17,Day of week:,Wednesday,37.25,Grade Celsius,
317,479.09,W/m^2,13:34:33,28/6/17,Day of week:,Wednesday,37.31,Grade Celsius,
323,461.56,W/m^2,13:34:36,28/6/17,Day of week:,Wednesday,37.38,Grade Celsius,
311,457.18,W/m^2,13:34:39,28/6/17,Day of week:,Wednesday,37.38,Grade Celsius,
320,473.25,W/m^2,13:34:42,28/6/17,Day of week:,Wednesday,37.31,Grade Celsius,
360,530.21,W/m^2,13:34:46,28/6/17,Day of week:,Wednesday,37.31,Grade Celsius,
409,597.40,W/m^2,13:34:49,28/6/17,Day of week:,Wednesday,37.25,Grade Celsius,
431,633.92,W/m^2,13:34:52,28/6/17,Day of week:,Wednesday,37.13,Grade Celsius,
433,614.93,W/m^2,13:34:55,28/6/17,Day of week:,Wednesday,37.06,Grade Celsius,
423,629.54,W/m^2,13:34:58,28/6/17,Day of week:,Wednesday,37.13,Grade Celsius,
431,632.46,W/m^2,13:35:01,28/6/17,Day of week:,Wednesday,37.19,Grade Celsius,
440,639.76,W/m^2,13:35:04,28/6/17,Day of week:,Wednesday,37.31,Grade Celsius,
447,666.05,W/m^2,13:35:07,28/6/17,Day of week:,Wednesday,37.44,Grade Celsius,
449,664.59,W/m^2,13:35:10,28/6/17,Day of week:,Wednesday,37.50,Grade Celsius,
444,652.91,W/m^2,13:35:13,28/6/17,Day of week:,Wednesday,37.44,Grade Celsius,
441,651.45,W/m^2,13:35:16,28/6/17,Day of week:,Wednesday,37.31,Grade Celsius,
449,655.83,W/m^2,13:35:19,28/6/17,Day of week:,Wednesday,37.25,Grade Celsius,
462,677.74,W/m^2,13:35:22,28/6/17,Day of week:,Wednesday,37.19,Grade Celsius,
467,689.42,W/m^2,13:35:25,28/6/17,Day of week:,Wednesday,37.00,Grade Celsius,
472,689.42,W/m^2,13:35:29,28/6/17,Day of week:,Wednesday,37.13,Grade Celsius,
469,686.50,W/m^2,13:35:32,28/6/17,Day of week:,Wednesday,37.25,Grade Celsius,
461,676.28,W/m^2,13:35:35,28/6/17,Day of week:,Wednesday,37.25,Grade Celsius,
459,671.89,W/m^2,13:35:38,28/6/17,Day of week:,Wednesday,37.19,Grade Celsius,
451,671.89,W/m^2,13:35:41,28/6/17,Day of week:,Wednesday,37.19,Grade Celsius,
456,692.34,W/m^2,13:35:44,28/6/17,Day of week:,Wednesday,37.13,Grade Celsius,
458,673.36,W/m^2,13:35:47,28/6/17,Day of week:,Wednesday,36.94,Grade Celsius,
406,597.40,W/m^2,13:35:50,28/6/17,Day of week:,Wednesday,36.75,Grade Celsius,
380,556.50,W/m^2,13:35:53,28/6/17,Day of week:,Wednesday,36.50,Grade Celsius,
382,557.96,W/m^2,13:35:56,28/6/17,Day of week:,Wednesday,36.44,Grade Celsius,
381,557.96,W/m^2,13:35:59,28/6/17,Day of week:,Wednesday,36.44,Grade Celsius,
377,555.04,W/m^2,13:36:02,28/6/17,Day of week:,Wednesday,36.56,Grade Celsius,
371,562.35,W/m^2,13:36:05,28/6/17,Day of week:,Wednesday,36.75,Grade Celsius,
392,581.33,W/m^2,13:36:08,28/6/17,Day of week:,Wednesday,36.81,Grade Celsius,
403,593.02,W/m^2,13:36:11,28/6/17,Day of week:,Wednesday,36.81,Grade Celsius,
408,584.26,W/m^2,13:36:15,28/6/17,Day of week:,Wednesday,36.88,Grade Celsius,
415,607.63,W/m^2,13:36:18,28/6/17,Day of week:,Wednesday,36.88,Grade Celsius,
422,623.69,W/m^2,13:36:21,28/6/17,Day of week:,Wednesday,37.00,Grade Celsius,
428,626.61,W/m^2,13:36:24,28/6/17,Day of week:,Wednesday,36.81,Grade Celsius,
434,638.30,W/m^2,13:36:27,28/6/17,Day of week:,Wednesday,36.81,Grade Celsius,
461,661.67,W/m^2,13:36:30,28/6/17,Day of week:,Wednesday,37.00,Grade Celsius,
486,714.25,W/m^2,13:36:33,28/6/17,Day of week:,Wednesday,36.75,Grade Celsius,
500,744.93,W/m^2,13:36:36,28/6/17,Day of week:,Wednesday,36.50,Grade Celsius,
499,730.32,W/m^2,13:36:39,28/6/17,Day of week:,Wednesday,36.38,Grade Celsius,
494,727.40,W/m^2,13:36:42,28/6/17,Day of week:,Wednesday,36.56,Grade Celsius,
501,736.16,W/m^2,13:36:45,28/6/17,Day of week:,Wednesday,36.63,Grade Celsius,
529,759.53,W/m^2,13:36:48,28/6/17,Day of week:,Wednesday,36.56,Grade Celsius,
532,779.98,W/m^2,13:36:51,28/6/17,Day of week:,Wednesday,36.25,Grade Celsius,
534,775.60,W/m^2,13:36:54,28/6/17,Day of week:,Wednesday,36.19,Grade Celsius,
537,778.52,W/m^2,13:36:57,28/6/17,Day of week:,Wednesday,36.31,Grade Celsius,
531,760.99,W/m^2,13:37:01,28/6/17,Day of week:,Wednesday,36.31,Grade Celsius,
532,778.52,W/m^2,13:37:04,28/6/17,Day of week:,Wednesday,36.44,Grade Celsius,
545,800.43,W/m^2,13:37:07,28/6/17,Day of week:,Wednesday,36.63,Grade Celsius,
559,809.19,W/m^2,13:37:10,28/6/17,Day of week:,Wednesday,36.69,Grade Celsius,
541,793.13,W/m^2,13:37:13,28/6/17,Day of week:,Wednesday,36.63,Grade Celsius,
523,769.76,W/m^2,13:37:16,28/6/17,Day of week:,Wednesday,36.19,Grade Celsius,
520,749.31,W/m^2,13:37:19,28/6/17,Day of week:,Wednesday,36.00,Grade Celsius,
527,765.38,W/m^2,13:37:22,28/6/17,Day of week:,Wednesday,36.19,Grade Celsius,
516,753.69,W/m^2,13:37:25,28/6/17,Day of week:,Wednesday,36.25,Grade Celsius,
505,721.56,W/m^2,13:37:28,28/6/17,Day of week:,Wednesday,36.19,Grade Celsius,
492,720.10,W/m^2,13:37:31,28/6/17,Day of week:,Wednesday,35.81,Grade Celsius,
488,715.71,W/m^2,13:37:34,28/6/17,Day of week:,Wednesday,35.81,Grade Celsius,
495,711.33,W/m^2,13:37:37,28/6/17,Day of week:,Wednesday,35.50,Grade Celsius,
505,731.78,W/m^2,13:37:40,28/6/17,Day of week:,Wednesday,35.63,Grade Celsius,
514,756.61,W/m^2,13:37:43,28/6/17,Day of week:,Wednesday,35.25,Grade Celsius,
525,769.76,W/m^2,13:37:47,28/6/17,Day of week:,Wednesday,35.00,Grade Celsius,
537,787.28,W/m^2,13:37:50,28/6/17,Day of week:,Wednesday,34.75,Grade Celsius,
547,807.73,W/m^2,13:37:53,28/6/17,Day of week:,Wednesday,34.50,Grade Celsius,
556,815.04,W/m^2,13:37:56,28/6/17,Day of week:,Wednesday,34.63,Grade Celsius,
552,823.80,W/m^2,13:37:59,28/6/17,Day of week:,Wednesday,34.75,Grade Celsius,
567,836.95,W/m^2,13:38:02,28/6/17,Day of week:,Wednesday,34.94,Grade Celsius,
579,855.94,W/m^2,13:38:05,28/6/17,Day of week:,Wednesday,34.94,Grade Celsius,
604,880.77,W/m^2,13:38:08,28/6/17,Day of week:,Wednesday,35.25,Grade Celsius,
618,908.52,W/m^2,13:38:11,28/6/17,Day of week:,Wednesday,34.94,Grade Celsius,
624,914.36,W/m^2,13:38:14,28/6/17,Day of week:,Wednesday,34.75,Grade Celsius,
631,912.90,W/m^2,13:38:17,28/6/17,Day of week:,Wednesday,34.94,Grade Celsius,
622,912.90,W/m^2,13:38:21,28/6/17,Day of week:,Wednesday,35.00,Grade Celsius,
607,909.98,W/m^2,13:38:24,28/6/17,Day of week:,Wednesday,35.00,Grade Celsius,
615,902.68,W/m^2,13:38:27,28/6/17,Day of week:,Wednesday,35.25,Grade Celsius,
613,893.91,W/m^2,13:38:30,28/6/17,Day of week:,Wednesday,35.13,Grade Celsius,
609,901.21,W/m^2,13:38:33,28/6/17,Day of week:,Wednesday,35.06,Grade Celsius,
610,890.99,W/m^2,13:38:36,28/6/17,Day of week:,Wednesday,34.94,Grade Celsius,
595,879.31,W/m^2,13:38:39,28/6/17,Day of week:,Wednesday,34.75,Grade Celsius,
604,901.21,W/m^2,13:38:42,28/6/17,Day of week:,Wednesday,34.50,Grade Celsius,
615,901.21,W/m^2,13:38:45,28/6/17,Day of week:,Wednesday,34.25,Grade Celsius,
618,909.98,W/m^2,13:38:48,28/6/17,Day of week:,Wednesday,34.50,Grade Celsius,
614,901.21,W/m^2,13:38:51,28/6/17,Day of week:,Wednesday,34.56,Grade Celsius,
611,899.75,W/m^2,13:38:54,28/6/17,Day of week:,Wednesday,34.38,Grade Celsius,
614,902.68,W/m^2,13:38:57,28/6/17,Day of week:,Wednesday,34.25,Grade Celsius,
619,907.06,W/m^2,13:39:00,28/6/17,Day of week:,Wednesday,34.00,Grade Celsius,
618,901.21,W/m^2,13:39:03,28/6/17,Day of week:,Wednesday,33.75,Grade Celsius,
619,909.98,W/m^2,13:39:07,28/6/17,Day of week:,Wednesday,34.00,Grade Celsius,
619,915.82,W/m^2,13:39:10,28/6/17,Day of week:,Wednesday,34.19,Grade Celsius,
629,914.36,W/m^2,13:39:13,28/6/17,Day of week:,Wednesday,34.38,Grade Celsius,
620,914.36,W/m^2,13:39:16,28/6/17,Day of week:,Wednesday,34.25,Grade Celsius,
628,927.51,W/m^2,13:39:19,28/6/17,Day of week:,Wednesday,34.19,Grade Celsius,
626,923.12,W/m^2,13:39:22,28/6/17,Day of week:,Wednesday,34.00,Grade Celsius,
637,912.90,W/m^2,13:39:25,28/6/17,Day of week:,Wednesday,33.75,Grade Celsius,
625,915.82,W/m^2,13:39:28,28/6/17,Day of week:,Wednesday,33.56,Grade Celsius,
624,917.28,W/m^2,13:39:31,28/6/17,Day of week:,Wednesday,33.63,Grade Celsius,
625,920.20,W/m^2,13:39:34,28/6/17,Day of week:,Wednesday,33.81,Grade Celsius,
624,898.29,W/m^2,13:39:37,28/6/17,Day of week:,Wednesday,33.88,Grade Celsius,
624,917.28,W/m^2,13:39:40,28/6/17,Day of week:,Wednesday,34.19,Grade Celsius,
623,914.36,W/m^2,13:39:43,28/6/17,Day of week:,Wednesday,34.25,Grade Celsius,
623,908.52,W/m^2,13:39:46,28/6/17,Day of week:,Wednesday,34.25,Grade Celsius,
620,915.82,W/m^2,13:39:50,28/6/17,Day of week:,Wednesday,34.63,Grade Celsius,
618,905.60,W/m^2,13:39:53,28/6/17,Day of week:,Wednesday,34.63,Grade Celsius,
620,909.98,W/m^2,13:39:56,28/6/17,Day of week:,Wednesday,34.88,Grade Celsius,
604,904.14,W/m^2,13:39:59,28/6/17,Day of week:,Wednesday,34.69,Grade Celsius,
617,907.06,W/m^2,13:40:02,28/6/17,Day of week:,Wednesday,34.75,Grade Celsius,
618,904.14,W/m^2,13:40:05,28/6/17,Day of week:,Wednesday,34.44,Grade Celsius,
616,901.21,W/m^2,13:40:08,28/6/17,Day of week:,Wednesday,34.25,Grade Celsius,
614,889.53,W/m^2,13:40:11,28/6/17,Day of week:,Wednesday,34.13,Grade Celsius,
612,877.84,W/m^2,13:40:14,28/6/17,Day of week:,Wednesday,33.94,Grade Celsius,
613,896.83,W/m^2,13:40:17,28/6/17,Day of week:,Wednesday,34.00,Grade Celsius,
613,892.45,W/m^2,13:40:20,28/6/17,Day of week:,Wednesday,34.13,Grade Celsius,
611,892.45,W/m^2,13:40:23,28/6/17,Day of week:,Wednesday,34.13,Grade Celsius,
610,898.29,W/m^2,13:40:26,28/6/17,Day of week:,Wednesday,34.31,Grade Celsius,
611,876.38,W/m^2,13:40:29,28/6/17,Day of week:,Wednesday,34.44,Grade Celsius,
611,895.37,W/m^2,13:40:32,28/6/17,Day of week:,Wednesday,34.19,Grade Celsius,
624,896.83,W/m^2,13:40:36,28/6/17,Day of week:,Wednesday,34.50,Grade Celsius,
607,893.91,W/m^2,13:40:39,28/6/17,Day of week:,Wednesday,34.75,Grade Celsius,
607,888.07,W/m^2,13:40:42,28/6/17,Day of week:,Wednesday,34.69,Grade Celsius,
606,889.53,W/m^2,13:40:45,28/6/17,Day of week:,Wednesday,35.00,Grade Celsius,
618,892.45,W/m^2,13:40:48,28/6/17,Day of week:,Wednesday,35.25,Grade Celsius,
608,883.69,W/m^2,13:40:51,28/6/17,Day of week:,Wednesday,35.50,Grade Celsius,
609,872.00,W/m^2,13:40:54,28/6/17,Day of week:,Wednesday,35.81,Grade Celsius,
605,889.53,W/m^2,13:40:57,28/6/17,Day of week:,Wednesday,35.94,Grade Celsius,
618,876.38,W/m^2,13:41:00,28/6/17,Day of week:,Wednesday,36.19,Grade Celsius,
603,885.15,W/m^2,13:41:03,28/6/17,Day of week:,Wednesday,36.44,Grade Celsius,
605,888.07,W/m^2,13:41:06,28/6/17,Day of week:,Wednesday,36.69,Grade Celsius,
605,880.77,W/m^2,13:41:09,28/6/17,Day of week:,Wednesday,36.75,Grade Celsius,
604,860.32,W/m^2,13:41:12,28/6/17,Day of week:,Wednesday,37.00,Grade Celsius,
603,904.14,W/m^2,13:41:15,28/6/17,Day of week:,Wednesday,37.06,Grade Celsius,
601,883.69,W/m^2,13:41:18,28/6/17,Day of week:,Wednesday,37.25,Grade Celsius,
593,876.38,W/m^2,13:41:22,28/6/17,Day of week:,Wednesday,37.38,Grade Celsius,
595,882.23,W/m^2,13:41:25,28/6/17,Day of week:,Wednesday,37.56,Grade Celsius,
599,860.32,W/m^2,13:41:28,28/6/17,Day of week:,Wednesday,37.75,Grade Celsius,
598,879.31,W/m^2,13:41:31,28/6/17,Day of week:,Wednesday,37.94,Grade Celsius,
599,874.92,W/m^2,13:41:34,28/6/17,Day of week:,Wednesday,37.63,Grade Celsius,
600,880.77,W/m^2,13:41:37,28/6/17,Day of week:,Wednesday,37.50,Grade Celsius,
597,874.92,W/m^2,13:41:40,28/6/17,Day of week:,Wednesday,37.44,Grade Celsius,
597,876.38,W/m^2,13:41:43,28/6/17,Day of week:,Wednesday,37.44,Grade Celsius,
582,874.92,W/m^2,13:41:46,28/6/17,Day of week:,Wednesday,37.50,Grade Celsius,
598,876.38,W/m^2,13:41:49,28/6/17,Day of week:,Wednesday,37.56,Grade Celsius,
589,874.92,W/m^2,13:41:52,28/6/17,Day of week:,Wednesday,37.69,Grade Celsius,
598,876.38,W/m^2,13:41:55,28/6/17,Day of week:,Wednesday,37.81,Grade Celsius,
594,876.38,W/m^2,13:41:58,28/6/17,Day of week:,Wednesday,38.00,Grade Celsius,
599,870.54,W/m^2,13:42:01,28/6/17,Day of week:,Wednesday,38.06,Grade Celsius,
596,869.08,W/m^2,13:42:05,28/6/17,Day of week:,Wednesday,38.19,Grade Celsius,
596,890.99,W/m^2,13:42:08,28/6/17,Day of week:,Wednesday,38.38,Grade Celsius,
599,877.84,W/m^2,13:42:11,28/6/17,Day of week:,Wednesday,38.31,Grade Celsius,
596,874.92,W/m^2,13:42:14,28/6/17,Day of week:,Wednesday,38.56,Grade Celsius,
594,860.32,W/m^2,13:42:17,28/6/17,Day of week:,Wednesday,38.63,Grade Celsius,
605,873.46,W/m^2,13:42:20,28/6/17,Day of week:,Wednesday,38.56,Grade Celsius,
599,882.23,W/m^2,13:42:23,28/6/17,Day of week:,Wednesday,38.44,Grade Celsius,
608,872.00,W/m^2,13:42:26,28/6/17,Day of week:,Wednesday,38.31,Grade Celsius,
595,869.08,W/m^2,13:42:29,28/6/17,Day of week:,Wednesday,38.31,Grade Celsius,
592,863.24,W/m^2,13:42:32,28/6/17,Day of week:,Wednesday,38.31,Grade Celsius,
596,872.00,W/m^2,13:42:35,28/6/17,Day of week:,Wednesday,38.38,Grade Celsius,
595,872.00,W/m^2,13:42:38,28/6/17,Day of week:,Wednesday,38.50,Grade Celsius,
595,877.84,W/m^2,13:42:41,28/6/17,Day of week:,Wednesday,38.63,Grade Celsius,
595,873.46,W/m^2,13:42:44,28/6/17,Day of week:,Wednesday,38.75,Grade Celsius,
592,874.92,W/m^2,13:42:47,28/6/17,Day of week:,Wednesday,38.81,Grade Celsius,
594,869.08,W/m^2,13:42:51,28/6/17,Day of week:,Wednesday,39.00,Grade Celsius,
595,861.78,W/m^2,13:42:54,28/6/17,Day of week:,Wednesday,38.94,Grade Celsius,
594,873.46,W/m^2,13:42:57,28/6/17,Day of week:,Wednesday,38.75,Grade Celsius,
595,879.31,W/m^2,13:43:00,28/6/17,Day of week:,Wednesday,39.06,Grade Celsius,
599,873.46,W/m^2,13:43:03,28/6/17,Day of week:,Wednesday,39.13,Grade Celsius,
594,867.62,W/m^2,13:43:06,28/6/17,Day of week:,Wednesday,39.00,Grade Celsius,
592,869.08,W/m^2,13:43:09,28/6/17,Day of week:,Wednesday,38.75,Grade Celsius,
589,870.54,W/m^2,13:43:12,28/6/17,Day of week:,Wednesday,38.19,Grade Celsius,
592,866.16,W/m^2,13:43:15,28/6/17,Day of week:,Wednesday,37.88,Grade Celsius,
594,863.24,W/m^2,13:43:18,28/6/17,Day of week:,Wednesday,37.75,Grade Celsius,
594,869.08,W/m^2,13:43:21,28/6/17,Day of week:,Wednesday,37.63,Grade Celsius,
591,869.08,W/m^2,13:43:24,28/6/17,Day of week:,Wednesday,37.25,Grade Celsius,
591,869.08,W/m^2,13:43:27,28/6/17,Day of week:,Wednesday,37.19,Grade Celsius,
594,870.54,W/m^2,13:43:30,28/6/17,Day of week:,Wednesday,37.31,Grade Celsius,
593,860.32,W/m^2,13:43:33,28/6/17,Day of week:,Wednesday,36.88,Grade Celsius,
592,870.54,W/m^2,13:43:37,28/6/17,Day of week:,Wednesday,37.19,Grade Celsius,
595,870.54,W/m^2,13:43:40,28/6/17,Day of week:,Wednesday,37.31,Grade Celsius,
592,867.62,W/m^2,13:43:43,28/6/17,Day of week:,Wednesday,37.44,Grade Celsius,
590,861.78,W/m^2,13:43:46,28/6/17,Day of week:,Wednesday,37.44,Grade Celsius,
590,867.62,W/m^2,13:43:49,28/6/17,Day of week:,Wednesday,37.13,Grade Celsius,
594,863.24,W/m^2,13:43:52,28/6/17,Day of week:,Wednesday,37.00,Grade Celsius,
591,866.16,W/m^2,13:43:55,28/6/17,Day of week:,Wednesday,36.56,Grade Celsius,
590,870.54,W/m^2,13:43:58,28/6/17,Day of week:,Wednesday,36.50,Grade Celsius,
592,867.62,W/m^2,13:44:01,28/6/17,Day of week:,Wednesday,36.56,Grade Celsius,
579,872.00,W/m^2,13:44:04,28/6/17,Day of week:,Wednesday,36.75,Grade Celsius,
591,885.15,W/m^2,13:44:07,28/6/17,Day of week:,Wednesday,36.75,Grade Celsius,
576,866.16,W/m^2,13:44:10,28/6/17,Day of week:,Wednesday,36.94,Grade Celsius,
584,845.71,W/m^2,13:44:13,28/6/17,Day of week:,Wednesday,36.75,Grade Celsius,
588,864.70,W/m^2,13:44:16,28/6/17,Day of week:,Wednesday,37.00,Grade Celsius,
587,851.55,W/m^2,13:44:20,28/6/17,Day of week:,Wednesday,37.25,Grade Celsius,
592,867.62,W/m^2,13:44:23,28/6/17,Day of week:,Wednesday,36.88,Grade Celsius,
603,855.94,W/m^2,13:44:26,28/6/17,Day of week:,Wednesday,36.75,Grade Celsius,
579,861.78,W/m^2,13:44:29,28/6/17,Day of week:,Wednesday,37.00,Grade Celsius,
589,861.78,W/m^2,13:44:32,28/6/17,Day of week:,Wednesday,37.25,Grade Celsius,
598,864.70,W/m^2,13:44:35,28/6/17,Day of week:,Wednesday,37.44,Grade Celsius,
579,867.62,W/m^2,13:44:38,28/6/17,Day of week:,Wednesday,37.63,Grade Celsius,
591,866.16,W/m^2,13:44:41,28/6/17,Day of week:,Wednesday,37.81,Grade Celsius,
592,866.16,W/m^2,13:44:44,28/6/17,Day of week:,Wednesday,37.63,Grade Celsius,
591,866.16,W/m^2,13:44:47,28/6/17,Day of week:,Wednesday,37.44,Grade Celsius,
590,863.24,W/m^2,13:44:50,28/6/17,Day of week:,Wednesday,37.38,Grade Celsius,
592,866.16,W/m^2,13:44:53,28/6/17,Day of week:,Wednesday,37.31,Grade Celsius,
597,864.70,W/m^2,13:44:56,28/6/17,Day of week:,Wednesday,37.00,Grade Celsius,
592,864.70,W/m^2,13:44:59,28/6/17,Day of week:,Wednesday,37.13,Grade Celsius,
590,863.24,W/m^2,13:45:03,28/6/17,Day of week:,Wednesday,37.31,Grade Celsius,
588,861.78,W/m^2,13:45:06,28/6/17,Day of week:,Wednesday,37.13,Grade Celsius,
593,863.24,W/m^2,13:45:09,28/6/17,Day of week:,Wednesday,37.00,Grade Celsius,
592,867.62,W/m^2,13:45:12,28/6/17,Day of week:,Wednesday,37.19,Grade Celsius,
591,864.70,W/m^2,13:45:15,28/6/17,Day of week:,Wednesday,37.00,Grade Celsius,
590,861.78,W/m^2,13:45:18,28/6/17,Day of week:,Wednesday,37.00,Grade Celsius,
589,863.24,W/m^2,13:45:21,28/6/17,Day of week:,Wednesday,37.19,Grade Celsius,
589,863.24,W/m^2,13:45:24,28/6/17,Day of week:,Wednesday,37.19,Grade Celsius,
589,863.24,W/m^2,13:45:27,28/6/17,Day of week:,Wednesday,37.00,Grade Celsius,
596,864.70,W/m^2,13:45:30,28/6/17,Day of week:,Wednesday,36.88,Grade Celsius,
590,861.78,W/m^2,13:45:33,28/6/17,Day of week:,Wednesday,36.25,Grade Celsius,
588,866.16,W/m^2,13:45:36,28/6/17,Day of week:,Wednesday,36.00,Grade Celsius,
591,870.54,W/m^2,13:45:39,28/6/17,Day of week:,Wednesday,36.19,Grade Celsius,
589,861.78,W/m^2,13:45:42,28/6/17,Day of week:,Wednesday,35.88,Grade Celsius,
586,861.78,W/m^2,13:45:46,28/6/17,Day of week:,Wednesday,35.63,Grade Celsius,
589,861.78,W/m^2,13:45:49,28/6/17,Day of week:,Wednesday,35.69,Grade Celsius,
590,863.24,W/m^2,13:45:52,28/6/17,Day of week:,Wednesday,35.63,Grade Celsius,
585,861.78,W/m^2,13:45:55,28/6/17,Day of week:,Wednesday,35.56,Grade Celsius,
588,857.40,W/m^2,13:45:58,28/6/17,Day of week:,Wednesday,35.44,Grade Celsius,
588,864.70,W/m^2,13:46:01,28/6/17,Day of week:,Wednesday,35.44,Grade Celsius,
592,867.62,W/m^2,13:46:04,28/6/17,Day of week:,Wednesday,34.88,Grade Celsius,
590,863.24,W/m^2,13:46:07,28/6/17,Day of week:,Wednesday,34.63,Grade Celsius,
587,861.78,W/m^2,13:46:10,28/6/17,Day of week:,Wednesday,34.81,Grade Celsius,
588,861.78,W/m^2,13:46:13,28/6/17,Day of week:,Wednesday,35.00,Grade Celsius,
590,864.70,W/m^2,13:46:16,28/6/17,Day of week:,Wednesday,35.31,Grade Celsius,
589,872.00,W/m^2,13:46:19,28/6/17,Day of week:,Wednesday,35.19,Grade Celsius,
586,860.32,W/m^2,13:46:22,28/6/17,Day of week:,Wednesday,35.19,Grade Celsius,
587,861.78,W/m^2,13:46:25,28/6/17,Day of week:,Wednesday,35.19,Grade Celsius,
587,863.24,W/m^2,13:46:28,28/6/17,Day of week:,Wednesday,35.00,Grade Celsius,
587,866.16,W/m^2,13:46:32,28/6/17,Day of week:,Wednesday,35.00,Grade Celsius,
587,864.70,W/m^2,13:46:35,28/6/17,Day of week:,Wednesday,35.19,Grade Celsius,
589,861.78,W/m^2,13:46:38,28/6/17,Day of week:,Wednesday,35.44,Grade Celsius,
589,861.78,W/m^2,13:46:41,28/6/17,Day of week:,Wednesday,35.63,Grade Celsius,
584,858.86,W/m^2,13:46:44,28/6/17,Day of week:,Wednesday,35.75,Grade Celsius,
587,883.69,W/m^2,13:46:47,28/6/17,Day of week:,Wednesday,35.75,Grade Celsius,
588,863.24,W/m^2,13:46:50,28/6/17,Day of week:,Wednesday,35.63,Grade Celsius,
588,863.24,W/m^2,13:46:53,28/6/17,Day of week:,Wednesday,35.75,Grade Celsius,
587,863.24,W/m^2,13:46:56,28/6/17,Day of week:,Wednesday,35.50,Grade Celsius,
588,855.94,W/m^2,13:46:59,28/6/17,Day of week:,Wednesday,35.25,Grade Celsius,
585,854.47,W/m^2,13:47:02,28/6/17,Day of week:,Wednesday,35.25,Grade Celsius,
584,845.71,W/m^2,13:47:05,28/6/17,Day of week:,Wednesday,35.19,Grade Celsius,
585,853.01,W/m^2,13:47:08,28/6/17,Day of week:,Wednesday,34.75,Grade Celsius,
587,860.32,W/m^2,13:47:11,28/6/17,Day of week:,Wednesday,35.06,Grade Celsius,
584,860.32,W/m^2,13:47:14,28/6/17,Day of week:,Wednesday,35.25,Grade Celsius,
586,860.32,W/m^2,13:47:18,28/6/17,Day of week:,Wednesday,35.50,Grade Celsius,
586,844.25,W/m^2,13:47:21,28/6/17,Day of week:,Wednesday,35.44,Grade Celsius,
574,863.24,W/m^2,13:47:24,28/6/17,Day of week:,Wednesday,35.31,Grade Celsius,
586,872.00,W/m^2,13:47:27,28/6/17,Day of week:,Wednesday,35.44,Grade Celsius,
584,864.70,W/m^2,13:47:30,28/6/17,Day of week:,Wednesday,35.63,Grade Celsius,
582,857.40,W/m^2,13:47:33,28/6/17,Day of week:,Wednesday,35.44,Grade Celsius,
584,861.78,W/m^2,13:47:36,28/6/17,Day of week:,Wednesday,35.63,Grade Celsius,
588,861.78,W/m^2,13:47:39,28/6/17,Day of week:,Wednesday,35.81,Grade Celsius,
587,860.32,W/m^2,13:47:42,28/6/17,Day of week:,Wednesday,35.69,Grade Celsius,
586,855.94,W/m^2,13:47:45,28/6/17,Day of week:,Wednesday,35.56,Grade Celsius,
588,858.86,W/m^2,13:47:48,28/6/17,Day of week:,Wednesday,35.38,Grade Celsius,
585,847.17,W/m^2,13:47:51,28/6/17,Day of week:,Wednesday,35.25,Grade Celsius,
585,847.17,W/m^2,13:47:54,28/6/17,Day of week:,Wednesday,35.00,Grade Celsius,
585,858.86,W/m^2,13:47:57,28/6/17,Day of week:,Wednesday,35.06,Grade Celsius,
574,860.32,W/m^2,13:48:00,28/6/17,Day of week:,Wednesday,35.13,Grade Celsius,
599,860.32,W/m^2,13:48:04,28/6/17,Day of week:,Wednesday,35.06,Grade Celsius,
587,839.87,W/m^2,13:48:07,28/6/17,Day of week:,Wednesday,35.13,Grade Celsius,
587,857.40,W/m^2,13:48:10,28/6/17,Day of week:,Wednesday,35.31,Grade Celsius,
586,864.70,W/m^2,13:48:13,28/6/17,Day of week:,Wednesday,35.38,Grade Celsius,
585,851.55,W/m^2,13:48:16,28/6/17,Day of week:,Wednesday,35.50,Grade Celsius,
587,858.86,W/m^2,13:48:19,28/6/17,Day of week:,Wednesday,35.63,Grade Celsius,
579,854.47,W/m^2,13:48:22,28/6/17,Day of week:,Wednesday,35.56,Grade Celsius,
582,851.55,W/m^2,13:48:25,28/6/17,Day of week:,Wednesday,35.50,Grade Celsius,
587,860.32,W/m^2,13:48:28,28/6/17,Day of week:,Wednesday,35.56,Grade Celsius,
585,860.32,W/m^2,13:48:31,28/6/17,Day of week:,Wednesday,35.75,Grade Celsius,
586,858.86,W/m^2,13:48:34,28/6/17,Day of week:,Wednesday,36.00,Grade Celsius,
585,858.86,W/m^2,13:48:37,28/6/17,Day of week:,Wednesday,35.75,Grade Celsius,
586,851.55,W/m^2,13:48:40,28/6/17,Day of week:,Wednesday,35.63,Grade Celsius,
585,855.94,W/m^2,13:48:43,28/6/17,Day of week:,Wednesday,35.63,Grade Celsius,
587,861.78,W/m^2,13:48:46,28/6/17,Day of week:,Wednesday,35.44,Grade Celsius,
580,858.86,W/m^2,13:48:50,28/6/17,Day of week:,Wednesday,35.25,Grade Celsius,
586,860.32,W/m^2,13:48:53,28/6/17,Day of week:,Wednesday,35.19,Grade Celsius,
591,869.08,W/m^2,13:48:56,28/6/17,Day of week:,Wednesday,35.31,Grade Celsius,
588,861.78,W/m^2,13:48:59,28/6/17,Day of week:,Wednesday,35.38,Grade Celsius,
584,857.40,W/m^2,13:49:02,28/6/17,Day of week:,Wednesday,35.38,Grade Celsius,
585,858.86,W/m^2,13:49:05,28/6/17,Day of week:,Wednesday,35.31,Grade Celsius,
587,863.24,W/m^2,13:49:08,28/6/17,Day of week:,Wednesday,35.38,Grade Celsius,
588,861.78,W/m^2,13:49:11,28/6/17,Day of week:,Wednesday,35.31,Grade Celsius,
584,860.32,W/m^2,13:49:14,28/6/17,Day of week:,Wednesday,35.31,Grade Celsius,
582,860.32,W/m^2,13:49:17,28/6/17,Day of week:,Wednesday,35.19,Grade Celsius,
583,844.25,W/m^2,13:49:20,28/6/17,Day of week:,Wednesday,35.44,Grade Celsius,
578,857.40,W/m^2,13:49:23,28/6/17,Day of week:,Wednesday,35.69,Grade Celsius,
585,858.86,W/m^2,13:49:27,28/6/17,Day of week:,Wednesday,35.50,Grade Celsius,
584,858.86,W/m^2,13:49:30,28/6/17,Day of week:,Wednesday,35.63,Grade Celsius,
587,858.86,W/m^2,13:49:33,28/6/17,Day of week:,Wednesday,35.56,Grade Celsius,
584,858.86,W/m^2,13:49:36,28/6/17,Day of week:,Wednesday,35.50,Grade Celsius,
586,869.08,W/m^2,13:49:39,28/6/17,Day of week:,Wednesday,35.63,Grade Celsius,
586,858.86,W/m^2,13:49:42,28/6/17,Day of week:,Wednesday,35.69,Grade Celsius,
590,857.40,W/m^2,13:49:45,28/6/17,Day of week:,Wednesday,35.69,Grade Celsius,
584,857.40,W/m^2,13:49:48,28/6/17,Day of week:,Wednesday,35.81,Grade Celsius,
586,860.32,W/m^2,13:49:51,28/6/17,Day of week:,Wednesday,35.94,Grade Celsius,
586,855.94,W/m^2,13:49:54,28/6/17,Day of week:,Wednesday,35.94,Grade Celsius,
585,851.55,W/m^2,13:49:57,28/6/17,Day of week:,Wednesday,35.81,Grade Celsius,
588,866.16,W/m^2,13:50:00,28/6/17,Day of week:,Wednesday,35.88,Grade Celsius,
587,860.32,W/m^2,13:50:03,28/6/17,Day of week:,Wednesday,35.94,Grade Celsius,
585,874.92,W/m^2,13:50:06,28/6/17,Day of week:,Wednesday,36.00,Grade Celsius,
574,854.47,W/m^2,13:50:10,28/6/17,Day of week:,Wednesday,36.25,Grade Celsius,
584,861.78,W/m^2,13:50:13,28/6/17,Day of week:,Wednesday,36.25,Grade Celsius,
583,869.08,W/m^2,13:50:16,28/6/17,Day of week:,Wednesday,36.19,Grade Celsius,
570,839.87,W/m^2,13:50:19,28/6/17,Day of week:,Wednesday,36.13,Grade Celsius,
584,860.32,W/m^2,13:50:22,28/6/17,Day of week:,Wednesday,36.19,Grade Celsius,
586,858.86,W/m^2,13:50:25,28/6/17,Day of week:,Wednesday,36.38,Grade Celsius,
586,877.84,W/m^2,13:50:28,28/6/17,Day of week:,Wednesday,36.56,Grade Celsius,
584,854.47,W/m^2,13:50:31,28/6/17,Day of week:,Wednesday,36.75,Grade Celsius,
580,870.54,W/m^2,13:50:34,28/6/17,Day of week:,Wednesday,36.75,Grade Celsius,
585,858.86,W/m^2,13:50:37,28/6/17,Day of week:,Wednesday,36.81,Grade Celsius,
585,853.01,W/m^2,13:50:40,28/6/17,Day of week:,Wednesday,36.75,Grade Celsius,
579,838.41,W/m^2,13:50:43,28/6/17,Day of week:,Wednesday,36.81,Grade Celsius,
584,854.47,W/m^2,13:50:46,28/6/17,Day of week:,Wednesday,36.88,Grade Celsius,
583,854.47,W/m^2,13:50:49,28/6/17,Day of week:,Wednesday,36.94,Grade Celsius,
581,855.94,W/m^2,13:50:53,28/6/17,Day of week:,Wednesday,36.94,Grade Celsius,
583,850.09,W/m^2,13:50:56,28/6/17,Day of week:,Wednesday,36.94,Grade Celsius,
583,851.55,W/m^2,13:50:59,28/6/17,Day of week:,Wednesday,37.06,Grade Celsius,
580,853.01,W/m^2,13:51:02,28/6/17,Day of week:,Wednesday,37.19,Grade Celsius,
567,857.40,W/m^2,13:51:05,28/6/17,Day of week:,Wednesday,37.31,Grade Celsius,
582,854.47,W/m^2,13:51:08,28/6/17,Day of week:,Wednesday,37.38,Grade Celsius,
584,839.87,W/m^2,13:51:11,28/6/17,Day of week:,Wednesday,37.63,Grade Celsius,
583,836.95,W/m^2,13:51:14,28/6/17,Day of week:,Wednesday,37.88,Grade Celsius,
584,855.94,W/m^2,13:51:17,28/6/17,Day of week:,Wednesday,38.00,Grade Celsius,
584,851.55,W/m^2,13:51:20,28/6/17,Day of week:,Wednesday,37.94,Grade Celsius,
582,854.47,W/m^2,13:51:23,28/6/17,Day of week:,Wednesday,38.00,Grade Celsius,
577,845.71,W/m^2,13:51:26,28/6/17,Day of week:,Wednesday,38.19,Grade Celsius,
594,855.94,W/m^2,13:51:29,28/6/17,Day of week:,Wednesday,38.19,Grade Celsius,
584,860.32,W/m^2,13:51:32,28/6/17,Day of week:,Wednesday,38.31,Grade Celsius,
585,855.94,W/m^2,13:51:35,28/6/17,Day of week:,Wednesday,38.44,Grade Celsius,
582,854.47,W/m^2,13:51:39,28/6/17,Day of week:,Wednesday,38.56,Grade Celsius,
583,854.47,W/m^2,13:51:42,28/6/17,Day of week:,Wednesday,38.69,Grade Celsius,
586,857.40,W/m^2,13:51:45,28/6/17,Day of week:,Wednesday,38.63,Grade Celsius,
594,847.17,W/m^2,13:51:48,28/6/17,Day of week:,Wednesday,38.81,Grade Celsius,
583,853.01,W/m^2,13:51:51,28/6/17,Day of week:,Wednesday,38.44,Grade Celsius,
586,844.25,W/m^2,13:51:54,28/6/17,Day of week:,Wednesday,38.25,Grade Celsius,
582,839.87,W/m^2,13:51:57,28/6/17,Day of week:,Wednesday,38.38,Grade Celsius,
581,851.55,W/m^2,13:52:00,28/6/17,Day of week:,Wednesday,38.44,Grade Celsius,
591,858.86,W/m^2,13:52:03,28/6/17,Day of week:,Wednesday,37.94,Grade Celsius,
585,836.95,W/m^2,13:52:06,28/6/17,Day of week:,Wednesday,37.50,Grade Celsius,
584,853.01,W/m^2,13:52:09,28/6/17,Day of week:,Wednesday,37.19,Grade Celsius,
586,850.09,W/m^2,13:52:12,28/6/17,Day of week:,Wednesday,36.88,Grade Celsius,
583,854.47,W/m^2,13:52:15,28/6/17,Day of week:,Wednesday,37.06,Grade Celsius,
583,851.55,W/m^2,13:52:18,28/6/17,Day of week:,Wednesday,37.19,Grade Celsius,
584,851.55,W/m^2,13:52:21,28/6/17,Day of week:,Wednesday,37.31,Grade Celsius,
583,855.94,W/m^2,13:52:25,28/6/17,Day of week:,Wednesday,37.00,Grade Celsius,
581,834.03,W/m^2,13:52:28,28/6/17,Day of week:,Wednesday,37.00,Grade Celsius,
583,845.71,W/m^2,13:52:31,28/6/17,Day of week:,Wednesday,36.94,Grade Celsius,
584,853.01,W/m^2,13:52:34,28/6/17,Day of week:,Wednesday,37.19,Grade Celsius,
580,831.10,W/m^2,13:52:37,28/6/17,Day of week:,Wednesday,36.94,Grade Celsius,
581,851.55,W/m^2,13:52:40,28/6/17,Day of week:,Wednesday,37.25,Grade Celsius,
581,854.47,W/m^2,13:52:43,28/6/17,Day of week:,Wednesday,37.13,Grade Celsius,
570,857.40,W/m^2,13:52:46,28/6/17,Day of week:,Wednesday,37.31,Grade Celsius,
583,854.47,W/m^2,13:52:49,28/6/17,Day of week:,Wednesday,37.44,Grade Celsius,
583,854.47,W/m^2,13:52:52,28/6/17,Day of week:,Wednesday,37.44,Grade Celsius,
582,851.55,W/m^2,13:52:55,28/6/17,Day of week:,Wednesday,37.50,Grade Celsius,
581,850.09,W/m^2,13:52:58,28/6/17,Day of week:,Wednesday,37.44,Grade Celsius,
580,851.55,W/m^2,13:53:01,28/6/17,Day of week:,Wednesday,37.44,Grade Celsius,
582,854.47,W/m^2,13:53:04,28/6/17,Day of week:,Wednesday,37.44,Grade Celsius,
584,851.55,W/m^2,13:53:07,28/6/17,Day of week:,Wednesday,37.50,Grade Celsius,
582,853.01,W/m^2,13:53:11,28/6/17,Day of week:,Wednesday,37.56,Grade Celsius,
582,850.09,W/m^2,13:53:14,28/6/17,Day of week:,Wednesday,37.56,Grade Celsius,
578,854.47,W/m^2,13:53:17,28/6/17,Day of week:,Wednesday,37.50,Grade Celsius,
578,855.94,W/m^2,13:53:20,28/6/17,Day of week:,Wednesday,37.50,Grade Celsius,
580,855.94,W/m^2,13:53:23,28/6/17,Day of week:,Wednesday,37.44,Grade Celsius,
579,854.47,W/m^2,13:53:26,28/6/17,Day of week:,Wednesday,37.50,Grade Celsius,
582,847.17,W/m^2,13:53:29,28/6/17,Day of week:,Wednesday,37.63,Grade Celsius,
582,848.63,W/m^2,13:53:32,28/6/17,Day of week:,Wednesday,37.75,Grade Celsius,
587,829.64,W/m^2,13:53:35,28/6/17,Day of week:,Wednesday,37.88,Grade Celsius,
578,848.63,W/m^2,13:53:38,28/6/17,Day of week:,Wednesday,37.56,Grade Celsius,
580,854.47,W/m^2,13:53:41,28/6/17,Day of week:,Wednesday,37.75,Grade Celsius,
581,850.09,W/m^2,13:53:44,28/6/17,Day of week:,Wednesday,37.38,Grade Celsius,
579,848.63,W/m^2,13:53:47,28/6/17,Day of week:,Wednesday,37.13,Grade Celsius,
581,847.17,W/m^2,13:53:50,28/6/17,Day of week:,Wednesday,36.88,Grade Celsius,
580,838.41,W/m^2,13:53:54,28/6/17,Day of week:,Wednesday,37.13,Grade Celsius,
581,845.71,W/m^2,13:53:57,28/6/17,Day of week:,Wednesday,37.13,Grade Celsius,
594,860.32,W/m^2,13:54:00,28/6/17,Day of week:,Wednesday,37.00,Grade Celsius,
582,854.47,W/m^2,13:54:03,28/6/17,Day of week:,Wednesday,37.25,Grade Celsius,
580,851.55,W/m^2,13:54:06,28/6/17,Day of week:,Wednesday,37.44,Grade Celsius,
580,848.63,W/m^2,13:54:09,28/6/17,Day of week:,Wednesday,37.63,Grade Celsius,
583,854.47,W/m^2,13:54:12,28/6/17,Day of week:,Wednesday,37.81,Grade Celsius,
582,850.09,W/m^2,13:54:15,28/6/17,Day of week:,Wednesday,37.94,Grade Celsius,
581,851.55,W/m^2,13:54:18,28/6/17,Day of week:,Wednesday,37.69,Grade Celsius,
581,855.94,W/m^2,13:54:21,28/6/17,Day of week:,Wednesday,37.94,Grade Celsius,
580,854.47,W/m^2,13:54:24,28/6/17,Day of week:,Wednesday,38.13,Grade Celsius,
573,851.55,W/m^2,13:54:27,28/6/17,Day of week:,Wednesday,38.13,Grade Celsius,
581,850.09,W/m^2,13:54:30,28/6/17,Day of week:,Wednesday,38.19,Grade Celsius,
579,850.09,W/m^2,13:54:33,28/6/17,Day of week:,Wednesday,38.31,Grade Celsius,
581,851.55,W/m^2,13:54:37,28/6/17,Day of week:,Wednesday,38.31,Grade Celsius,
581,855.94,W/m^2,13:54:40,28/6/17,Day of week:,Wednesday,38.19,Grade Celsius,
583,861.78,W/m^2,13:54:43,28/6/17,Day of week:,Wednesday,38.06,Grade Celsius,
582,853.01,W/m^2,13:54:46,28/6/17,Day of week:,Wednesday,38.06,Grade Celsius,
580,853.01,W/m^2,13:54:49,28/6/17,Day of week:,Wednesday,38.19,Grade Celsius,
592,870.54,W/m^2,13:54:52,28/6/17,Day of week:,Wednesday,38.13,Grade Celsius,
579,851.55,W/m^2,13:54:55,28/6/17,Day of week:,Wednesday,38.00,Grade Celsius,
582,863.24,W/m^2,13:54:58,28/6/17,Day of week:,Wednesday,38.00,Grade Celsius,
570,851.55,W/m^2,13:55:01,28/6/17,Day of week:,Wednesday,38.19,Grade Celsius,
580,853.01,W/m^2,13:55:04,28/6/17,Day of week:,Wednesday,38.31,Grade Celsius,
568,854.47,W/m^2,13:55:07,28/6/17,Day of week:,Wednesday,38.38,Grade Celsius,
579,836.95,W/m^2,13:55:10,28/6/17,Day of week:,Wednesday,38.38,Grade Celsius,
581,845.71,W/m^2,13:55:13,28/6/17,Day of week:,Wednesday,38.50,Grade Celsius,
580,851.55,W/m^2,13:55:16,28/6/17,Day of week:,Wednesday,38.31,Grade Celsius,
582,853.01,W/m^2,13:55:20,28/6/17,Day of week:,Wednesday,37.75,Grade Celsius,
581,854.47,W/m^2,13:55:23,28/6/17,Day of week:,Wednesday,37.38,Grade Celsius,
578,847.17,W/m^2,13:55:26,28/6/17,Day of week:,Wednesday,37.25,Grade Celsius,
581,854.47,W/m^2,13:55:29,28/6/17,Day of week:,Wednesday,37.50,Grade Celsius,
577,850.09,W/m^2,13:55:32,28/6/17,Day of week:,Wednesday,37.31,Grade Celsius,
582,839.87,W/m^2,13:55:35,28/6/17,Day of week:,Wednesday,37.25,Grade Celsius,
582,851.55,W/m^2,13:55:38,28/6/17,Day of week:,Wednesday,37.06,Grade Celsius,
576,845.71,W/m^2,13:55:41,28/6/17,Day of week:,Wednesday,36.88,Grade Celsius,
576,850.09,W/m^2,13:55:44,28/6/17,Day of week:,Wednesday,36.75,Grade Celsius,
581,851.55,W/m^2,13:55:47,28/6/17,Day of week:,Wednesday,36.88,Grade Celsius,
579,850.09,W/m^2,13:55:50,28/6/17,Day of week:,Wednesday,36.81,Grade Celsius,
570,851.55,W/m^2,13:55:53,28/6/17,Day of week:,Wednesday,36.75,Grade Celsius,
594,848.63,W/m^2,13:55:56,28/6/17,Day of week:,Wednesday,36.38,Grade Celsius,
581,851.55,W/m^2,13:55:59,28/6/17,Day of week:,Wednesday,36.13,Grade Celsius,
577,842.79,W/m^2,13:56:02,28/6/17,Day of week:,Wednesday,35.94,Grade Celsius,
572,854.47,W/m^2,13:56:06,28/6/17,Day of week:,Wednesday,35.81,Grade Celsius,
579,850.09,W/m^2,13:56:09,28/6/17,Day of week:,Wednesday,35.81,Grade Celsius,
580,851.55,W/m^2,13:56:12,28/6/17,Day of week:,Wednesday,36.00,Grade Celsius,
580,848.63,W/m^2,13:56:15,28/6/17,Day of week:,Wednesday,35.88,Grade Celsius,
578,847.17,W/m^2,13:56:18,28/6/17,Day of week:,Wednesday,35.69,Grade Celsius,
567,842.79,W/m^2,13:56:21,28/6/17,Day of week:,Wednesday,35.50,Grade Celsius,
575,845.71,W/m^2,13:56:24,28/6/17,Day of week:,Wednesday,35.69,Grade Celsius,
577,845.71,W/m^2,13:56:27,28/6/17,Day of week:,Wednesday,35.69,Grade Celsius,
590,838.41,W/m^2,13:56:30,28/6/17,Day of week:,Wednesday,35.56,Grade Celsius,
577,847.17,W/m^2,13:56:33,28/6/17,Day of week:,Wednesday,35.75,Grade Celsius,
584,857.40,W/m^2,13:56:36,28/6/17,Day of week:,Wednesday,36.00,Grade Celsius,
575,844.25,W/m^2,13:56:39,28/6/17,Day of week:,Wednesday,36.00,Grade Celsius,
561,844.25,W/m^2,13:56:42,28/6/17,Day of week:,Wednesday,35.63,Grade Celsius,
577,845.71,W/m^2,13:56:45,28/6/17,Day of week:,Wednesday,35.50,Grade Celsius,
577,845.71,W/m^2,13:56:48,28/6/17,Day of week:,Wednesday,35.31,Grade Celsius,
576,844.25,W/m^2,13:56:52,28/6/17,Day of week:,Wednesday,35.50,Grade Celsius,
575,839.87,W/m^2,13:56:55,28/6/17,Day of week:,Wednesday,35.69,Grade Celsius,
583,838.41,W/m^2,13:56:58,28/6/17,Day of week:,Wednesday,35.94,Grade Celsius,
561,839.87,W/m^2,13:57:01,28/6/17,Day of week:,Wednesday,36.13,Grade Celsius,
574,842.79,W/m^2,13:57:04,28/6/17,Day of week:,Wednesday,36.31,Grade Celsius,
577,831.10,W/m^2,13:57:07,28/6/17,Day of week:,Wednesday,36.50,Grade Celsius,
573,825.26,W/m^2,13:57:10,28/6/17,Day of week:,Wednesday,36.38,Grade Celsius,
579,841.33,W/m^2,13:57:13,28/6/17,Day of week:,Wednesday,36.00,Grade Celsius,
575,842.79,W/m^2,13:57:16,28/6/17,Day of week:,Wednesday,35.88,Grade Celsius,
570,835.49,W/m^2,13:57:19,28/6/17,Day of week:,Wednesday,35.63,Grade Celsius,
572,832.56,W/m^2,13:57:22,28/6/17,Day of week:,Wednesday,35.31,Grade Celsius,
573,842.79,W/m^2,13:57:25,28/6/17,Day of week:,Wednesday,35.00,Grade Celsius,
575,842.79,W/m^2,13:57:28,28/6/17,Day of week:,Wednesday,35.00,Grade Celsius,
575,844.25,W/m^2,13:57:31,28/6/17,Day of week:,Wednesday,34.81,Grade Celsius,
578,841.33,W/m^2,13:57:35,28/6/17,Day of week:,Wednesday,34.75,Grade Celsius,
573,836.95,W/m^2,13:57:38,28/6/17,Day of week:,Wednesday,34.44,Grade Celsius,
572,839.87,W/m^2,13:57:41,28/6/17,Day of week:,Wednesday,34.31,Grade Celsius,
575,845.71,W/m^2,13:57:44,28/6/17,Day of week:,Wednesday,34.31,Grade Celsius,
574,839.87,W/m^2,13:57:47,28/6/17,Day of week:,Wednesday,34.31,Grade Celsius,
574,841.33,W/m^2,13:57:50,28/6/17,Day of week:,Wednesday,34.56,Grade Celsius,
575,839.87,W/m^2,13:57:53,28/6/17,Day of week:,Wednesday,34.75,Grade Celsius,
572,845.71,W/m^2,13:57:56,28/6/17,Day of week:,Wednesday,34.75,Grade Celsius,
579,844.25,W/m^2,13:57:59,28/6/17,Day of week:,Wednesday,34.81,Grade Celsius,
574,839.87,W/m^2,13:58:02,28/6/17,Day of week:,Wednesday,34.75,Grade Celsius,
572,839.87,W/m^2,13:58:05,28/6/17,Day of week:,Wednesday,34.69,Grade Celsius,
573,839.87,W/m^2,13:58:08,28/6/17,Day of week:,Wednesday,34.44,Grade Celsius,
573,838.41,W/m^2,13:58:11,28/6/17,Day of week:,Wednesday,34.25,Grade Celsius,
572,834.03,W/m^2,13:58:14,28/6/17,Day of week:,Wednesday,34.13,Grade Celsius,
575,844.25,W/m^2,13:58:17,28/6/17,Day of week:,Wednesday,34.13,Grade Celsius,
574,842.79,W/m^2,13:58:21,28/6/17,Day of week:,Wednesday,34.13,Grade Celsius,
575,838.41,W/m^2,13:58:24,28/6/17,Day of week:,Wednesday,34.19,Grade Celsius,
572,838.41,W/m^2,13:58:27,28/6/17,Day of week:,Wednesday,34.31,Grade Celsius,
574,839.87,W/m^2,13:58:30,28/6/17,Day of week:,Wednesday,34.44,Grade Celsius,
571,838.41,W/m^2,13:58:33,28/6/17,Day of week:,Wednesday,34.75,Grade Celsius,
580,841.33,W/m^2,13:58:36,28/6/17,Day of week:,Wednesday,35.00,Grade Celsius,
575,839.87,W/m^2,13:58:39,28/6/17,Day of week:,Wednesday,35.25,Grade Celsius,
575,819.42,W/m^2,13:58:42,28/6/17,Day of week:,Wednesday,35.50,Grade Celsius,
572,858.86,W/m^2,13:58:45,28/6/17,Day of week:,Wednesday,35.81,Grade Celsius,
568,863.24,W/m^2,13:58:48,28/6/17,Day of week:,Wednesday,36.13,Grade Celsius,
570,841.33,W/m^2,13:58:51,28/6/17,Day of week:,Wednesday,36.38,Grade Celsius,
573,841.33,W/m^2,13:58:54,28/6/17,Day of week:,Wednesday,36.44,Grade Celsius,
575,831.10,W/m^2,13:58:57,28/6/17,Day of week:,Wednesday,36.56,Grade Celsius,
573,839.87,W/m^2,13:59:00,28/6/17,Day of week:,Wednesday,36.50,Grade Celsius,
579,847.17,W/m^2,13:59:03,28/6/17,Day of week:,Wednesday,36.38,Grade Celsius,
576,842.79,W/m^2,13:59:07,28/6/17,Day of week:,Wednesday,36.31,Grade Celsius,
568,838.41,W/m^2,13:59:10,28/6/17,Day of week:,Wednesday,36.56,Grade Celsius,
565,839.87,W/m^2,13:59:13,28/6/17,Day of week:,Wednesday,36.56,Grade Celsius,
574,841.33,W/m^2,13:59:16,28/6/17,Day of week:,Wednesday,36.81,Grade Celsius,
572,844.25,W/m^2,13:59:19,28/6/17,Day of week:,Wednesday,36.88,Grade Celsius,
575,857.40,W/m^2,13:59:22,28/6/17,Day of week:,Wednesday,36.94,Grade Celsius,
574,836.95,W/m^2,13:59:25,28/6/17,Day of week:,Wednesday,36.94,Grade Celsius,
560,836.95,W/m^2,13:59:28,28/6/17,Day of week:,Wednesday,37.19,Grade Celsius,
563,841.33,W/m^2,13:59:31,28/6/17,Day of week:,Wednesday,37.44,Grade Celsius,
574,836.95,W/m^2,13:59:34,28/6/17,Day of week:,Wednesday,37.63,Grade Celsius,
575,844.25,W/m^2,13:59:37,28/6/17,Day of week:,Wednesday,37.69,Grade Celsius,
574,842.79,W/m^2,13:59:40,28/6/17,Day of week:,Wednesday,37.50,Grade Celsius,
573,844.25,W/m^2,13:59:44,28/6/17,Day of week:,Wednesday,37.19,Grade Celsius,
572,839.87,W/m^2,13:59:47,28/6/17,Day of week:,Wednesday,37.00,Grade Celsius,
576,845.71,W/m^2,13:59:50,28/6/17,Day of week:,Wednesday,36.75,Grade Celsius,
575,850.09,W/m^2,13:59:53,28/6/17,Day of week:,Wednesday,36.38,Grade Celsius,
572,839.87,W/m^2,13:59:56,28/6/17,Day of week:,Wednesday,36.25,Grade Celsius,
565,844.25,W/m^2,13:59:59,28/6/17,Day of week:,Wednesday,36.13,Grade Celsius,
567,845.71,W/m^2,14:00:02,28/6/17,Day of week:,Wednesday,36.44,Grade Celsius,
580,838.41,W/m^2,14:00:05,28/6/17,Day of week:,Wednesday,36.50,Grade Celsius,
572,838.41,W/m^2,14:00:08,28/6/17,Day of week:,Wednesday,36.69,Grade Celsius,
579,841.33,W/m^2,14:00:11,28/6/17,Day of week:,Wednesday,36.88,Grade Celsius,
573,841.33,W/m^2,14:00:14,28/6/17,Day of week:,Wednesday,36.88,Grade Celsius,
576,848.63,W/m^2,14:00:17,28/6/17,Day of week:,Wednesday,36.81,Grade Celsius,
572,854.47,W/m^2,14:00:20,28/6/17,Day of week:,Wednesday,36.75,Grade Celsius,
573,839.87,W/m^2,14:00:23,28/6/17,Day of week:,Wednesday,36.63,Grade Celsius,
573,839.87,W/m^2,14:00:27,28/6/17,Day of week:,Wednesday,36.50,Grade Celsius,
573,839.87,W/m^2,14:00:30,28/6/17,Day of week:,Wednesday,36.63,Grade Celsius,
574,842.79,W/m^2,14:00:33,28/6/17,Day of week:,Wednesday,36.69,Grade Celsius,
576,845.71,W/m^2,14:00:36,28/6/17,Day of week:,Wednesday,36.75,Grade Celsius,
582,845.71,W/m^2,14:00:39,28/6/17,Day of week:,Wednesday,36.75,Grade Celsius,
577,842.79,W/m^2,14:00:42,28/6/17,Day of week:,Wednesday,36.63,Grade Celsius,
573,839.87,W/m^2,14:00:45,28/6/17,Day of week:,Wednesday,36.63,Grade Celsius,
575,844.25,W/m^2,14:00:48,28/6/17,Day of week:,Wednesday,36.88,Grade Celsius,
575,844.25,W/m^2,14:00:51,28/6/17,Day of week:,Wednesday,37.00,Grade Celsius,
565,838.41,W/m^2,14:00:54,28/6/17,Day of week:,Wednesday,37.06,Grade Celsius,
576,845.71,W/m^2,14:00:57,28/6/17,Day of week:,Wednesday,36.88,Grade Celsius,
577,848.63,W/m^2,14:01:00,28/6/17,Day of week:,Wednesday,36.88,Grade Celsius,
578,844.25,W/m^2,14:01:03,28/6/17,Day of week:,Wednesday,36.81,Grade Celsius,
584,845.71,W/m^2,14:01:06,28/6/17,Day of week:,Wednesday,37.13,Grade Celsius,
578,847.17,W/m^2,14:01:09,28/6/17,Day of week:,Wednesday,37.25,Grade Celsius,
588,844.25,W/m^2,14:01:13,28/6/17,Day of week:,Wednesday,37.25,Grade Celsius,
572,845.71,W/m^2,14:01:16,28/6/17,Day of week:,Wednesday,37.06,Grade Celsius,
575,854.47,W/m^2,14:01:19,28/6/17,Day of week:,Wednesday,36.94,Grade Celsius,
576,844.25,W/m^2,14:01:22,28/6/17,Day of week:,Wednesday,36.81,Grade Celsius,
574,845.71,W/m^2,14:01:25,28/6/17,Day of week:,Wednesday,36.81,Grade Celsius,
577,839.87,W/m^2,14:01:28,28/6/17,Day of week:,Wednesday,37.00,Grade Celsius,
575,844.25,W/m^2,14:01:31,28/6/17,Day of week:,Wednesday,37.19,Grade Celsius,
576,850.09,W/m^2,14:01:34,28/6/17,Day of week:,Wednesday,37.38,Grade Celsius,
579,845.71,W/m^2,14:01:37,28/6/17,Day of week:,Wednesday,37.56,Grade Celsius,
576,844.25,W/m^2,14:01:40,28/6/17,Day of week:,Wednesday,37.75,Grade Celsius,
579,844.25,W/m^2,14:01:43,28/6/17,Day of week:,Wednesday,37.94,Grade Celsius,
574,842.79,W/m^2,14:01:46,28/6/17,Day of week:,Wednesday,38.13,Grade Celsius,
579,844.25,W/m^2,14:01:49,28/6/17,Day of week:,Wednesday,38.25,Grade Celsius,
565,847.17,W/m^2,14:01:52,28/6/17,Day of week:,Wednesday,38.25,Grade Celsius,
576,826.72,W/m^2,14:01:55,28/6/17,Day of week:,Wednesday,38.19,Grade Celsius,
588,845.71,W/m^2,14:01:59,28/6/17,Day of week:,Wednesday,38.13,Grade Celsius,
578,847.17,W/m^2,14:02:02,28/6/17,Day of week:,Wednesday,38.19,Grade Celsius,
579,847.17,W/m^2,14:02:05,28/6/17,Day of week:,Wednesday,38.31,Grade Celsius,
577,844.25,W/m^2,14:02:08,28/6/17,Day of week:,Wednesday,38.44,Grade Celsius,
578,845.71,W/m^2,14:02:11,28/6/17,Day of week:,Wednesday,38.44,Grade Celsius,
577,845.71,W/m^2,14:02:14,28/6/17,Day of week:,Wednesday,38.31,Grade Celsius,
577,841.33,W/m^2,14:02:17,28/6/17,Day of week:,Wednesday,38.31,Grade Celsius,
576,841.33,W/m^2,14:02:20,28/6/17,Day of week:,Wednesday,38.25,Grade Celsius,
575,842.79,W/m^2,14:02:23,28/6/17,Day of week:,Wednesday,38.25,Grade Celsius,
568,842.79,W/m^2,14:02:26,28/6/17,Day of week:,Wednesday,38.19,Grade Celsius,
564,845.71,W/m^2,14:02:29,28/6/17,Day of week:,Wednesday,38.13,Grade Celsius,
576,847.17,W/m^2,14:02:32,28/6/17,Day of week:,Wednesday,38.13,Grade Celsius,
585,845.71,W/m^2,14:02:35,28/6/17,Day of week:,Wednesday,38.13,Grade Celsius,
591,845.71,W/m^2,14:02:38,28/6/17,Day of week:,Wednesday,38.13,Grade Celsius,
577,845.71,W/m^2,14:02:41,28/6/17,Day of week:,Wednesday,38.06,Grade Celsius,
577,845.71,W/m^2,14:02:45,28/6/17,Day of week:,Wednesday,38.06,Grade Celsius,
576,845.71,W/m^2,14:02:48,28/6/17,Day of week:,Wednesday,38.06,Grade Celsius,
579,845.71,W/m^2,14:02:51,28/6/17,Day of week:,Wednesday,38.19,Grade Celsius,
577,851.55,W/m^2,14:02:54,28/6/17,Day of week:,Wednesday,38.38,Grade Celsius,
580,831.10,W/m^2,14:02:57,28/6/17,Day of week:,Wednesday,38.56,Grade Celsius,
577,845.71,W/m^2,14:03:00,28/6/17,Day of week:,Wednesday,38.69,Grade Celsius,
579,848.63,W/m^2,14:03:03,28/6/17,Day of week:,Wednesday,38.75,Grade Celsius,
579,850.09,W/m^2,14:03:06,28/6/17,Day of week:,Wednesday,38.75,Grade Celsius,
577,848.63,W/m^2,14:03:09,28/6/17,Day of week:,Wednesday,38.75,Grade Celsius,
584,853.01,W/m^2,14:03:12,28/6/17,Day of week:,Wednesday,38.69,Grade Celsius,
584,842.79,W/m^2,14:03:15,28/6/17,Day of week:,Wednesday,38.63,Grade Celsius,
577,839.87,W/m^2,14:03:18,28/6/17,Day of week:,Wednesday,38.56,Grade Celsius,
577,845.71,W/m^2,14:03:21,28/6/17,Day of week:,Wednesday,38.50,Grade Celsius,
576,839.87,W/m^2,14:03:24,28/6/17,Day of week:,Wednesday,38.44,Grade Celsius,
574,842.79,W/m^2,14:03:28,28/6/17,Day of week:,Wednesday,38.38,Grade Celsius,
571,836.95,W/m^2,14:03:31,28/6/17,Day of week:,Wednesday,38.31,Grade Celsius,
590,847.17,W/m^2,14:03:34,28/6/17,Day of week:,Wednesday,38.19,Grade Celsius,
579,850.09,W/m^2,14:03:37,28/6/17,Day of week:,Wednesday,38.06,Grade Celsius,
578,845.71,W/m^2,14:03:40,28/6/17,Day of week:,Wednesday,37.94,Grade Celsius,
581,844.25,W/m^2,14:03:43,28/6/17,Day of week:,Wednesday,37.94,Grade Celsius,
579,845.71,W/m^2,14:03:46,28/6/17,Day of week:,Wednesday,37.94,Grade Celsius,
577,847.17,W/m^2,14:03:49,28/6/17,Day of week:,Wednesday,37.88,Grade Celsius,
576,842.79,W/m^2,14:03:52,28/6/17,Day of week:,Wednesday,37.75,Grade Celsius,
577,842.79,W/m^2,14:03:55,28/6/17,Day of week:,Wednesday,37.88,Grade Celsius,
571,850.09,W/m^2,14:03:58,28/6/17,Day of week:,Wednesday,38.13,Grade Celsius,
572,853.01,W/m^2,14:04:01,28/6/17,Day of week:,Wednesday,38.25,Grade Celsius,
578,845.71,W/m^2,14:04:04,28/6/17,Day of week:,Wednesday,38.44,Grade Celsius,
576,844.25,W/m^2,14:04:07,28/6/17,Day of week:,Wednesday,38.38,Grade Celsius,
580,850.09,W/m^2,14:04:10,28/6/17,Day of week:,Wednesday,38.69,Grade Celsius,
578,850.09,W/m^2,14:04:14,28/6/17,Day of week:,Wednesday,38.88,Grade Celsius,
578,841.33,W/m^2,14:04:17,28/6/17,Day of week:,Wednesday,39.00,Grade Celsius,
578,848.63,W/m^2,14:04:20,28/6/17,Day of week:,Wednesday,38.75,Grade Celsius,
578,842.79,W/m^2,14:04:23,28/6/17,Day of week:,Wednesday,38.63,Grade Celsius,
575,857.40,W/m^2,14:04:26,28/6/17,Day of week:,Wednesday,38.63,Grade Celsius,
576,847.17,W/m^2,14:04:29,28/6/17,Day of week:,Wednesday,38.56,Grade Celsius,
579,847.17,W/m^2,14:04:32,28/6/17,Day of week:,Wednesday,38.38,Grade Celsius,
576,823.80,W/m^2,14:04:35,28/6/17,Day of week:,Wednesday,38.13,Grade Celsius,
576,844.25,W/m^2,14:04:38,28/6/17,Day of week:,Wednesday,37.69,Grade Celsius,
575,842.79,W/m^2,14:04:41,28/6/17,Day of week:,Wednesday,37.63,Grade Celsius,
580,831.10,W/m^2,14:04:44,28/6/17,Day of week:,Wednesday,37.81,Grade Celsius,
575,842.79,W/m^2,14:04:47,28/6/17,Day of week:,Wednesday,37.94,Grade Celsius,
575,823.80,W/m^2,14:04:50,28/6/17,Day of week:,Wednesday,37.50,Grade Celsius,
584,844.25,W/m^2,14:04:54,28/6/17,Day of week:,Wednesday,37.81,Grade Celsius,
573,845.71,W/m^2,14:04:57,28/6/17,Day of week:,Wednesday,37.94,Grade Celsius,
576,844.25,W/m^2,14:05:00,28/6/17,Day of week:,Wednesday,38.00,Grade Celsius,
577,841.33,W/m^2,14:05:03,28/6/17,Day of week:,Wednesday,37.94,Grade Celsius,
574,838.41,W/m^2,14:05:06,28/6/17,Day of week:,Wednesday,38.13,Grade Celsius,
577,823.80,W/m^2,14:05:09,28/6/17,Day of week:,Wednesday,38.31,Grade Celsius,
574,822.34,W/m^2,14:05:12,28/6/17,Day of week:,Wednesday,38.50,Grade Celsius,
573,839.87,W/m^2,14:05:15,28/6/17,Day of week:,Wednesday,38.50,Grade Celsius,
575,847.17,W/m^2,14:05:18,28/6/17,Day of week:,Wednesday,38.69,Grade Celsius,
572,845.71,W/m^2,14:05:21,28/6/17,Day of week:,Wednesday,38.88,Grade Celsius,
570,836.95,W/m^2,14:05:24,28/6/17,Day of week:,Wednesday,39.06,Grade Celsius,
574,844.25,W/m^2,14:05:27,28/6/17,Day of week:,Wednesday,39.19,Grade Celsius,
574,842.79,W/m^2,14:05:30,28/6/17,Day of week:,Wednesday,39.38,Grade Celsius,
575,844.25,W/m^2,14:05:33,28/6/17,Day of week:,Wednesday,39.44,Grade Celsius,
574,842.79,W/m^2,14:05:36,28/6/17,Day of week:,Wednesday,39.19,Grade Celsius,
576,841.33,W/m^2,14:05:40,28/6/17,Day of week:,Wednesday,38.94,Grade Celsius,
573,836.95,W/m^2,14:05:43,28/6/17,Day of week:,Wednesday,38.63,Grade Celsius,
579,839.87,W/m^2,14:05:46,28/6/17,Day of week:,Wednesday,38.50,Grade Celsius,
574,835.49,W/m^2,14:05:49,28/6/17,Day of week:,Wednesday,38.13,Grade Celsius,
574,853.01,W/m^2,14:05:52,28/6/17,Day of week:,Wednesday,37.75,Grade Celsius,
572,848.63,W/m^2,14:05:55,28/6/17,Day of week:,Wednesday,37.94,Grade Celsius,
573,842.79,W/m^2,14:05:58,28/6/17,Day of week:,Wednesday,37.81,Grade Celsius,
576,832.56,W/m^2,14:06:01,28/6/17,Day of week:,Wednesday,37.75,Grade Celsius,
574,831.10,W/m^2,14:06:04,28/6/17,Day of week:,Wednesday,37.75,Grade Celsius,
576,839.87,W/m^2,14:06:07,28/6/17,Day of week:,Wednesday,37.94,Grade Celsius,
574,839.87,W/m^2,14:06:10,28/6/17,Day of week:,Wednesday,38.06,Grade Celsius,
573,822.34,W/m^2,14:06:13,28/6/17,Day of week:,Wednesday,38.06,Grade Celsius,
577,838.41,W/m^2,14:06:16,28/6/17,Day of week:,Wednesday,38.31,Grade Celsius,
572,845.71,W/m^2,14:06:19,28/6/17,Day of week:,Wednesday,38.19,Grade Celsius,
575,839.87,W/m^2,14:06:22,28/6/17,Day of week:,Wednesday,38.00,Grade Celsius,
574,838.41,W/m^2,14:06:26,28/6/17,Day of week:,Wednesday,37.75,Grade Celsius,
577,844.25,W/m^2,14:06:29,28/6/17,Day of week:,Wednesday,37.50,Grade Celsius,
581,842.79,W/m^2,14:06:32,28/6/17,Day of week:,Wednesday,37.69,Grade Celsius,
574,838.41,W/m^2,14:06:35,28/6/17,Day of week:,Wednesday,37.63,Grade Celsius,
573,838.41,W/m^2,14:06:38,28/6/17,Day of week:,Wednesday,37.50,Grade Celsius,
572,838.41,W/m^2,14:06:41,28/6/17,Day of week:,Wednesday,37.63,Grade Celsius,
573,857.40,W/m^2,14:06:44,28/6/17,Day of week:,Wednesday,37.25,Grade Celsius,
569,839.87,W/m^2,14:06:47,28/6/17,Day of week:,Wednesday,37.00,Grade Celsius,
575,842.79,W/m^2,14:06:50,28/6/17,Day of week:,Wednesday,36.88,Grade Celsius,
574,841.33,W/m^2,14:06:53,28/6/17,Day of week:,Wednesday,37.00,Grade Celsius,
575,844.25,W/m^2,14:06:56,28/6/17,Day of week:,Wednesday,37.06,Grade Celsius,
575,842.79,W/m^2,14:06:59,28/6/17,Day of week:,Wednesday,37.00,Grade Celsius,
575,842.79,W/m^2,14:07:02,28/6/17,Day of week:,Wednesday,36.94,Grade Celsius,
573,839.87,W/m^2,14:07:05,28/6/17,Day of week:,Wednesday,36.88,Grade Celsius,
588,838.41,W/m^2,14:07:09,28/6/17,Day of week:,Wednesday,36.75,Grade Celsius,
573,835.49,W/m^2,14:07:12,28/6/17,Day of week:,Wednesday,36.75,Grade Celsius,
572,839.87,W/m^2,14:07:15,28/6/17,Day of week:,Wednesday,36.50,Grade Celsius,
574,841.33,W/m^2,14:07:18,28/6/17,Day of week:,Wednesday,36.44,Grade Celsius,
576,841.33,W/m^2,14:07:21,28/6/17,Day of week:,Wednesday,36.44,Grade Celsius,
564,844.25,W/m^2,14:07:24,28/6/17,Day of week:,Wednesday,36.50,Grade Celsius,
564,842.79,W/m^2,14:07:27,28/6/17,Day of week:,Wednesday,36.69,Grade Celsius,
573,838.41,W/m^2,14:07:30,28/6/17,Day of week:,Wednesday,36.69,Grade Celsius,
573,844.25,W/m^2,14:07:33,28/6/17,Day of week:,Wednesday,36.75,Grade Celsius,
581,831.10,W/m^2,14:07:36,28/6/17,Day of week:,Wednesday,36.75,Grade Celsius,
588,842.79,W/m^2,14:07:39,28/6/17,Day of week:,Wednesday,36.81,Grade Celsius,
573,842.79,W/m^2,14:07:42,28/6/17,Day of week:,Wednesday,36.94,Grade Celsius,
582,844.25,W/m^2,14:07:45,28/6/17,Day of week:,Wednesday,37.06,Grade Celsius,
574,839.87,W/m^2,14:07:48,28/6/17,Day of week:,Wednesday,37.13,Grade Celsius,
575,845.71,W/m^2,14:07:51,28/6/17,Day of week:,Wednesday,37.06,Grade Celsius,
584,842.79,W/m^2,14:07:55,28/6/17,Day of week:,Wednesday,36.88,Grade Celsius,
574,841.33,W/m^2,14:07:58,28/6/17,Day of week:,Wednesday,36.88,Grade Celsius,
574,838.41,W/m^2,14:08:01,28/6/17,Day of week:,Wednesday,36.94,Grade Celsius,
566,851.55,W/m^2,14:08:04,28/6/17,Day of week:,Wednesday,36.94,Grade Celsius,
576,839.87,W/m^2,14:08:07,28/6/17,Day of week:,Wednesday,36.94,Grade Celsius,
573,838.41,W/m^2,14:08:10,28/6/17,Day of week:,Wednesday,36.81,Grade Celsius,
567,841.33,W/m^2,14:08:13,28/6/17,Day of week:,Wednesday,36.75,Grade Celsius,
561,844.25,W/m^2,14:08:16,28/6/17,Day of week:,Wednesday,36.88,Grade Celsius,
577,832.56,W/m^2,14:08:19,28/6/17,Day of week:,Wednesday,36.81,Grade Celsius,
575,842.79,W/m^2,14:08:22,28/6/17,Day of week:,Wednesday,36.44,Grade Celsius,
573,842.79,W/m^2,14:08:25,28/6/17,Day of week:,Wednesday,36.19,Grade Celsius,
577,831.10,W/m^2,14:08:28,28/6/17,Day of week:,Wednesday,36.00,Grade Celsius,
577,844.25,W/m^2,14:08:31,28/6/17,Day of week:,Wednesday,35.75,Grade Celsius,
574,851.55,W/m^2,14:08:34,28/6/17,Day of week:,Wednesday,35.56,Grade Celsius,
560,839.87,W/m^2,14:08:37,28/6/17,Day of week:,Wednesday,35.19,Grade Celsius,
573,844.25,W/m^2,14:08:41,28/6/17,Day of week:,Wednesday,34.88,Grade Celsius,
581,857.40,W/m^2,14:08:44,28/6/17,Day of week:,Wednesday,34.50,Grade Celsius,
574,844.25,W/m^2,14:08:47,28/6/17,Day of week:,Wednesday,34.31,Grade Celsius,
572,854.47,W/m^2,14:08:50,28/6/17,Day of week:,Wednesday,34.13,Grade Celsius,
564,844.25,W/m^2,14:08:53,28/6/17,Day of week:,Wednesday,33.94,Grade Celsius,
573,836.95,W/m^2,14:08:56,28/6/17,Day of week:,Wednesday,33.88,Grade Celsius,
571,838.41,W/m^2,14:08:59,28/6/17,Day of week:,Wednesday,34.13,Grade Celsius,
572,825.26,W/m^2,14:09:02,28/6/17,Day of week:,Wednesday,34.00,Grade Celsius,
572,819.42,W/m^2,14:09:05,28/6/17,Day of week:,Wednesday,33.75,Grade Celsius,
570,838.41,W/m^2,14:09:08,28/6/17,Day of week:,Wednesday,33.81,Grade Celsius,
571,839.87,W/m^2,14:09:11,28/6/17,Day of week:,Wednesday,34.00,Grade Celsius,
574,841.33,W/m^2,14:09:14,28/6/17,Day of week:,Wednesday,34.00,Grade Celsius,
575,858.86,W/m^2,14:09:17,28/6/17,Day of week:,Wednesday,34.00,Grade Celsius,
561,838.41,W/m^2,14:09:20,28/6/17,Day of week:,Wednesday,34.19,Grade Celsius,
561,834.03,W/m^2,14:09:24,28/6/17,Day of week:,Wednesday,34.25,Grade Celsius,
572,838.41,W/m^2,14:09:27,28/6/17,Day of week:,Wednesday,34.06,Grade Celsius,
572,839.87,W/m^2,14:09:30,28/6/17,Day of week:,Wednesday,34.25,Grade Celsius,
573,826.72,W/m^2,14:09:33,28/6/17,Day of week:,Wednesday,34.44,Grade Celsius,
574,839.87,W/m^2,14:09:36,28/6/17,Day of week:,Wednesday,34.69,Grade Celsius,
574,841.33,W/m^2,14:09:39,28/6/17,Day of week:,Wednesday,34.94,Grade Celsius,
571,836.95,W/m^2,14:09:42,28/6/17,Day of week:,Wednesday,35.19,Grade Celsius,
569,835.49,W/m^2,14:09:45,28/6/17,Day of week:,Wednesday,35.38,Grade Celsius,
570,834.03,W/m^2,14:09:48,28/6/17,Day of week:,Wednesday,35.56,Grade Celsius,
570,832.56,W/m^2,14:09:51,28/6/17,Day of week:,Wednesday,35.69,Grade Celsius,
572,841.33,W/m^2,14:09:54,28/6/17,Day of week:,Wednesday,35.88,Grade Celsius,
574,848.63,W/m^2,14:09:57,28/6/17,Day of week:,Wednesday,35.88,Grade Celsius,
574,839.87,W/m^2,14:10:00,28/6/17,Day of week:,Wednesday,35.94,Grade Celsius,
571,838.41,W/m^2,14:10:03,28/6/17,Day of week:,Wednesday,36.06,Grade Celsius,
570,839.87,W/m^2,14:10:07,28/6/17,Day of week:,Wednesday,36.13,Grade Celsius,
571,838.41,W/m^2,14:10:10,28/6/17,Day of week:,Wednesday,36.25,Grade Celsius,
571,853.01,W/m^2,14:10:13,28/6/17,Day of week:,Wednesday,36.25,Grade Celsius,
568,825.26,W/m^2,14:10:16,28/6/17,Day of week:,Wednesday,36.25,Grade Celsius,
557,838.41,W/m^2,14:10:19,28/6/17,Day of week:,Wednesday,36.13,Grade Celsius,
573,836.95,W/m^2,14:10:22,28/6/17,Day of week:,Wednesday,36.06,Grade Celsius,
570,836.95,W/m^2,14:10:25,28/6/17,Day of week:,Wednesday,36.13,Grade Celsius,
573,838.41,W/m^2,14:10:28,28/6/17,Day of week:,Wednesday,36.19,Grade Celsius,
569,835.49,W/m^2,14:10:31,28/6/17,Day of week:,Wednesday,36.31,Grade Celsius,
571,826.72,W/m^2,14:10:34,28/6/17,Day of week:,Wednesday,36.31,Grade Celsius,
557,839.87,W/m^2,14:10:37,28/6/17,Day of week:,Wednesday,36.31,Grade Celsius,
571,857.40,W/m^2,14:10:40,28/6/17,Day of week:,Wednesday,36.38,Grade Celsius,
571,835.49,W/m^2,14:10:43,28/6/17,Day of week:,Wednesday,36.50,Grade Celsius,
571,835.49,W/m^2,14:10:47,28/6/17,Day of week:,Wednesday,36.69,Grade Celsius,
568,835.49,W/m^2,14:10:50,28/6/17,Day of week:,Wednesday,36.88,Grade Celsius,
570,834.03,W/m^2,14:10:53,28/6/17,Day of week:,Wednesday,36.94,Grade Celsius,
573,838.41,W/m^2,14:10:56,28/6/17,Day of week:,Wednesday,37.00,Grade Celsius,
572,836.95,W/m^2,14:10:59,28/6/17,Day of week:,Wednesday,37.13,Grade Celsius,
562,835.49,W/m^2,14:11:02,28/6/17,Day of week:,Wednesday,37.25,Grade Celsius,
569,834.03,W/m^2,14:11:05,28/6/17,Day of week:,Wednesday,37.44,Grade Celsius,
569,850.09,W/m^2,14:11:08,28/6/17,Day of week:,Wednesday,37.56,Grade Celsius,
571,835.49,W/m^2,14:11:11,28/6/17,Day of week:,Wednesday,37.69,Grade Celsius,
572,836.95,W/m^2,14:11:14,28/6/17,Day of week:,Wednesday,37.81,Grade Celsius,
569,834.03,W/m^2,14:11:17,28/6/17,Day of week:,Wednesday,37.88,Grade Celsius,
568,832.56,W/m^2,14:11:20,28/6/17,Day of week:,Wednesday,37.88,Grade Celsius,
569,835.49,W/m^2,14:11:23,28/6/17,Day of week:,Wednesday,37.88,Grade Celsius,
569,834.03,W/m^2,14:11:26,28/6/17,Day of week:,Wednesday,37.69,Grade Celsius,
571,836.95,W/m^2,14:11:29,28/6/17,Day of week:,Wednesday,37.56,Grade Celsius,
566,835.49,W/m^2,14:11:33,28/6/17,Day of week:,Wednesday,37.31,Grade Celsius,
571,851.55,W/m^2,14:11:36,28/6/17,Day of week:,Wednesday,37.44,Grade Celsius,
569,832.56,W/m^2,14:11:39,28/6/17,Day of week:,Wednesday,37.50,Grade Celsius,
580,816.50,W/m^2,14:11:42,28/6/17,Day of week:,Wednesday,37.50,Grade Celsius,
570,850.09,W/m^2,14:11:45,28/6/17,Day of week:,Wednesday,37.38,Grade Celsius,
572,835.49,W/m^2,14:11:48,28/6/17,Day of week:,Wednesday,37.25,Grade Celsius,
568,831.10,W/m^2,14:11:51,28/6/17,Day of week:,Wednesday,37.19,Grade Celsius,
568,832.56,W/m^2,14:11:54,28/6/17,Day of week:,Wednesday,37.06,Grade Celsius,
570,842.79,W/m^2,14:11:57,28/6/17,Day of week:,Wednesday,37.13,Grade Celsius,
579,836.95,W/m^2,14:12:00,28/6/17,Day of week:,Wednesday,37.13,Grade Celsius,
567,834.03,W/m^2,14:12:03,28/6/17,Day of week:,Wednesday,37.00,Grade Celsius,
578,835.49,W/m^2,14:12:06,28/6/17,Day of week:,Wednesday,36.81,Grade Celsius,
570,831.10,W/m^2,14:12:09,28/6/17,Day of week:,Wednesday,36.56,Grade Celsius,
567,832.56,W/m^2,14:12:12,28/6/17,Day of week:,Wednesday,36.38,Grade Celsius,
575,841.33,W/m^2,14:12:16,28/6/17,Day of week:,Wednesday,36.19,Grade Celsius,
571,836.95,W/m^2,14:12:19,28/6/17,Day of week:,Wednesday,36.19,Grade Celsius,
571,834.03,W/m^2,14:12:22,28/6/17,Day of week:,Wednesday,36.06,Grade Celsius,
571,842.79,W/m^2,14:12:25,28/6/17,Day of week:,Wednesday,36.00,Grade Celsius,
567,834.03,W/m^2,14:12:28,28/6/17,Day of week:,Wednesday,36.00,Grade Celsius,
571,834.03,W/m^2,14:12:31,28/6/17,Day of week:,Wednesday,36.00,Grade Celsius,
570,836.95,W/m^2,14:12:34,28/6/17,Day of week:,Wednesday,36.13,Grade Celsius,
567,815.04,W/m^2,14:12:37,28/6/17,Day of week:,Wednesday,36.19,Grade Celsius,
568,832.56,W/m^2,14:12:40,28/6/17,Day of week:,Wednesday,36.13,Grade Celsius,
568,831.10,W/m^2,14:12:43,28/6/17,Day of week:,Wednesday,36.19,Grade Celsius,
569,832.56,W/m^2,14:12:46,28/6/17,Day of week:,Wednesday,36.13,Grade Celsius,
570,835.49,W/m^2,14:12:49,28/6/17,Day of week:,Wednesday,35.88,Grade Celsius,
570,838.41,W/m^2,14:12:52,28/6/17,Day of week:,Wednesday,35.69,Grade Celsius,
559,836.95,W/m^2,14:12:55,28/6/17,Day of week:,Wednesday,35.63,Grade Celsius,
569,813.58,W/m^2,14:12:58,28/6/17,Day of week:,Wednesday,35.63,Grade Celsius,
569,835.49,W/m^2,14:13:02,28/6/17,Day of week:,Wednesday,35.69,Grade Celsius,
566,834.03,W/m^2,14:13:05,28/6/17,Day of week:,Wednesday,35.81,Grade Celsius,
578,832.56,W/m^2,14:13:08,28/6/17,Day of week:,Wednesday,35.75,Grade Celsius,
569,835.49,W/m^2,14:13:11,28/6/17,Day of week:,Wednesday,35.75,Grade Celsius,
572,828.18,W/m^2,14:13:14,28/6/17,Day of week:,Wednesday,35.69,Grade Celsius,
568,835.49,W/m^2,14:13:17,28/6/17,Day of week:,Wednesday,35.63,Grade Celsius,
567,834.03,W/m^2,14:13:20,28/6/17,Day of week:,Wednesday,35.31,Grade Celsius,
569,820.88,W/m^2,14:13:23,28/6/17,Day of week:,Wednesday,35.38,Grade Celsius,
569,845.71,W/m^2,14:13:26,28/6/17,Day of week:,Wednesday,35.25,Grade Celsius,
567,834.03,W/m^2,14:13:29,28/6/17,Day of week:,Wednesday,35.19,Grade Celsius,
570,834.03,W/m^2,14:13:32,28/6/17,Day of week:,Wednesday,35.13,Grade Celsius,
570,829.64,W/m^2,14:13:35,28/6/17,Day of week:,Wednesday,35.19,Grade Celsius,
570,834.03,W/m^2,14:13:38,28/6/17,Day of week:,Wednesday,35.44,Grade Celsius,
569,823.80,W/m^2,14:13:41,28/6/17,Day of week:,Wednesday,35.63,Grade Celsius,
571,835.49,W/m^2,14:13:44,28/6/17,Day of week:,Wednesday,35.81,Grade Celsius,
567,834.03,W/m^2,14:13:48,28/6/17,Day of week:,Wednesday,36.00,Grade Celsius,
568,835.49,W/m^2,14:13:51,28/6/17,Day of week:,Wednesday,36.13,Grade Celsius,
571,836.95,W/m^2,14:13:54,28/6/17,Day of week:,Wednesday,36.25,Grade Celsius,
570,829.64,W/m^2,14:13:57,28/6/17,Day of week:,Wednesday,36.38,Grade Celsius,
564,842.79,W/m^2,14:14:00,28/6/17,Day of week:,Wednesday,36.44,Grade Celsius,
569,835.49,W/m^2,14:14:03,28/6/17,Day of week:,Wednesday,36.56,Grade Celsius,
569,835.49,W/m^2,14:14:06,28/6/17,Day of week:,Wednesday,36.63,Grade Celsius,
570,835.49,W/m^2,14:14:09,28/6/17,Day of week:,Wednesday,36.69,Grade Celsius,
573,836.95,W/m^2,14:14:12,28/6/17,Day of week:,Wednesday,36.69,Grade Celsius,
571,834.03,W/m^2,14:14:15,28/6/17,Day of week:,Wednesday,36.75,Grade Celsius,
571,820.88,W/m^2,14:14:18,28/6/17,Day of week:,Wednesday,36.94,Grade Celsius,
566,834.03,W/m^2,14:14:21,28/6/17,Day of week:,Wednesday,37.00,Grade Celsius,
571,832.56,W/m^2,14:14:24,28/6/17,Day of week:,Wednesday,37.06,Grade Celsius,
571,834.03,W/m^2,14:14:27,28/6/17,Day of week:,Wednesday,36.88,Grade Celsius,
569,834.03,W/m^2,14:14:31,28/6/17,Day of week:,Wednesday,36.88,Grade Celsius,
576,836.95,W/m^2,14:14:34,28/6/17,Day of week:,Wednesday,36.56,Grade Celsius,
569,829.64,W/m^2,14:14:37,28/6/17,Day of week:,Wednesday,36.63,Grade Celsius,
566,832.56,W/m^2,14:14:40,28/6/17,Day of week:,Wednesday,36.44,Grade Celsius,
569,834.03,W/m^2,14:14:43,28/6/17,Day of week:,Wednesday,36.38,Grade Celsius,
572,831.10,W/m^2,14:14:46,28/6/17,Day of week:,Wednesday,36.25,Grade Celsius,
568,832.56,W/m^2,14:14:49,28/6/17,Day of week:,Wednesday,36.31,Grade Celsius,
571,835.49,W/m^2,14:14:52,28/6/17,Day of week:,Wednesday,36.50,Grade Celsius,
570,831.10,W/m^2,14:14:55,28/6/17,Day of week:,Wednesday,36.31,Grade Celsius,
575,831.10,W/m^2,14:14:58,28/6/17,Day of week:,Wednesday,36.06,Grade Celsius,
557,829.64,W/m^2,14:15:01,28/6/17,Day of week:,Wednesday,36.06,Grade Celsius,
569,832.56,W/m^2,14:15:04,28/6/17,Day of week:,Wednesday,36.31,Grade Celsius,
568,838.41,W/m^2,14:15:07,28/6/17,Day of week:,Wednesday,36.13,Grade Celsius,
570,838.41,W/m^2,14:15:10,28/6/17,Day of week:,Wednesday,36.00,Grade Celsius,
568,835.49,W/m^2,14:15:13,28/6/17,Day of week:,Wednesday,35.94,Grade Celsius,
566,831.10,W/m^2,14:15:17,28/6/17,Day of week:,Wednesday,35.88,Grade Celsius,
566,832.56,W/m^2,14:15:20,28/6/17,Day of week:,Wednesday,35.81,Grade Celsius,
568,839.87,W/m^2,14:15:23,28/6/17,Day of week:,Wednesday,35.88,Grade Celsius,
570,838.41,W/m^2,14:15:26,28/6/17,Day of week:,Wednesday,35.63,Grade Celsius,
568,832.56,W/m^2,14:15:29,28/6/17,Day of week:,Wednesday,35.81,Grade Celsius,
565,831.10,W/m^2,14:15:32,28/6/17,Day of week:,Wednesday,35.94,Grade Celsius,
566,829.64,W/m^2,14:15:35,28/6/17,Day of week:,Wednesday,36.06,Grade Celsius,
571,832.56,W/m^2,14:15:38,28/6/17,Day of week:,Wednesday,36.19,Grade Celsius,
565,834.03,W/m^2,14:15:41,28/6/17,Day of week:,Wednesday,36.38,Grade Celsius,
564,844.25,W/m^2,14:15:44,28/6/17,Day of week:,Wednesday,36.25,Grade Celsius,
567,831.10,W/m^2,14:15:47,28/6/17,Day of week:,Wednesday,36.31,Grade Celsius,
567,831.10,W/m^2,14:15:50,28/6/17,Day of week:,Wednesday,36.25,Grade Celsius,
567,834.03,W/m^2,14:15:53,28/6/17,Day of week:,Wednesday,36.31,Grade Celsius,
567,826.72,W/m^2,14:15:57,28/6/17,Day of week:,Wednesday,36.06,Grade Celsius,
563,826.72,W/m^2,14:16:00,28/6/17,Day of week:,Wednesday,36.13,Grade Celsius,
571,831.10,W/m^2,14:16:03,28/6/17,Day of week:,Wednesday,35.88,Grade Celsius,
566,826.72,W/m^2,14:16:06,28/6/17,Day of week:,Wednesday,36.13,Grade Celsius,
564,828.18,W/m^2,14:16:09,28/6/17,Day of week:,Wednesday,36.13,Grade Celsius,
566,828.18,W/m^2,14:16:12,28/6/17,Day of week:,Wednesday,35.94,Grade Celsius,
567,831.10,W/m^2,14:16:15,28/6/17,Day of week:,Wednesday,36.19,Grade Celsius,
565,826.72,W/m^2,14:16:18,28/6/17,Day of week:,Wednesday,36.25,Grade Celsius,
563,828.18,W/m^2,14:16:21,28/6/17,Day of week:,Wednesday,35.88,Grade Celsius,
574,823.80,W/m^2,14:16:24,28/6/17,Day of week:,Wednesday,35.69,Grade Celsius,
563,826.72,W/m^2,14:16:27,28/6/17,Day of week:,Wednesday,35.50,Grade Celsius,
564,831.10,W/m^2,14:16:30,28/6/17,Day of week:,Wednesday,35.63,Grade Celsius,
567,829.64,W/m^2,14:16:33,28/6/17,Day of week:,Wednesday,35.31,Grade Celsius,
567,828.18,W/m^2,14:16:36,28/6/17,Day of week:,Wednesday,35.25,Grade Celsius,
557,832.56,W/m^2,14:16:39,28/6/17,Day of week:,Wednesday,35.31,Grade Celsius,
562,823.80,W/m^2,14:16:43,28/6/17,Day of week:,Wednesday,35.06,Grade Celsius,
569,825.26,W/m^2,14:16:46,28/6/17,Day of week:,Wednesday,35.00,Grade Celsius,
561,822.34,W/m^2,14:16:49,28/6/17,Day of week:,Wednesday,35.25,Grade Celsius,
566,829.64,W/m^2,14:16:52,28/6/17,Day of week:,Wednesday,35.31,Grade Celsius,
576,826.72,W/m^2,14:16:55,28/6/17,Day of week:,Wednesday,35.25,Grade Celsius,
562,822.34,W/m^2,14:16:58,28/6/17,Day of week:,Wednesday,35.00,Grade Celsius,
553,826.72,W/m^2,14:17:01,28/6/17,Day of week:,Wednesday,35.00,Grade Celsius,
568,822.34,W/m^2,14:17:04,28/6/17,Day of week:,Wednesday,35.00,Grade Celsius,
562,842.79,W/m^2,14:17:07,28/6/17,Day of week:,Wednesday,34.94,Grade Celsius,
563,829.64,W/m^2,14:17:10,28/6/17,Day of week:,Wednesday,34.88,Grade Celsius,
557,809.19,W/m^2,14:17:13,28/6/17,Day of week:,Wednesday,35.13,Grade Celsius,
561,822.34,W/m^2,14:17:16,28/6/17,Day of week:,Wednesday,35.25,Grade Celsius,
562,816.50,W/m^2,14:17:19,28/6/17,Day of week:,Wednesday,35.50,Grade Celsius,
548,826.72,W/m^2,14:17:22,28/6/17,Day of week:,Wednesday,35.75,Grade Celsius,
567,832.56,W/m^2,14:17:25,28/6/17,Day of week:,Wednesday,35.94,Grade Celsius,
562,825.26,W/m^2,14:17:29,28/6/17,Day of week:,Wednesday,35.69,Grade Celsius,
564,828.18,W/m^2,14:17:32,28/6/17,Day of week:,Wednesday,35.75,Grade Celsius,
562,819.42,W/m^2,14:17:35,28/6/17,Day of week:,Wednesday,35.94,Grade Celsius,
573,822.34,W/m^2,14:17:38,28/6/17,Day of week:,Wednesday,35.94,Grade Celsius,
563,828.18,W/m^2,14:17:41,28/6/17,Day of week:,Wednesday,35.69,Grade Celsius,
562,823.80,W/m^2,14:17:44,28/6/17,Day of week:,Wednesday,35.44,Grade Celsius,
570,826.72,W/m^2,14:17:47,28/6/17,Day of week:,Wednesday,35.38,Grade Celsius,
562,823.80,W/m^2,14:17:50,28/6/17,Day of week:,Wednesday,35.44,Grade Celsius,
575,825.26,W/m^2,14:17:53,28/6/17,Day of week:,Wednesday,35.25,Grade Celsius,
549,834.03,W/m^2,14:17:56,28/6/17,Day of week:,Wednesday,35.31,Grade Celsius,
561,825.26,W/m^2,14:17:59,28/6/17,Day of week:,Wednesday,35.31,Grade Celsius,
571,832.56,W/m^2,14:18:02,28/6/17,Day of week:,Wednesday,35.50,Grade Celsius,
551,826.72,W/m^2,14:18:05,28/6/17,Day of week:,Wednesday,35.75,Grade Celsius,
564,828.18,W/m^2,14:18:08,28/6/17,Day of week:,Wednesday,36.00,Grade Celsius,
564,825.26,W/m^2,14:18:12,28/6/17,Day of week:,Wednesday,35.88,Grade Celsius,
561,822.34,W/m^2,14:18:15,28/6/17,Day of week:,Wednesday,35.63,Grade Celsius,
561,819.42,W/m^2,14:18:18,28/6/17,Day of week:,Wednesday,35.50,Grade Celsius,
557,822.34,W/m^2,14:18:21,28/6/17,Day of week:,Wednesday,35.56,Grade Celsius,
562,826.72,W/m^2,14:18:24,28/6/17,Day of week:,Wednesday,35.50,Grade Celsius,
565,819.42,W/m^2,14:18:27,28/6/17,Day of week:,Wednesday,35.75,Grade Celsius,
562,819.42,W/m^2,14:18:30,28/6/17,Day of week:,Wednesday,35.88,Grade Celsius,
560,820.88,W/m^2,14:18:33,28/6/17,Day of week:,Wednesday,35.81,Grade Celsius,
575,826.72,W/m^2,14:18:36,28/6/17,Day of week:,Wednesday,35.81,Grade Celsius,
562,820.88,W/m^2,14:18:39,28/6/17,Day of week:,Wednesday,36.00,Grade Celsius,
562,823.80,W/m^2,14:18:42,28/6/17,Day of week:,Wednesday,36.25,Grade Celsius,
565,825.26,W/m^2,14:18:45,28/6/17,Day of week:,Wednesday,36.50,Grade Celsius,
560,820.88,W/m^2,14:18:48,28/6/17,Day of week:,Wednesday,36.50,Grade Celsius,
560,820.88,W/m^2,14:18:51,28/6/17,Day of week:,Wednesday,36.50,Grade Celsius,
564,823.80,W/m^2,14:18:54,28/6/17,Day of week:,Wednesday,36.63,Grade Celsius,
550,823.80,W/m^2,14:18:58,28/6/17,Day of week:,Wednesday,36.63,Grade Celsius,
561,822.34,W/m^2,14:19:01,28/6/17,Day of week:,Wednesday,36.69,Grade Celsius,
562,815.04,W/m^2,14:19:04,28/6/17,Day of week:,Wednesday,36.81,Grade Celsius,
559,822.34,W/m^2,14:19:07,28/6/17,Day of week:,Wednesday,37.00,Grade Celsius,
564,823.80,W/m^2,14:19:10,28/6/17,Day of week:,Wednesday,36.88,Grade Celsius,
562,834.03,W/m^2,14:19:13,28/6/17,Day of week:,Wednesday,36.69,Grade Celsius,
546,819.42,W/m^2,14:19:16,28/6/17,Day of week:,Wednesday,36.50,Grade Celsius,
564,823.80,W/m^2,14:19:19,28/6/17,Day of week:,Wednesday,36.31,Grade Celsius,
562,823.80,W/m^2,14:19:22,28/6/17,Day of week:,Wednesday,36.31,Grade Celsius,
564,825.26,W/m^2,14:19:25,28/6/17,Day of week:,Wednesday,36.50,Grade Celsius,
553,822.34,W/m^2,14:19:28,28/6/17,Day of week:,Wednesday,36.44,Grade Celsius,
561,819.42,W/m^2,14:19:31,28/6/17,Day of week:,Wednesday,36.31,Grade Celsius,
558,806.27,W/m^2,14:19:34,28/6/17,Day of week:,Wednesday,36.44,Grade Celsius,
560,822.34,W/m^2,14:19:37,28/6/17,Day of week:,Wednesday,36.63,Grade Celsius,
563,825.26,W/m^2,14:19:41,28/6/17,Day of week:,Wednesday,36.25,Grade Celsius,
560,836.95,W/m^2,14:19:44,28/6/17,Day of week:,Wednesday,35.88,Grade Celsius,
562,823.80,W/m^2,14:19:47,28/6/17,Day of week:,Wednesday,35.75,Grade Celsius,
560,820.88,W/m^2,14:19:50,28/6/17,Day of week:,Wednesday,35.75,Grade Celsius,
559,828.18,W/m^2,14:19:53,28/6/17,Day of week:,Wednesday,35.88,Grade Celsius,
561,823.80,W/m^2,14:19:56,28/6/17,Day of week:,Wednesday,35.50,Grade Celsius,
555,822.34,W/m^2,14:19:59,28/6/17,Day of week:,Wednesday,35.63,Grade Celsius,
561,819.42,W/m^2,14:20:02,28/6/17,Day of week:,Wednesday,35.69,Grade Celsius,
561,819.42,W/m^2,14:20:05,28/6/17,Day of week:,Wednesday,35.81,Grade Celsius,
559,819.42,W/m^2,14:20:08,28/6/17,Day of week:,Wednesday,35.69,Grade Celsius,
559,820.88,W/m^2,14:20:11,28/6/17,Day of week:,Wednesday,35.31,Grade Celsius,
566,822.34,W/m^2,14:20:14,28/6/17,Day of week:,Wednesday,35.25,Grade Celsius,
561,823.80,W/m^2,14:20:17,28/6/17,Day of week:,Wednesday,35.19,Grade Celsius,
552,829.64,W/m^2,14:20:20,28/6/17,Day of week:,Wednesday,35.13,Grade Celsius,
563,810.66,W/m^2,14:20:23,28/6/17,Day of week:,Wednesday,35.00,Grade Celsius,
557,809.19,W/m^2,14:20:27,28/6/17,Day of week:,Wednesday,35.00,Grade Celsius,
560,816.50,W/m^2,14:20:30,28/6/17,Day of week:,Wednesday,34.94,Grade Celsius,
553,819.42,W/m^2,14:20:33,28/6/17,Day of week:,Wednesday,34.63,Grade Celsius,
559,819.42,W/m^2,14:20:36,28/6/17,Day of week:,Wednesday,34.69,Grade Celsius,
561,820.88,W/m^2,14:20:39,28/6/17,Day of week:,Wednesday,34.63,Grade Celsius,
560,822.34,W/m^2,14:20:42,28/6/17,Day of week:,Wednesday,34.75,Grade Celsius,
553,798.97,W/m^2,14:20:45,28/6/17,Day of week:,Wednesday,34.75,Grade Celsius,
552,822.34,W/m^2,14:20:48,28/6/17,Day of week:,Wednesday,34.69,Grade Celsius,
562,813.58,W/m^2,14:20:51,28/6/17,Day of week:,Wednesday,34.75,Grade Celsius,
561,809.19,W/m^2,14:20:54,28/6/17,Day of week:,Wednesday,34.94,Grade Celsius,
552,812.12,W/m^2,14:20:57,28/6/17,Day of week:,Wednesday,35.06,Grade Celsius,
560,820.88,W/m^2,14:21:00,28/6/17,Day of week:,Wednesday,35.13,Grade Celsius,
559,823.80,W/m^2,14:21:04,28/6/17,Day of week:,Wednesday,35.19,Grade Celsius,
561,826.72,W/m^2,14:21:07,28/6/17,Day of week:,Wednesday,35.31,Grade Celsius,
570,825.26,W/m^2,14:21:10,28/6/17,Day of week:,Wednesday,35.06,Grade Celsius,
559,816.50,W/m^2,14:21:13,28/6/17,Day of week:,Wednesday,35.13,Grade Celsius,
556,822.34,W/m^2,14:21:16,28/6/17,Day of week:,Wednesday,35.38,Grade Celsius,
558,822.34,W/m^2,14:21:19,28/6/17,Day of week:,Wednesday,35.19,Grade Celsius,
561,820.88,W/m^2,14:21:22,28/6/17,Day of week:,Wednesday,35.31,Grade Celsius,
546,819.42,W/m^2,14:21:25,28/6/17,Day of week:,Wednesday,35.38,Grade Celsius,
544,819.42,W/m^2,14:21:28,28/6/17,Day of week:,Wednesday,35.50,Grade Celsius,
565,820.88,W/m^2,14:21:31,28/6/17,Day of week:,Wednesday,35.56,Grade Celsius,
569,817.96,W/m^2,14:21:34,28/6/17,Day of week:,Wednesday,35.63,Grade Celsius,
561,825.26,W/m^2,14:21:37,28/6/17,Day of week:,Wednesday,35.75,Grade Celsius,
556,815.04,W/m^2,14:21:40,28/6/17,Day of week:,Wednesday,35.88,Grade Celsius,
575,822.34,W/m^2,14:21:43,28/6/17,Day of week:,Wednesday,36.00,Grade Celsius,
559,819.42,W/m^2,14:21:46,28/6/17,Day of week:,Wednesday,36.06,Grade Celsius,
560,832.56,W/m^2,14:21:50,28/6/17,Day of week:,Wednesday,36.13,Grade Celsius,
559,812.12,W/m^2,14:21:53,28/6/17,Day of week:,Wednesday,36.13,Grade Celsius,
552,816.50,W/m^2,14:21:56,28/6/17,Day of week:,Wednesday,36.19,Grade Celsius,
560,817.96,W/m^2,14:21:59,28/6/17,Day of week:,Wednesday,36.25,Grade Celsius,
559,816.50,W/m^2,14:22:02,28/6/17,Day of week:,Wednesday,36.25,Grade Celsius,
566,803.35,W/m^2,14:22:05,28/6/17,Day of week:,Wednesday,36.13,Grade Celsius,
557,817.96,W/m^2,14:22:08,28/6/17,Day of week:,Wednesday,36.00,Grade Celsius,
558,819.42,W/m^2,14:22:11,28/6/17,Day of week:,Wednesday,36.00,Grade Celsius,
558,816.50,W/m^2,14:22:14,28/6/17,Day of week:,Wednesday,35.94,Grade Celsius,
558,816.50,W/m^2,14:22:17,28/6/17,Day of week:,Wednesday,35.75,Grade Celsius,
559,819.42,W/m^2,14:22:20,28/6/17,Day of week:,Wednesday,35.81,Grade Celsius,
561,819.42,W/m^2,14:22:23,28/6/17,Day of week:,Wednesday,35.88,Grade Celsius,
557,816.50,W/m^2,14:22:26,28/6/17,Day of week:,Wednesday,35.81,Grade Celsius,
559,816.50,W/m^2,14:22:29,28/6/17,Day of week:,Wednesday,35.75,Grade Celsius,
562,819.42,W/m^2,14:22:32,28/6/17,Day of week:,Wednesday,35.81,Grade Celsius,
560,820.88,W/m^2,14:22:36,28/6/17,Day of week:,Wednesday,35.75,Grade Celsius,
556,817.96,W/m^2,14:22:39,28/6/17,Day of week:,Wednesday,35.81,Grade Celsius,
557,813.58,W/m^2,14:22:42,28/6/17,Day of week:,Wednesday,35.75,Grade Celsius,
558,803.35,W/m^2,14:22:45,28/6/17,Day of week:,Wednesday,35.63,Grade Celsius,
558,819.42,W/m^2,14:22:48,28/6/17,Day of week:,Wednesday,35.56,Grade Celsius,
568,825.26,W/m^2,14:22:51,28/6/17,Day of week:,Wednesday,35.63,Grade Celsius,
561,817.96,W/m^2,14:22:54,28/6/17,Day of week:,Wednesday,35.50,Grade Celsius,
560,819.42,W/m^2,14:22:57,28/6/17,Day of week:,Wednesday,35.44,Grade Celsius,
559,817.96,W/m^2,14:23:00,28/6/17,Day of week:,Wednesday,35.38,Grade Celsius,
558,817.96,W/m^2,14:23:03,28/6/17,Day of week:,Wednesday,35.38,Grade Celsius,
557,816.50,W/m^2,14:23:06,28/6/17,Day of week:,Wednesday,35.44,Grade Celsius,
552,825.26,W/m^2,14:23:09,28/6/17,Day of week:,Wednesday,35.63,Grade Celsius,
553,820.88,W/m^2,14:23:12,28/6/17,Day of week:,Wednesday,35.63,Grade Celsius,
557,817.96,W/m^2,14:23:15,28/6/17,Day of week:,Wednesday,35.88,Grade Celsius,
558,826.72,W/m^2,14:23:18,28/6/17,Day of week:,Wednesday,35.88,Grade Celsius,
558,829.64,W/m^2,14:23:22,28/6/17,Day of week:,Wednesday,35.81,Grade Celsius,
560,819.42,W/m^2,14:23:25,28/6/17,Day of week:,Wednesday,35.63,Grade Celsius,
558,816.50,W/m^2,14:23:28,28/6/17,Day of week:,Wednesday,35.50,Grade Celsius,
557,819.42,W/m^2,14:23:31,28/6/17,Day of week:,Wednesday,35.25,Grade Celsius,
559,806.27,W/m^2,14:23:34,28/6/17,Day of week:,Wednesday,35.19,Grade Celsius,
559,816.50,W/m^2,14:23:37,28/6/17,Day of week:,Wednesday,34.88,Grade Celsius,
550,835.49,W/m^2,14:23:40,28/6/17,Day of week:,Wednesday,34.63,Grade Celsius,
559,817.96,W/m^2,14:23:43,28/6/17,Day of week:,Wednesday,34.38,Grade Celsius,
565,816.50,W/m^2,14:23:46,28/6/17,Day of week:,Wednesday,34.38,Grade Celsius,
558,813.58,W/m^2,14:23:49,28/6/17,Day of week:,Wednesday,34.50,Grade Celsius,
559,823.80,W/m^2,14:23:52,28/6/17,Day of week:,Wednesday,34.75,Grade Celsius,
558,816.50,W/m^2,14:23:55,28/6/17,Day of week:,Wednesday,34.94,Grade Celsius,
559,819.42,W/m^2,14:23:58,28/6/17,Day of week:,Wednesday,35.19,Grade Celsius,
555,816.50,W/m^2,14:24:01,28/6/17,Day of week:,Wednesday,35.44,Grade Celsius,
568,819.42,W/m^2,14:24:05,28/6/17,Day of week:,Wednesday,35.56,Grade Celsius,
560,820.88,W/m^2,14:24:08,28/6/17,Day of week:,Wednesday,35.81,Grade Celsius,
560,819.42,W/m^2,14:24:11,28/6/17,Day of week:,Wednesday,36.06,Grade Celsius,
557,796.05,W/m^2,14:24:14,28/6/17,Day of week:,Wednesday,36.13,Grade Celsius,
557,819.42,W/m^2,14:24:17,28/6/17,Day of week:,Wednesday,36.31,Grade Celsius,
558,817.96,W/m^2,14:24:20,28/6/17,Day of week:,Wednesday,36.19,Grade Celsius,
558,816.50,W/m^2,14:24:23,28/6/17,Day of week:,Wednesday,36.25,Grade Celsius,
558,816.50,W/m^2,14:24:26,28/6/17,Day of week:,Wednesday,36.13,Grade Celsius,
550,819.42,W/m^2,14:24:29,28/6/17,Day of week:,Wednesday,36.25,Grade Celsius,
560,810.66,W/m^2,14:24:32,28/6/17,Day of week:,Wednesday,35.94,Grade Celsius,
558,817.96,W/m^2,14:24:35,28/6/17,Day of week:,Wednesday,35.88,Grade Celsius,
558,816.50,W/m^2,14:24:38,28/6/17,Day of week:,Wednesday,35.88,Grade Celsius,
559,803.35,W/m^2,14:24:41,28/6/17,Day of week:,Wednesday,36.00,Grade Celsius,
552,819.42,W/m^2,14:24:44,28/6/17,Day of week:,Wednesday,35.94,Grade Celsius,
554,820.88,W/m^2,14:24:48,28/6/17,Day of week:,Wednesday,35.81,Grade Celsius,
562,816.50,W/m^2,14:24:51,28/6/17,Day of week:,Wednesday,36.06,Grade Celsius,
558,822.34,W/m^2,14:24:54,28/6/17,Day of week:,Wednesday,36.19,Grade Celsius,
559,819.42,W/m^2,14:24:57,28/6/17,Day of week:,Wednesday,35.88,Grade Celsius,
543,816.50,W/m^2,14:25:00,28/6/17,Day of week:,Wednesday,35.81,Grade Celsius,
555,816.50,W/m^2,14:25:03,28/6/17,Day of week:,Wednesday,35.75,Grade Celsius,
549,813.58,W/m^2,14:25:06,28/6/17,Day of week:,Wednesday,35.88,Grade Celsius,
558,817.96,W/m^2,14:25:09,28/6/17,Day of week:,Wednesday,36.00,Grade Celsius,
556,819.42,W/m^2,14:25:12,28/6/17,Day of week:,Wednesday,36.06,Grade Celsius,
556,801.89,W/m^2,14:25:15,28/6/17,Day of week:,Wednesday,36.13,Grade Celsius,
559,819.42,W/m^2,14:25:18,28/6/17,Day of week:,Wednesday,36.19,Grade Celsius,
559,819.42,W/m^2,14:25:21,28/6/17,Day of week:,Wednesday,36.19,Grade Celsius,
559,816.50,W/m^2,14:25:24,28/6/17,Day of week:,Wednesday,36.19,Grade Celsius,
556,816.50,W/m^2,14:25:27,28/6/17,Day of week:,Wednesday,36.31,Grade Celsius,
558,816.50,W/m^2,14:25:30,28/6/17,Day of week:,Wednesday,36.50,Grade Celsius,
546,816.50,W/m^2,14:25:34,28/6/17,Day of week:,Wednesday,36.31,Grade Celsius,
556,816.50,W/m^2,14:25:37,28/6/17,Day of week:,Wednesday,36.31,Grade Celsius,
557,817.96,W/m^2,14:25:40,28/6/17,Day of week:,Wednesday,36.44,Grade Celsius,
560,817.96,W/m^2,14:25:43,28/6/17,Day of week:,Wednesday,36.44,Grade Celsius,
558,825.26,W/m^2,14:25:46,28/6/17,Day of week:,Wednesday,36.44,Grade Celsius,
546,815.04,W/m^2,14:25:49,28/6/17,Day of week:,Wednesday,36.44,Grade Celsius,
558,817.96,W/m^2,14:25:52,28/6/17,Day of week:,Wednesday,36.56,Grade Celsius,
559,815.04,W/m^2,14:25:55,28/6/17,Day of week:,Wednesday,36.63,Grade Celsius,
556,801.89,W/m^2,14:25:58,28/6/17,Day of week:,Wednesday,36.50,Grade Celsius,
557,815.04,W/m^2,14:26:01,28/6/17,Day of week:,Wednesday,36.75,Grade Celsius,
559,801.89,W/m^2,14:26:04,28/6/17,Day of week:,Wednesday,36.50,Grade Celsius,
541,793.13,W/m^2,14:26:07,28/6/17,Day of week:,Wednesday,36.06,Grade Celsius,
551,829.64,W/m^2,14:26:10,28/6/17,Day of week:,Wednesday,36.06,Grade Celsius,
560,798.97,W/m^2,14:26:13,28/6/17,Day of week:,Wednesday,36.00,Grade Celsius,
559,813.58,W/m^2,14:26:17,28/6/17,Day of week:,Wednesday,36.19,Grade Celsius,
555,813.58,W/m^2,14:26:20,28/6/17,Day of week:,Wednesday,35.81,Grade Celsius,
554,816.50,W/m^2,14:26:23,28/6/17,Day of week:,Wednesday,35.50,Grade Celsius,
558,819.42,W/m^2,14:26:26,28/6/17,Day of week:,Wednesday,35.50,Grade Celsius,
555,815.04,W/m^2,14:26:29,28/6/17,Day of week:,Wednesday,35.56,Grade Celsius,
555,820.88,W/m^2,14:26:32,28/6/17,Day of week:,Wednesday,35.63,Grade Celsius,
558,816.50,W/m^2,14:26:35,28/6/17,Day of week:,Wednesday,35.38,Grade Celsius,
554,815.04,W/m^2,14:26:38,28/6/17,Day of week:,Wednesday,35.25,Grade Celsius,
552,813.58,W/m^2,14:26:41,28/6/17,Day of week:,Wednesday,35.00,Grade Celsius,
556,819.42,W/m^2,14:26:44,28/6/17,Day of week:,Wednesday,34.88,Grade Celsius,
557,813.58,W/m^2,14:26:47,28/6/17,Day of week:,Wednesday,34.69,Grade Celsius,
554,815.04,W/m^2,14:26:50,28/6/17,Day of week:,Wednesday,34.44,Grade Celsius,
565,816.50,W/m^2,14:26:53,28/6/17,Day of week:,Wednesday,34.63,Grade Celsius,
563,816.50,W/m^2,14:26:56,28/6/17,Day of week:,Wednesday,34.63,Grade Celsius,
553,812.12,W/m^2,14:26:59,28/6/17,Day of week:,Wednesday,34.94,Grade Celsius,
550,816.50,W/m^2,14:27:03,28/6/17,Day of week:,Wednesday,35.13,Grade Celsius,
556,806.27,W/m^2,14:27:06,28/6/17,Day of week:,Wednesday,34.94,Grade Celsius,
554,815.04,W/m^2,14:27:09,28/6/17,Day of week:,Wednesday,34.94,Grade Celsius,
555,813.58,W/m^2,14:27:12,28/6/17,Day of week:,Wednesday,34.88,Grade Celsius,
545,815.04,W/m^2,14:27:15,28/6/17,Day of week:,Wednesday,35.00,Grade Celsius,
556,813.58,W/m^2,14:27:18,28/6/17,Day of week:,Wednesday,35.00,Grade Celsius,
556,816.50,W/m^2,14:27:21,28/6/17,Day of week:,Wednesday,34.88,Grade Celsius,
554,825.26,W/m^2,14:27:24,28/6/17,Day of week:,Wednesday,35.13,Grade Celsius,
557,815.04,W/m^2,14:27:27,28/6/17,Day of week:,Wednesday,35.13,Grade Celsius,
558,820.88,W/m^2,14:27:30,28/6/17,Day of week:,Wednesday,35.13,Grade Celsius,
555,815.04,W/m^2,14:27:33,28/6/17,Day of week:,Wednesday,35.13,Grade Celsius,
556,813.58,W/m^2,14:27:36,28/6/17,Day of week:,Wednesday,35.00,Grade Celsius,
542,813.58,W/m^2,14:27:39,28/6/17,Day of week:,Wednesday,35.06,Grade Celsius,
567,807.73,W/m^2,14:27:42,28/6/17,Day of week:,Wednesday,34.94,Grade Celsius,
554,812.12,W/m^2,14:27:46,28/6/17,Day of week:,Wednesday,35.19,Grade Celsius,
555,815.04,W/m^2,14:27:49,28/6/17,Day of week:,Wednesday,35.06,Grade Celsius,
559,815.04,W/m^2,14:27:52,28/6/17,Day of week:,Wednesday,34.81,Grade Celsius,
552,825.26,W/m^2,14:27:55,28/6/17,Day of week:,Wednesday,34.63,Grade Celsius,
555,815.04,W/m^2,14:27:58,28/6/17,Day of week:,Wednesday,34.56,Grade Celsius,
543,804.81,W/m^2,14:28:01,28/6/17,Day of week:,Wednesday,34.56,Grade Celsius,
556,813.58,W/m^2,14:28:04,28/6/17,Day of week:,Wednesday,34.63,Grade Celsius,
551,810.66,W/m^2,14:28:07,28/6/17,Day of week:,Wednesday,34.69,Grade Celsius,
568,815.04,W/m^2,14:28:10,28/6/17,Day of week:,Wednesday,34.63,Grade Celsius,
557,812.12,W/m^2,14:28:13,28/6/17,Day of week:,Wednesday,34.50,Grade Celsius,
554,810.66,W/m^2,14:28:16,28/6/17,Day of week:,Wednesday,34.50,Grade Celsius,
555,804.81,W/m^2,14:28:19,28/6/17,Day of week:,Wednesday,34.50,Grade Celsius,
553,810.66,W/m^2,14:28:22,28/6/17,Day of week:,Wednesday,34.81,Grade Celsius,
555,813.58,W/m^2,14:28:25,28/6/17,Day of week:,Wednesday,35.00,Grade Celsius,
555,813.58,W/m^2,14:28:28,28/6/17,Day of week:,Wednesday,35.25,Grade Celsius,
567,813.58,W/m^2,14:28:32,28/6/17,Day of week:,Wednesday,35.50,Grade Celsius,
555,816.50,W/m^2,14:28:35,28/6/17,Day of week:,Wednesday,35.69,Grade Celsius,
555,815.04,W/m^2,14:28:38,28/6/17,Day of week:,Wednesday,35.88,Grade Celsius,
556,813.58,W/m^2,14:28:41,28/6/17,Day of week:,Wednesday,36.13,Grade Celsius,
543,806.27,W/m^2,14:28:44,28/6/17,Day of week:,Wednesday,36.31,Grade Celsius,
562,816.50,W/m^2,14:28:47,28/6/17,Day of week:,Wednesday,36.56,Grade Celsius,
566,812.12,W/m^2,14:28:50,28/6/17,Day of week:,Wednesday,36.69,Grade Celsius,
555,813.58,W/m^2,14:28:53,28/6/17,Day of week:,Wednesday,36.75,Grade Celsius,
554,793.13,W/m^2,14:28:56,28/6/17,Day of week:,Wednesday,36.81,Grade Celsius,
554,813.58,W/m^2,14:28:59,28/6/17,Day of week:,Wednesday,36.88,Grade Celsius,
556,831.10,W/m^2,14:29:02,28/6/17,Day of week:,Wednesday,36.94,Grade Celsius,
554,810.66,W/m^2,14:29:05,28/6/17,Day of week:,Wednesday,36.94,Grade Celsius,
553,817.96,W/m^2,14:29:08,28/6/17,Day of week:,Wednesday,37.06,Grade Celsius,
554,813.58,W/m^2,14:29:11,28/6/17,Day of week:,Wednesday,37.13,Grade Celsius,
554,812.12,W/m^2,14:29:15,28/6/17,Day of week:,Wednesday,37.13,Grade Celsius,
554,812.12,W/m^2,14:29:18,28/6/17,Day of week:,Wednesday,37.13,Grade Celsius,
553,816.50,W/m^2,14:29:21,28/6/17,Day of week:,Wednesday,37.25,Grade Celsius,
553,813.58,W/m^2,14:29:24,28/6/17,Day of week:,Wednesday,37.38,Grade Celsius,
556,813.58,W/m^2,14:29:27,28/6/17,Day of week:,Wednesday,37.50,Grade Celsius,
554,820.88,W/m^2,14:29:30,28/6/17,Day of week:,Wednesday,37.69,Grade Celsius,
555,796.05,W/m^2,14:29:33,28/6/17,Day of week:,Wednesday,37.50,Grade Celsius,
556,813.58,W/m^2,14:29:36,28/6/17,Day of week:,Wednesday,37.38,Grade Celsius,
555,812.12,W/m^2,14:29:39,28/6/17,Day of week:,Wednesday,37.63,Grade Celsius,
553,812.12,W/m^2,14:29:42,28/6/17,Day of week:,Wednesday,37.69,Grade Celsius,
562,812.12,W/m^2,14:29:45,28/6/17,Day of week:,Wednesday,37.75,Grade Celsius,
556,813.58,W/m^2,14:29:48,28/6/17,Day of week:,Wednesday,37.63,Grade Celsius,
554,801.89,W/m^2,14:29:51,28/6/17,Day of week:,Wednesday,37.44,Grade Celsius,
555,815.04,W/m^2,14:29:54,28/6/17,Day of week:,Wednesday,37.25,Grade Celsius,
556,813.58,W/m^2,14:29:57,28/6/17,Day of week:,Wednesday,37.06,Grade Celsius,
567,817.96,W/m^2,14:30:01,28/6/17,Day of week:,Wednesday,37.00,Grade Celsius,
553,813.58,W/m^2,14:30:04,28/6/17,Day of week:,Wednesday,36.88,Grade Celsius,
554,816.50,W/m^2,14:30:07,28/6/17,Day of week:,Wednesday,36.75,Grade Celsius,
557,812.12,W/m^2,14:30:10,28/6/17,Day of week:,Wednesday,36.75,Grade Celsius,
546,819.42,W/m^2,14:30:13,28/6/17,Day of week:,Wednesday,36.81,Grade Celsius,
556,816.50,W/m^2,14:30:16,28/6/17,Day of week:,Wednesday,36.88,Grade Celsius,
546,806.27,W/m^2,14:30:19,28/6/17,Day of week:,Wednesday,37.00,Grade Celsius,
556,809.19,W/m^2,14:30:22,28/6/17,Day of week:,Wednesday,36.81,Grade Celsius,
553,815.04,W/m^2,14:30:25,28/6/17,Day of week:,Wednesday,36.56,Grade Celsius,
556,820.88,W/m^2,14:30:28,28/6/17,Day of week:,Wednesday,36.38,Grade Celsius,
555,813.58,W/m^2,14:30:31,28/6/17,Day of week:,Wednesday,36.13,Grade Celsius,
553,813.58,W/m^2,14:30:34,28/6/17,Day of week:,Wednesday,35.88,Grade Celsius,
556,813.58,W/m^2,14:30:37,28/6/17,Day of week:,Wednesday,36.00,Grade Celsius,
555,815.04,W/m^2,14:30:40,28/6/17,Day of week:,Wednesday,36.00,Grade Celsius,
547,815.04,W/m^2,14:30:43,28/6/17,Day of week:,Wednesday,35.81,Grade Celsius,
544,815.04,W/m^2,14:30:47,28/6/17,Day of week:,Wednesday,35.81,Grade Celsius,
556,807.73,W/m^2,14:30:50,28/6/17,Day of week:,Wednesday,35.94,Grade Celsius,
550,810.66,W/m^2,14:30:53,28/6/17,Day of week:,Wednesday,36.13,Grade Celsius,
553,812.12,W/m^2,14:30:56,28/6/17,Day of week:,Wednesday,36.19,Grade Celsius,
551,810.66,W/m^2,14:30:59,28/6/17,Day of week:,Wednesday,36.19,Grade Celsius,
554,813.58,W/m^2,14:31:02,28/6/17,Day of week:,Wednesday,36.19,Grade Celsius,
556,812.12,W/m^2,14:31:05,28/6/17,Day of week:,Wednesday,36.25,Grade Celsius,
556,812.12,W/m^2,14:31:08,28/6/17,Day of week:,Wednesday,36.25,Grade Celsius,
554,797.51,W/m^2,14:31:11,28/6/17,Day of week:,Wednesday,36.38,Grade Celsius,
553,812.12,W/m^2,14:31:14,28/6/17,Day of week:,Wednesday,36.56,Grade Celsius,
556,813.58,W/m^2,14:31:17,28/6/17,Day of week:,Wednesday,36.75,Grade Celsius,
554,815.04,W/m^2,14:31:20,28/6/17,Day of week:,Wednesday,37.00,Grade Celsius,
556,815.04,W/m^2,14:31:24,28/6/17,Day of week:,Wednesday,36.69,Grade Celsius,
557,803.35,W/m^2,14:31:27,28/6/17,Day of week:,Wednesday,36.69,Grade Celsius,
549,809.19,W/m^2,14:31:30,28/6/17,Day of week:,Wednesday,36.19,Grade Celsius,
554,815.04,W/m^2,14:31:33,28/6/17,Day of week:,Wednesday,35.81,Grade Celsius,
556,812.12,W/m^2,14:31:36,28/6/17,Day of week:,Wednesday,35.38,Grade Celsius,
542,813.58,W/m^2,14:31:39,28/6/17,Day of week:,Wednesday,35.25,Grade Celsius,
543,810.66,W/m^2,14:31:42,28/6/17,Day of week:,Wednesday,35.25,Grade Celsius,
544,822.34,W/m^2,14:31:45,28/6/17,Day of week:,Wednesday,35.25,Grade Celsius,
556,815.04,W/m^2,14:31:48,28/6/17,Day of week:,Wednesday,35.13,Grade Celsius,
554,826.72,W/m^2,14:31:51,28/6/17,Day of week:,Wednesday,35.13,Grade Celsius,
555,816.50,W/m^2,14:31:54,28/6/17,Day of week:,Wednesday,34.63,Grade Celsius,
555,813.58,W/m^2,14:31:57,28/6/17,Day of week:,Wednesday,34.69,Grade Celsius,
554,813.58,W/m^2,14:32:00,28/6/17,Day of week:,Wednesday,34.44,Grade Celsius,
559,812.12,W/m^2,14:32:03,28/6/17,Day of week:,Wednesday,34.38,Grade Celsius,
554,815.04,W/m^2,14:32:07,28/6/17,Day of week:,Wednesday,34.38,Grade Celsius,
553,798.97,W/m^2,14:32:10,28/6/17,Day of week:,Wednesday,34.44,Grade Celsius,
551,809.19,W/m^2,14:32:13,28/6/17,Day of week:,Wednesday,34.31,Grade Celsius,
553,812.12,W/m^2,14:32:16,28/6/17,Day of week:,Wednesday,34.31,Grade Celsius,
553,812.12,W/m^2,14:32:19,28/6/17,Day of week:,Wednesday,34.38,Grade Celsius,
554,794.59,W/m^2,14:32:22,28/6/17,Day of week:,Wednesday,34.50,Grade Celsius,
562,812.12,W/m^2,14:32:25,28/6/17,Day of week:,Wednesday,34.63,Grade Celsius,
554,813.58,W/m^2,14:32:28,28/6/17,Day of week:,Wednesday,34.75,Grade Celsius,
556,831.10,W/m^2,14:32:31,28/6/17,Day of week:,Wednesday,35.00,Grade Celsius,
554,812.12,W/m^2,14:32:34,28/6/17,Day of week:,Wednesday,35.25,Grade Celsius,
553,809.19,W/m^2,14:32:37,28/6/17,Day of week:,Wednesday,35.44,Grade Celsius,
560,810.66,W/m^2,14:32:40,28/6/17,Day of week:,Wednesday,35.75,Grade Celsius,
542,812.12,W/m^2,14:32:43,28/6/17,Day of week:,Wednesday,35.94,Grade Celsius,
556,815.04,W/m^2,14:32:46,28/6/17,Day of week:,Wednesday,36.00,Grade Celsius,
555,810.66,W/m^2,14:32:49,28/6/17,Day of week:,Wednesday,36.13,Grade Celsius,
553,812.12,W/m^2,14:32:53,28/6/17,Day of week:,Wednesday,36.19,Grade Celsius,
551,812.12,W/m^2,14:32:56,28/6/17,Day of week:,Wednesday,36.13,Grade Celsius,
552,810.66,W/m^2,14:32:59,28/6/17,Day of week:,Wednesday,36.00,Grade Celsius,
559,819.42,W/m^2,14:33:02,28/6/17,Day of week:,Wednesday,36.00,Grade Celsius,
553,807.73,W/m^2,14:33:05,28/6/17,Day of week:,Wednesday,36.00,Grade Celsius,
553,810.66,W/m^2,14:33:08,28/6/17,Day of week:,Wednesday,36.00,Grade Celsius,
550,815.04,W/m^2,14:33:11,28/6/17,Day of week:,Wednesday,36.00,Grade Celsius,
554,813.58,W/m^2,14:33:14,28/6/17,Day of week:,Wednesday,36.00,Grade Celsius,
553,810.66,W/m^2,14:33:17,28/6/17,Day of week:,Wednesday,36.13,Grade Celsius,
553,816.50,W/m^2,14:33:20,28/6/17,Day of week:,Wednesday,36.31,Grade Celsius,
553,810.66,W/m^2,14:33:23,28/6/17,Day of week:,Wednesday,36.50,Grade Celsius,
559,815.04,W/m^2,14:33:26,28/6/17,Day of week:,Wednesday,36.69,Grade Celsius,
556,806.27,W/m^2,14:33:29,28/6/17,Day of week:,Wednesday,36.75,Grade Celsius,
552,807.73,W/m^2,14:33:32,28/6/17,Day of week:,Wednesday,36.88,Grade Celsius,
552,829.64,W/m^2,14:33:35,28/6/17,Day of week:,Wednesday,37.00,Grade Celsius,
554,815.04,W/m^2,14:33:39,28/6/17,Day of week:,Wednesday,36.81,Grade Celsius,
553,796.05,W/m^2,14:33:42,28/6/17,Day of week:,Wednesday,36.81,Grade Celsius,
566,822.34,W/m^2,14:33:45,28/6/17,Day of week:,Wednesday,36.75,Grade Celsius,
551,832.56,W/m^2,14:33:48,28/6/17,Day of week:,Wednesday,37.06,Grade Celsius,
567,810.66,W/m^2,14:33:51,28/6/17,Day of week:,Wednesday,37.19,Grade Celsius,
552,809.19,W/m^2,14:33:54,28/6/17,Day of week:,Wednesday,37.19,Grade Celsius,
553,810.66,W/m^2,14:33:57,28/6/17,Day of week:,Wednesday,37.06,Grade Celsius,
553,809.19,W/m^2,14:34:00,28/6/17,Day of week:,Wednesday,37.25,Grade Celsius,
556,822.34,W/m^2,14:34:03,28/6/17,Day of week:,Wednesday,36.63,Grade Celsius,
553,810.66,W/m^2,14:34:06,28/6/17,Day of week:,Wednesday,36.56,Grade Celsius,
551,804.81,W/m^2,14:34:09,28/6/17,Day of week:,Wednesday,36.25,Grade Celsius,
554,812.12,W/m^2,14:34:12,28/6/17,Day of week:,Wednesday,36.06,Grade Celsius,
556,815.04,W/m^2,14:34:15,28/6/17,Day of week:,Wednesday,35.94,Grade Celsius,
553,809.19,W/m^2,14:34:18,28/6/17,Day of week:,Wednesday,35.88,Grade Celsius,
551,809.19,W/m^2,14:34:22,28/6/17,Day of week:,Wednesday,35.63,Grade Celsius,
554,813.58,W/m^2,14:34:25,28/6/17,Day of week:,Wednesday,35.50,Grade Celsius,
556,812.12,W/m^2,14:34:28,28/6/17,Day of week:,Wednesday,35.25,Grade Celsius,
551,807.73,W/m^2,14:34:31,28/6/17,Day of week:,Wednesday,35.00,Grade Celsius,
552,810.66,W/m^2,14:34:34,28/6/17,Day of week:,Wednesday,35.13,Grade Celsius,
554,810.66,W/m^2,14:34:37,28/6/17,Day of week:,Wednesday,35.13,Grade Celsius,
542,793.13,W/m^2,14:34:40,28/6/17,Day of week:,Wednesday,35.31,Grade Celsius,
555,810.66,W/m^2,14:34:43,28/6/17,Day of week:,Wednesday,35.31,Grade Celsius,
552,809.19,W/m^2,14:34:46,28/6/17,Day of week:,Wednesday,35.38,Grade Celsius,
553,810.66,W/m^2,14:34:49,28/6/17,Day of week:,Wednesday,35.50,Grade Celsius,
554,807.73,W/m^2,14:34:52,28/6/17,Day of week:,Wednesday,35.56,Grade Celsius,
551,804.81,W/m^2,14:34:55,28/6/17,Day of week:,Wednesday,35.44,Grade Celsius,
552,816.50,W/m^2,14:34:58,28/6/17,Day of week:,Wednesday,35.19,Grade Celsius,
551,810.66,W/m^2,14:35:01,28/6/17,Day of week:,Wednesday,35.00,Grade Celsius,
560,815.04,W/m^2,14:35:04,28/6/17,Day of week:,Wednesday,35.00,Grade Celsius,
554,812.12,W/m^2,14:35:08,28/6/17,Day of week:,Wednesday,34.75,Grade Celsius,
546,806.27,W/m^2,14:35:11,28/6/17,Day of week:,Wednesday,34.63,Grade Celsius,
552,809.19,W/m^2,14:35:14,28/6/17,Day of week:,Wednesday,34.50,Grade Celsius,
557,810.66,W/m^2,14:35:17,28/6/17,Day of week:,Wednesday,34.81,Grade Celsius,
549,829.64,W/m^2,14:35:20,28/6/17,Day of week:,Wednesday,34.81,Grade Celsius,
553,810.66,W/m^2,14:35:23,28/6/17,Day of week:,Wednesday,34.81,Grade Celsius,
559,816.50,W/m^2,14:35:26,28/6/17,Day of week:,Wednesday,34.81,Grade Celsius,
553,812.12,W/m^2,14:35:29,28/6/17,Day of week:,Wednesday,34.81,Grade Celsius,
553,809.19,W/m^2,14:35:32,28/6/17,Day of week:,Wednesday,34.88,Grade Celsius,
550,809.19,W/m^2,14:35:35,28/6/17,Day of week:,Wednesday,35.00,Grade Celsius,
550,806.27,W/m^2,14:35:38,28/6/17,Day of week:,Wednesday,35.13,Grade Celsius,
549,815.04,W/m^2,14:35:41,28/6/17,Day of week:,Wednesday,35.31,Grade Celsius,
553,813.58,W/m^2,14:35:44,28/6/17,Day of week:,Wednesday,35.31,Grade Celsius,
555,787.28,W/m^2,14:35:47,28/6/17,Day of week:,Wednesday,35.31,Grade Celsius,
551,809.19,W/m^2,14:35:51,28/6/17,Day of week:,Wednesday,35.38,Grade Celsius,
553,810.66,W/m^2,14:35:54,28/6/17,Day of week:,Wednesday,35.25,Grade Celsius,
550,806.27,W/m^2,14:35:57,28/6/17,Day of week:,Wednesday,35.38,Grade Celsius,
552,809.19,W/m^2,14:36:00,28/6/17,Day of week:,Wednesday,35.38,Grade Celsius,
552,806.27,W/m^2,14:36:03,28/6/17,Day of week:,Wednesday,35.13,Grade Celsius,
553,812.12,W/m^2,14:36:06,28/6/17,Day of week:,Wednesday,35.19,Grade Celsius,
550,812.12,W/m^2,14:36:09,28/6/17,Day of week:,Wednesday,35.06,Grade Celsius,
551,810.66,W/m^2,14:36:12,28/6/17,Day of week:,Wednesday,34.94,Grade Celsius,
554,817.96,W/m^2,14:36:15,28/6/17,Day of week:,Wednesday,35.19,Grade Celsius,
550,809.19,W/m^2,14:36:18,28/6/17,Day of week:,Wednesday,35.38,Grade Celsius,
553,812.12,W/m^2,14:36:21,28/6/17,Day of week:,Wednesday,35.63,Grade Celsius,
550,807.73,W/m^2,14:36:24,28/6/17,Day of week:,Wednesday,35.88,Grade Celsius,
556,812.12,W/m^2,14:36:27,28/6/17,Day of week:,Wednesday,35.94,Grade Celsius,
551,804.81,W/m^2,14:36:30,28/6/17,Day of week:,Wednesday,36.13,Grade Celsius,
547,804.81,W/m^2,14:36:33,28/6/17,Day of week:,Wednesday,36.25,Grade Celsius,
552,809.19,W/m^2,14:36:37,28/6/17,Day of week:,Wednesday,36.19,Grade Celsius,
543,803.35,W/m^2,14:36:40,28/6/17,Day of week:,Wednesday,36.13,Grade Celsius,
549,804.81,W/m^2,14:36:43,28/6/17,Day of week:,Wednesday,36.19,Grade Celsius,
552,807.73,W/m^2,14:36:46,28/6/17,Day of week:,Wednesday,36.25,Grade Celsius,
547,804.81,W/m^2,14:36:49,28/6/17,Day of week:,Wednesday,36.25,Grade Celsius,
549,804.81,W/m^2,14:36:52,28/6/17,Day of week:,Wednesday,36.44,Grade Celsius,
551,800.43,W/m^2,14:36:55,28/6/17,Day of week:,Wednesday,36.44,Grade Celsius,
552,810.66,W/m^2,14:36:58,28/6/17,Day of week:,Wednesday,36.63,Grade Celsius,
550,804.81,W/m^2,14:37:01,28/6/17,Day of week:,Wednesday,36.75,Grade Celsius,
548,804.81,W/m^2,14:37:04,28/6/17,Day of week:,Wednesday,36.94,Grade Celsius,
550,797.51,W/m^2,14:37:07,28/6/17,Day of week:,Wednesday,37.19,Grade Celsius,
555,809.19,W/m^2,14:37:10,28/6/17,Day of week:,Wednesday,37.44,Grade Celsius,
549,803.35,W/m^2,14:37:13,28/6/17,Day of week:,Wednesday,37.38,Grade Celsius,
550,816.50,W/m^2,14:37:16,28/6/17,Day of week:,Wednesday,37.63,Grade Celsius,
549,804.81,W/m^2,14:37:20,28/6/17,Day of week:,Wednesday,37.63,Grade Celsius,
551,804.81,W/m^2,14:37:23,28/6/17,Day of week:,Wednesday,37.50,Grade Celsius,
551,788.75,W/m^2,14:37:26,28/6/17,Day of week:,Wednesday,37.13,Grade Celsius,
549,785.82,W/m^2,14:37:29,28/6/17,Day of week:,Wednesday,36.94,Grade Celsius,
536,810.66,W/m^2,14:37:32,28/6/17,Day of week:,Wednesday,36.81,Grade Celsius,
545,800.43,W/m^2,14:37:35,28/6/17,Day of week:,Wednesday,36.75,Grade Celsius,
541,806.27,W/m^2,14:37:38,28/6/17,Day of week:,Wednesday,36.69,Grade Celsius,
551,804.81,W/m^2,14:37:41,28/6/17,Day of week:,Wednesday,36.88,Grade Celsius,
554,804.81,W/m^2,14:37:44,28/6/17,Day of week:,Wednesday,36.75,Grade Celsius,
549,804.81,W/m^2,14:37:47,28/6/17,Day of week:,Wednesday,36.88,Grade Celsius,
549,807.73,W/m^2,14:37:50,28/6/17,Day of week:,Wednesday,36.75,Grade Celsius,
550,807.73,W/m^2,14:37:53,28/6/17,Day of week:,Wednesday,36.81,Grade Celsius,
548,798.97,W/m^2,14:37:56,28/6/17,Day of week:,Wednesday,36.81,Grade Celsius,
551,793.13,W/m^2,14:37:59,28/6/17,Day of week:,Wednesday,36.94,Grade Celsius,
549,804.81,W/m^2,14:38:03,28/6/17,Day of week:,Wednesday,36.69,Grade Celsius,
544,815.04,W/m^2,14:38:06,28/6/17,Day of week:,Wednesday,36.75,Grade Celsius,
550,803.35,W/m^2,14:38:09,28/6/17,Day of week:,Wednesday,36.63,Grade Celsius,
561,803.35,W/m^2,14:38:12,28/6/17,Day of week:,Wednesday,36.94,Grade Celsius,
551,807.73,W/m^2,14:38:15,28/6/17,Day of week:,Wednesday,36.81,Grade Celsius,
547,804.81,W/m^2,14:38:18,28/6/17,Day of week:,Wednesday,37.00,Grade Celsius,
549,793.13,W/m^2,14:38:21,28/6/17,Day of week:,Wednesday,37.00,Grade Celsius,
548,809.19,W/m^2,14:38:24,28/6/17,Day of week:,Wednesday,37.00,Grade Celsius,
550,806.27,W/m^2,14:38:27,28/6/17,Day of week:,Wednesday,36.88,Grade Celsius,
554,806.27,W/m^2,14:38:30,28/6/17,Day of week:,Wednesday,36.81,Grade Celsius,
549,801.89,W/m^2,14:38:33,28/6/17,Day of week:,Wednesday,36.81,Grade Celsius,
551,822.34,W/m^2,14:38:36,28/6/17,Day of week:,Wednesday,36.94,Grade Celsius,
547,804.81,W/m^2,14:38:39,28/6/17,Day of week:,Wednesday,36.75,Grade Celsius,
550,788.75,W/m^2,14:38:42,28/6/17,Day of week:,Wednesday,36.88,Grade Celsius,
550,807.73,W/m^2,14:38:45,28/6/17,Day of week:,Wednesday,36.75,Grade Celsius,
555,791.67,W/m^2,14:38:49,28/6/17,Day of week:,Wednesday,37.00,Grade Celsius,
558,804.81,W/m^2,14:38:52,28/6/17,Day of week:,Wednesday,36.88,Grade Celsius,
555,807.73,W/m^2,14:38:55,28/6/17,Day of week:,Wednesday,36.75,Grade Celsius,
563,793.13,W/m^2,14:38:58,28/6/17,Day of week:,Wednesday,36.63,Grade Celsius,
550,815.04,W/m^2,14:39:01,28/6/17,Day of week:,Wednesday,36.69,Grade Celsius,
548,803.35,W/m^2,14:39:04,28/6/17,Day of week:,Wednesday,36.50,Grade Celsius,
550,807.73,W/m^2,14:39:07,28/6/17,Day of week:,Wednesday,36.38,Grade Celsius,
550,804.81,W/m^2,14:39:10,28/6/17,Day of week:,Wednesday,36.44,Grade Celsius,
545,804.81,W/m^2,14:39:13,28/6/17,Day of week:,Wednesday,36.38,Grade Celsius,
547,806.27,W/m^2,14:39:16,28/6/17,Day of week:,Wednesday,36.44,Grade Celsius,
552,810.66,W/m^2,14:39:19,28/6/17,Day of week:,Wednesday,36.56,Grade Celsius,
552,803.35,W/m^2,14:39:22,28/6/17,Day of week:,Wednesday,36.69,Grade Celsius,
544,823.80,W/m^2,14:39:25,28/6/17,Day of week:,Wednesday,36.75,Grade Celsius,
551,809.19,W/m^2,14:39:28,28/6/17,Day of week:,Wednesday,37.00,Grade Celsius,
541,804.81,W/m^2,14:39:32,28/6/17,Day of week:,Wednesday,36.75,Grade Celsius,
549,798.97,W/m^2,14:39:35,28/6/17,Day of week:,Wednesday,36.69,Grade Celsius,
547,801.89,W/m^2,14:39:38,28/6/17,Day of week:,Wednesday,36.88,Grade Celsius,
550,807.73,W/m^2,14:39:41,28/6/17,Day of week:,Wednesday,36.75,Grade Celsius,
548,807.73,W/m^2,14:39:44,28/6/17,Day of week:,Wednesday,36.94,Grade Celsius,
548,803.35,W/m^2,14:39:47,28/6/17,Day of week:,Wednesday,36.94,Grade Celsius,
549,806.27,W/m^2,14:39:50,28/6/17,Day of week:,Wednesday,36.56,Grade Celsius,
550,807.73,W/m^2,14:39:53,28/6/17,Day of week:,Wednesday,36.69,Grade Celsius,
550,806.27,W/m^2,14:39:56,28/6/17,Day of week:,Wednesday,36.81,Grade Celsius,
551,804.81,W/m^2,14:39:59,28/6/17,Day of week:,Wednesday,36.94,Grade Celsius,
547,804.81,W/m^2,14:40:02,28/6/17,Day of week:,Wednesday,37.13,Grade Celsius,
551,803.35,W/m^2,14:40:05,28/6/17,Day of week:,Wednesday,37.38,Grade Celsius,
552,807.73,W/m^2,14:40:08,28/6/17,Day of week:,Wednesday,37.25,Grade Celsius,
561,812.12,W/m^2,14:40:11,28/6/17,Day of week:,Wednesday,37.13,Grade Celsius,
549,807.73,W/m^2,14:40:14,28/6/17,Day of week:,Wednesday,37.19,Grade Celsius,
535,806.27,W/m^2,14:40:18,28/6/17,Day of week:,Wednesday,37.13,Grade Celsius,
562,806.27,W/m^2,14:40:21,28/6/17,Day of week:,Wednesday,37.06,Grade Celsius,
549,804.81,W/m^2,14:40:24,28/6/17,Day of week:,Wednesday,37.13,Grade Celsius,
554,807.73,W/m^2,14:40:27,28/6/17,Day of week:,Wednesday,37.25,Grade Celsius,
550,825.26,W/m^2,14:40:30,28/6/17,Day of week:,Wednesday,37.38,Grade Celsius,
549,807.73,W/m^2,14:40:33,28/6/17,Day of week:,Wednesday,37.44,Grade Celsius,
545,804.81,W/m^2,14:40:36,28/6/17,Day of week:,Wednesday,37.69,Grade Celsius,
551,806.27,W/m^2,14:40:39,28/6/17,Day of week:,Wednesday,37.50,Grade Celsius,
550,806.27,W/m^2,14:40:42,28/6/17,Day of week:,Wednesday,37.13,Grade Celsius,
550,807.73,W/m^2,14:40:45,28/6/17,Day of week:,Wednesday,37.25,Grade Celsius,
547,803.35,W/m^2,14:40:48,28/6/17,Day of week:,Wednesday,36.75,Grade Celsius,
548,823.80,W/m^2,14:40:51,28/6/17,Day of week:,Wednesday,36.63,Grade Celsius,
549,804.81,W/m^2,14:40:54,28/6/17,Day of week:,Wednesday,36.44,Grade Celsius,
548,804.81,W/m^2,14:40:57,28/6/17,Day of week:,Wednesday,36.56,Grade Celsius,
549,803.35,W/m^2,14:41:00,28/6/17,Day of week:,Wednesday,36.44,Grade Celsius,
549,806.27,W/m^2,14:41:04,28/6/17,Day of week:,Wednesday,36.25,Grade Celsius,
548,782.90,W/m^2,14:41:07,28/6/17,Day of week:,Wednesday,36.13,Grade Celsius,
549,791.67,W/m^2,14:41:10,28/6/17,Day of week:,Wednesday,36.00,Grade Celsius,
550,807.73,W/m^2,14:41:13,28/6/17,Day of week:,Wednesday,35.88,Grade Celsius,
553,807.73,W/m^2,14:41:16,28/6/17,Day of week:,Wednesday,35.88,Grade Celsius,
550,815.04,W/m^2,14:41:19,28/6/17,Day of week:,Wednesday,35.88,Grade Celsius,
549,800.43,W/m^2,14:41:22,28/6/17,Day of week:,Wednesday,35.88,Grade Celsius,
551,803.35,W/m^2,14:41:25,28/6/17,Day of week:,Wednesday,35.88,Grade Celsius,
546,823.80,W/m^2,14:41:28,28/6/17,Day of week:,Wednesday,35.69,Grade Celsius,
549,790.21,W/m^2,14:41:31,28/6/17,Day of week:,Wednesday,35.81,Grade Celsius,
548,823.80,W/m^2,14:41:34,28/6/17,Day of week:,Wednesday,35.75,Grade Celsius,
554,803.35,W/m^2,14:41:37,28/6/17,Day of week:,Wednesday,35.69,Grade Celsius,
548,804.81,W/m^2,14:41:40,28/6/17,Day of week:,Wednesday,35.81,Grade Celsius,
544,817.96,W/m^2,14:41:43,28/6/17,Day of week:,Wednesday,35.81,Grade Celsius,
547,793.13,W/m^2,14:41:46,28/6/17,Day of week:,Wednesday,35.69,Grade Celsius,
549,796.05,W/m^2,14:41:50,28/6/17,Day of week:,Wednesday,35.56,Grade Celsius,
547,798.97,W/m^2,14:41:53,28/6/17,Day of week:,Wednesday,35.44,Grade Celsius,
548,806.27,W/m^2,14:41:56,28/6/17,Day of week:,Wednesday,35.44,Grade Celsius,
547,800.43,W/m^2,14:41:59,28/6/17,Day of week:,Wednesday,35.31,Grade Celsius,
561,806.27,W/m^2,14:42:02,28/6/17,Day of week:,Wednesday,35.38,Grade Celsius,
549,804.81,W/m^2,14:42:05,28/6/17,Day of week:,Wednesday,35.44,Grade Celsius,
547,801.89,W/m^2,14:42:08,28/6/17,Day of week:,Wednesday,35.44,Grade Celsius,
545,801.89,W/m^2,14:42:11,28/6/17,Day of week:,Wednesday,35.69,Grade Celsius,
549,803.35,W/m^2,14:42:14,28/6/17,Day of week:,Wednesday,35.75,Grade Celsius,
548,815.04,W/m^2,14:42:17,28/6/17,Day of week:,Wednesday,35.81,Grade Celsius,
548,803.35,W/m^2,14:42:20,28/6/17,Day of week:,Wednesday,35.94,Grade Celsius,
546,801.89,W/m^2,14:42:23,28/6/17,Day of week:,Wednesday,36.06,Grade Celsius,
547,807.73,W/m^2,14:42:27,28/6/17,Day of week:,Wednesday,36.19,Grade Celsius,
548,801.89,W/m^2,14:42:30,28/6/17,Day of week:,Wednesday,36.25,Grade Celsius,
537,803.35,W/m^2,14:42:33,28/6/17,Day of week:,Wednesday,36.25,Grade Celsius,
546,791.67,W/m^2,14:42:36,28/6/17,Day of week:,Wednesday,36.25,Grade Celsius,
549,806.27,W/m^2,14:42:39,28/6/17,Day of week:,Wednesday,36.25,Grade Celsius,
551,803.35,W/m^2,14:42:42,28/6/17,Day of week:,Wednesday,36.31,Grade Celsius,
552,812.12,W/m^2,14:42:45,28/6/17,Day of week:,Wednesday,36.38,Grade Celsius,
562,793.13,W/m^2,14:42:48,28/6/17,Day of week:,Wednesday,36.50,Grade Celsius,
546,801.89,W/m^2,14:42:51,28/6/17,Day of week:,Wednesday,36.44,Grade Celsius,
546,803.35,W/m^2,14:42:54,28/6/17,Day of week:,Wednesday,36.44,Grade Celsius,
547,801.89,W/m^2,14:42:57,28/6/17,Day of week:,Wednesday,36.50,Grade Celsius,
548,809.19,W/m^2,14:43:00,28/6/17,Day of week:,Wednesday,36.56,Grade Celsius,
551,800.43,W/m^2,14:43:03,28/6/17,Day of week:,Wednesday,36.69,Grade Celsius,
546,798.97,W/m^2,14:43:06,28/6/17,Day of week:,Wednesday,36.63,Grade Celsius,
562,809.19,W/m^2,14:43:09,28/6/17,Day of week:,Wednesday,36.38,Grade Celsius,
546,798.97,W/m^2,14:43:13,28/6/17,Day of week:,Wednesday,36.31,Grade Celsius,
546,797.51,W/m^2,14:43:16,28/6/17,Day of week:,Wednesday,36.13,Grade Celsius,
560,800.43,W/m^2,14:43:19,28/6/17,Day of week:,Wednesday,36.00,Grade Celsius,
549,810.66,W/m^2,14:43:22,28/6/17,Day of week:,Wednesday,35.88,Grade Celsius,
547,803.35,W/m^2,14:43:25,28/6/17,Day of week:,Wednesday,35.63,Grade Celsius,
547,801.89,W/m^2,14:43:28,28/6/17,Day of week:,Wednesday,35.38,Grade Celsius,
547,803.35,W/m^2,14:43:31,28/6/17,Day of week:,Wednesday,35.19,Grade Celsius,
545,800.43,W/m^2,14:43:34,28/6/17,Day of week:,Wednesday,35.19,Grade Celsius,
546,801.89,W/m^2,14:43:37,28/6/17,Day of week:,Wednesday,35.44,Grade Celsius,
546,803.35,W/m^2,14:43:40,28/6/17,Day of week:,Wednesday,35.63,Grade Celsius,
550,804.81,W/m^2,14:43:43,28/6/17,Day of week:,Wednesday,35.88,Grade Celsius,
546,803.35,W/m^2,14:43:46,28/6/17,Day of week:,Wednesday,36.19,Grade Celsius,
547,801.89,W/m^2,14:43:49,28/6/17,Day of week:,Wednesday,36.44,Grade Celsius,
546,788.75,W/m^2,14:43:52,28/6/17,Day of week:,Wednesday,36.63,Grade Celsius,
546,801.89,W/m^2,14:43:56,28/6/17,Day of week:,Wednesday,36.88,Grade Celsius,
545,800.43,W/m^2,14:43:59,28/6/17,Day of week:,Wednesday,36.75,Grade Celsius,
548,803.35,W/m^2,14:44:02,28/6/17,Day of week:,Wednesday,36.75,Grade Celsius,
546,800.43,W/m^2,14:44:05,28/6/17,Day of week:,Wednesday,36.69,Grade Celsius,
533,801.89,W/m^2,14:44:08,28/6/17,Day of week:,Wednesday,36.75,Grade Celsius,
545,801.89,W/m^2,14:44:11,28/6/17,Day of week:,Wednesday,36.75,Grade Celsius,
547,820.88,W/m^2,14:44:14,28/6/17,Day of week:,Wednesday,36.69,Grade Celsius,
546,798.97,W/m^2,14:44:17,28/6/17,Day of week:,Wednesday,36.75,Grade Celsius,
546,803.35,W/m^2,14:44:20,28/6/17,Day of week:,Wednesday,36.88,Grade Celsius,
545,793.13,W/m^2,14:44:23,28/6/17,Day of week:,Wednesday,36.75,Grade Celsius,
547,800.43,W/m^2,14:44:26,28/6/17,Day of week:,Wednesday,36.75,Grade Celsius,
545,798.97,W/m^2,14:44:29,28/6/17,Day of week:,Wednesday,36.94,Grade Celsius,
549,801.89,W/m^2,14:44:32,28/6/17,Day of week:,Wednesday,37.06,Grade Celsius,
535,803.35,W/m^2,14:44:35,28/6/17,Day of week:,Wednesday,37.19,Grade Celsius,
541,796.05,W/m^2,14:44:39,28/6/17,Day of week:,Wednesday,37.38,Grade Celsius,
548,800.43,W/m^2,14:44:42,28/6/17,Day of week:,Wednesday,37.63,Grade Celsius,
539,796.05,W/m^2,14:44:45,28/6/17,Day of week:,Wednesday,37.88,Grade Celsius,
535,793.13,W/m^2,14:44:48,28/6/17,Day of week:,Wednesday,38.00,Grade Celsius,
543,793.13,W/m^2,14:44:51,28/6/17,Day of week:,Wednesday,38.19,Grade Celsius,
545,797.51,W/m^2,14:44:54,28/6/17,Day of week:,Wednesday,38.31,Grade Celsius,
546,801.89,W/m^2,14:44:57,28/6/17,Day of week:,Wednesday,38.50,Grade Celsius,
543,787.28,W/m^2,14:45:00,28/6/17,Day of week:,Wednesday,38.25,Grade Celsius,
542,787.28,W/m^2,14:45:03,28/6/17,Day of week:,Wednesday,38.25,Grade Celsius,
548,800.43,W/m^2,14:45:06,28/6/17,Day of week:,Wednesday,38.38,Grade Celsius,
543,796.05,W/m^2,14:45:09,28/6/17,Day of week:,Wednesday,38.38,Grade Celsius,
543,794.59,W/m^2,14:45:12,28/6/17,Day of week:,Wednesday,38.56,Grade Celsius,
544,796.05,W/m^2,14:45:15,28/6/17,Day of week:,Wednesday,38.75,Grade Celsius,
543,798.97,W/m^2,14:45:18,28/6/17,Day of week:,Wednesday,38.44,Grade Celsius,
546,781.44,W/m^2,14:45:21,28/6/17,Day of week:,Wednesday,38.06,Grade Celsius,
545,796.05,W/m^2,14:45:25,28/6/17,Day of week:,Wednesday,38.13,Grade Celsius,
540,797.51,W/m^2,14:45:28,28/6/17,Day of week:,Wednesday,38.06,Grade Celsius,
543,794.59,W/m^2,14:45:31,28/6/17,Day of week:,Wednesday,38.19,Grade Celsius,
544,779.98,W/m^2,14:45:34,28/6/17,Day of week:,Wednesday,38.38,Grade Celsius,
540,800.43,W/m^2,14:45:37,28/6/17,Day of week:,Wednesday,38.38,Grade Celsius,
544,800.43,W/m^2,14:45:40,28/6/17,Day of week:,Wednesday,38.25,Grade Celsius,
544,796.05,W/m^2,14:45:43,28/6/17,Day of week:,Wednesday,38.25,Grade Celsius,
542,800.43,W/m^2,14:45:46,28/6/17,Day of week:,Wednesday,38.44,Grade Celsius,
528,801.89,W/m^2,14:45:49,28/6/17,Day of week:,Wednesday,38.63,Grade Celsius,
543,793.13,W/m^2,14:45:52,28/6/17,Day of week:,Wednesday,38.81,Grade Celsius,
552,794.59,W/m^2,14:45:55,28/6/17,Day of week:,Wednesday,38.94,Grade Celsius,
545,797.51,W/m^2,14:45:58,28/6/17,Day of week:,Wednesday,39.06,Grade Celsius,
555,797.51,W/m^2,14:46:01,28/6/17,Day of week:,Wednesday,39.19,Grade Celsius,
534,798.97,W/m^2,14:46:04,28/6/17,Day of week:,Wednesday,39.38,Grade Celsius,
558,798.97,W/m^2,14:46:07,28/6/17,Day of week:,Wednesday,39.50,Grade Celsius,
545,803.35,W/m^2,14:46:11,28/6/17,Day of week:,Wednesday,39.63,Grade Celsius,
534,793.13,W/m^2,14:46:14,28/6/17,Day of week:,Wednesday,39.69,Grade Celsius,
540,798.97,W/m^2,14:46:17,28/6/17,Day of week:,Wednesday,39.44,Grade Celsius,
543,796.05,W/m^2,14:46:20,28/6/17,Day of week:,Wednesday,39.56,Grade Celsius,
543,798.97,W/m^2,14:46:23,28/6/17,Day of week:,Wednesday,39.63,Grade Celsius,
543,794.59,W/m^2,14:46:26,28/6/17,Day of week:,Wednesday,39.50,Grade Celsius,
542,774.14,W/m^2,14:46:29,28/6/17,Day of week:,Wednesday,39.06,Grade Celsius,
542,790.21,W/m^2,14:46:32,28/6/17,Day of week:,Wednesday,38.75,Grade Celsius,
543,796.05,W/m^2,14:46:35,28/6/17,Day of week:,Wednesday,38.38,Grade Celsius,
541,778.52,W/m^2,14:46:38,28/6/17,Day of week:,Wednesday,38.19,Grade Celsius,
544,796.05,W/m^2,14:46:41,28/6/17,Day of week:,Wednesday,38.38,Grade Celsius,
543,794.59,W/m^2,14:46:44,28/6/17,Day of week:,Wednesday,38.50,Grade Celsius,
541,794.59,W/m^2,14:46:47,28/6/17,Day of week:,Wednesday,38.63,Grade Celsius,
542,797.51,W/m^2,14:46:50,28/6/17,Day of week:,Wednesday,38.69,Grade Celsius,
543,791.67,W/m^2,14:46:53,28/6/17,Day of week:,Wednesday,38.44,Grade Celsius,
550,794.59,W/m^2,14:46:57,28/6/17,Day of week:,Wednesday,38.00,Grade Celsius,
547,796.05,W/m^2,14:47:00,28/6/17,Day of week:,Wednesday,38.25,Grade Celsius,
540,801.89,W/m^2,14:47:03,28/6/17,Day of week:,Wednesday,38.25,Grade Celsius,
544,797.51,W/m^2,14:47:06,28/6/17,Day of week:,Wednesday,38.31,Grade Celsius,
537,793.13,W/m^2,14:47:09,28/6/17,Day of week:,Wednesday,38.38,Grade Celsius,
548,793.13,W/m^2,14:47:12,28/6/17,Day of week:,Wednesday,38.31,Grade Celsius,
542,801.89,W/m^2,14:47:15,28/6/17,Day of week:,Wednesday,38.50,Grade Celsius,
540,790.21,W/m^2,14:47:18,28/6/17,Day of week:,Wednesday,38.13,Grade Celsius,
539,793.13,W/m^2,14:47:21,28/6/17,Day of week:,Wednesday,38.13,Grade Celsius,
543,794.59,W/m^2,14:47:24,28/6/17,Day of week:,Wednesday,37.81,Grade Celsius,
546,796.05,W/m^2,14:47:27,28/6/17,Day of week:,Wednesday,37.50,Grade Celsius,
542,796.05,W/m^2,14:47:30,28/6/17,Day of week:,Wednesday,36.94,Grade Celsius,
540,793.13,W/m^2,14:47:33,28/6/17,Day of week:,Wednesday,36.69,Grade Celsius,
546,796.05,W/m^2,14:47:36,28/6/17,Day of week:,Wednesday,36.50,Grade Celsius,
549,791.67,W/m^2,14:47:40,28/6/17,Day of week:,Wednesday,36.63,Grade Celsius,
542,798.97,W/m^2,14:47:43,28/6/17,Day of week:,Wednesday,36.38,Grade Celsius,
542,793.13,W/m^2,14:47:46,28/6/17,Day of week:,Wednesday,36.13,Grade Celsius,
544,797.51,W/m^2,14:47:49,28/6/17,Day of week:,Wednesday,36.00,Grade Celsius,
543,782.90,W/m^2,14:47:52,28/6/17,Day of week:,Wednesday,36.19,Grade Celsius,
542,793.13,W/m^2,14:47:55,28/6/17,Day of week:,Wednesday,36.00,Grade Celsius,
541,775.60,W/m^2,14:47:58,28/6/17,Day of week:,Wednesday,36.25,Grade Celsius,
549,809.19,W/m^2,14:48:01,28/6/17,Day of week:,Wednesday,36.38,Grade Celsius,
540,796.05,W/m^2,14:48:04,28/6/17,Day of week:,Wednesday,36.00,Grade Celsius,
553,790.21,W/m^2,14:48:07,28/6/17,Day of week:,Wednesday,35.94,Grade Celsius,
543,794.59,W/m^2,14:48:10,28/6/17,Day of week:,Wednesday,35.88,Grade Celsius,
540,793.13,W/m^2,14:48:13,28/6/17,Day of week:,Wednesday,35.81,Grade Celsius,
542,798.97,W/m^2,14:48:16,28/6/17,Day of week:,Wednesday,36.06,Grade Celsius,
543,788.75,W/m^2,14:48:19,28/6/17,Day of week:,Wednesday,36.19,Grade Celsius,
543,793.13,W/m^2,14:48:23,28/6/17,Day of week:,Wednesday,36.19,Grade Celsius,
530,788.75,W/m^2,14:48:26,28/6/17,Day of week:,Wednesday,36.13,Grade Celsius,
530,809.19,W/m^2,14:48:29,28/6/17,Day of week:,Wednesday,36.13,Grade Celsius,
541,791.67,W/m^2,14:48:32,28/6/17,Day of week:,Wednesday,36.19,Grade Celsius,
545,791.67,W/m^2,14:48:35,28/6/17,Day of week:,Wednesday,35.94,Grade Celsius,
540,793.13,W/m^2,14:48:38,28/6/17,Day of week:,Wednesday,36.00,Grade Celsius,
542,793.13,W/m^2,14:48:41,28/6/17,Day of week:,Wednesday,35.88,Grade Celsius,
543,796.05,W/m^2,14:48:44,28/6/17,Day of week:,Wednesday,36.13,Grade Celsius,
540,793.13,W/m^2,14:48:47,28/6/17,Day of week:,Wednesday,36.13,Grade Celsius,
537,796.05,W/m^2,14:48:50,28/6/17,Day of week:,Wednesday,36.19,Grade Celsius,
539,794.59,W/m^2,14:48:53,28/6/17,Day of week:,Wednesday,36.25,Grade Celsius,
543,793.13,W/m^2,14:48:56,28/6/17,Day of week:,Wednesday,36.38,Grade Celsius,
541,793.13,W/m^2,14:48:59,28/6/17,Day of week:,Wednesday,36.31,Grade Celsius,
540,791.67,W/m^2,14:49:02,28/6/17,Day of week:,Wednesday,36.25,Grade Celsius,
540,796.05,W/m^2,14:49:06,28/6/17,Day of week:,Wednesday,36.38,Grade Celsius,
549,793.13,W/m^2,14:49:09,28/6/17,Day of week:,Wednesday,36.56,Grade Celsius,
540,791.67,W/m^2,14:49:12,28/6/17,Day of week:,Wednesday,36.69,Grade Celsius,
542,804.81,W/m^2,14:49:15,28/6/17,Day of week:,Wednesday,36.88,Grade Celsius,
540,794.59,W/m^2,14:49:18,28/6/17,Day of week:,Wednesday,37.00,Grade Celsius,
540,794.59,W/m^2,14:49:21,28/6/17,Day of week:,Wednesday,37.13,Grade Celsius,
536,793.13,W/m^2,14:49:24,28/6/17,Day of week:,Wednesday,37.19,Grade Celsius,
539,781.44,W/m^2,14:49:27,28/6/17,Day of week:,Wednesday,37.00,Grade Celsius,
542,797.51,W/m^2,14:49:30,28/6/17,Day of week:,Wednesday,36.88,Grade Celsius,
537,796.05,W/m^2,14:49:33,28/6/17,Day of week:,Wednesday,37.13,Grade Celsius,
536,793.13,W/m^2,14:49:36,28/6/17,Day of week:,Wednesday,37.25,Grade Celsius,
539,790.21,W/m^2,14:49:39,28/6/17,Day of week:,Wednesday,37.31,Grade Celsius,
539,791.67,W/m^2,14:49:42,28/6/17,Day of week:,Wednesday,37.31,Grade Celsius,
543,794.59,W/m^2,14:49:45,28/6/17,Day of week:,Wednesday,37.38,Grade Celsius,
541,790.21,W/m^2,14:49:48,28/6/17,Day of week:,Wednesday,37.19,Grade Celsius,
552,790.21,W/m^2,14:49:52,28/6/17,Day of week:,Wednesday,37.13,Grade Celsius,
539,793.13,W/m^2,14:49:55,28/6/17,Day of week:,Wednesday,37.31,Grade Celsius,
538,797.51,W/m^2,14:49:58,28/6/17,Day of week:,Wednesday,37.44,Grade Celsius,
543,788.75,W/m^2,14:50:01,28/6/17,Day of week:,Wednesday,37.44,Grade Celsius,
539,787.28,W/m^2,14:50:04,28/6/17,Day of week:,Wednesday,37.50,Grade Celsius,
545,793.13,W/m^2,14:50:07,28/6/17,Day of week:,Wednesday,37.63,Grade Celsius,
539,793.13,W/m^2,14:50:10,28/6/17,Day of week:,Wednesday,37.69,Grade Celsius,
540,793.13,W/m^2,14:50:13,28/6/17,Day of week:,Wednesday,37.75,Grade Celsius,
542,793.13,W/m^2,14:50:16,28/6/17,Day of week:,Wednesday,37.81,Grade Celsius,
544,793.13,W/m^2,14:50:19,28/6/17,Day of week:,Wednesday,37.94,Grade Celsius,
538,790.21,W/m^2,14:50:22,28/6/17,Day of week:,Wednesday,38.13,Grade Celsius,
553,793.13,W/m^2,14:50:25,28/6/17,Day of week:,Wednesday,38.19,Grade Celsius,
527,791.67,W/m^2,14:50:28,28/6/17,Day of week:,Wednesday,38.38,Grade Celsius,
540,787.28,W/m^2,14:50:31,28/6/17,Day of week:,Wednesday,38.44,Grade Celsius,
540,788.75,W/m^2,14:50:34,28/6/17,Day of week:,Wednesday,38.44,Grade Celsius,
536,791.67,W/m^2,14:50:38,28/6/17,Day of week:,Wednesday,38.25,Grade Celsius,
539,791.67,W/m^2,14:50:41,28/6/17,Day of week:,Wednesday,38.31,Grade Celsius,
541,793.13,W/m^2,14:50:44,28/6/17,Day of week:,Wednesday,38.25,Grade Celsius,
539,791.67,W/m^2,14:50:47,28/6/17,Day of week:,Wednesday,38.19,Grade Celsius,
540,790.21,W/m^2,14:50:50,28/6/17,Day of week:,Wednesday,38.19,Grade Celsius,
541,788.75,W/m^2,14:50:53,28/6/17,Day of week:,Wednesday,37.63,Grade Celsius,
539,798.97,W/m^2,14:50:56,28/6/17,Day of week:,Wednesday,37.13,Grade Celsius,
540,794.59,W/m^2,14:50:59,28/6/17,Day of week:,Wednesday,37.06,Grade Celsius,
536,788.75,W/m^2,14:51:02,28/6/17,Day of week:,Wednesday,36.69,Grade Celsius,
538,787.28,W/m^2,14:51:05,28/6/17,Day of week:,Wednesday,36.88,Grade Celsius,
540,778.52,W/m^2,14:51:08,28/6/17,Day of week:,Wednesday,37.00,Grade Celsius,
541,793.13,W/m^2,14:51:11,28/6/17,Day of week:,Wednesday,36.81,Grade Celsius,
546,793.13,W/m^2,14:51:14,28/6/17,Day of week:,Wednesday,36.56,Grade Celsius,
542,791.67,W/m^2,14:51:17,28/6/17,Day of week:,Wednesday,36.06,Grade Celsius,
540,790.21,W/m^2,14:51:21,28/6/17,Day of week:,Wednesday,35.81,Grade Celsius,
536,787.28,W/m^2,14:51:24,28/6/17,Day of week:,Wednesday,35.75,Grade Celsius,
539,791.67,W/m^2,14:51:27,28/6/17,Day of week:,Wednesday,35.75,Grade Celsius,
539,788.75,W/m^2,14:51:30,28/6/17,Day of week:,Wednesday,35.81,Grade Celsius,
540,777.06,W/m^2,14:51:33,28/6/17,Day of week:,Wednesday,36.00,Grade Celsius,
540,793.13,W/m^2,14:51:36,28/6/17,Day of week:,Wednesday,36.19,Grade Celsius,
542,794.59,W/m^2,14:51:39,28/6/17,Day of week:,Wednesday,36.31,Grade Celsius,
539,788.75,W/m^2,14:51:42,28/6/17,Day of week:,Wednesday,36.25,Grade Celsius,
541,781.44,W/m^2,14:51:45,28/6/17,Day of week:,Wednesday,36.31,Grade Celsius,
539,777.06,W/m^2,14:51:48,28/6/17,Day of week:,Wednesday,36.13,Grade Celsius,
527,785.82,W/m^2,14:51:51,28/6/17,Day of week:,Wednesday,36.25,Grade Celsius,
548,791.67,W/m^2,14:51:54,28/6/17,Day of week:,Wednesday,36.13,Grade Celsius,
539,787.28,W/m^2,14:51:57,28/6/17,Day of week:,Wednesday,36.13,Grade Celsius,
540,793.13,W/m^2,14:52:00,28/6/17,Day of week:,Wednesday,36.00,Grade Celsius,
538,793.13,W/m^2,14:52:03,28/6/17,Day of week:,Wednesday,36.13,Grade Celsius,
541,791.67,W/m^2,14:52:07,28/6/17,Day of week:,Wednesday,36.25,Grade Celsius,
533,791.67,W/m^2,14:52:10,28/6/17,Day of week:,Wednesday,36.38,Grade Celsius,
548,769.76,W/m^2,14:52:13,28/6/17,Day of week:,Wednesday,36.44,Grade Celsius,
539,784.36,W/m^2,14:52:16,28/6/17,Day of week:,Wednesday,36.44,Grade Celsius,
540,791.67,W/m^2,14:52:19,28/6/17,Day of week:,Wednesday,36.38,Grade Celsius,
538,788.75,W/m^2,14:52:22,28/6/17,Day of week:,Wednesday,36.31,Grade Celsius,
524,790.21,W/m^2,14:52:25,28/6/17,Day of week:,Wednesday,36.38,Grade Celsius,
532,793.13,W/m^2,14:52:28,28/6/17,Day of week:,Wednesday,36.38,Grade Celsius,
553,790.21,W/m^2,14:52:31,28/6/17,Day of week:,Wednesday,36.31,Grade Celsius,
540,793.13,W/m^2,14:52:34,28/6/17,Day of week:,Wednesday,36.25,Grade Celsius,
544,785.82,W/m^2,14:52:37,28/6/17,Day of week:,Wednesday,36.25,Grade Celsius,
536,790.21,W/m^2,14:52:40,28/6/17,Day of week:,Wednesday,36.13,Grade Celsius,
539,791.67,W/m^2,14:52:44,28/6/17,Day of week:,Wednesday,35.88,Grade Celsius,
538,769.76,W/m^2,14:52:47,28/6/17,Day of week:,Wednesday,36.00,Grade Celsius,
534,793.13,W/m^2,14:52:50,28/6/17,Day of week:,Wednesday,36.19,Grade Celsius,
542,788.75,W/m^2,14:52:53,28/6/17,Day of week:,Wednesday,36.31,Grade Celsius,
537,778.52,W/m^2,14:52:56,28/6/17,Day of week:,Wednesday,36.38,Grade Celsius,
545,787.28,W/m^2,14:52:59,28/6/17,Day of week:,Wednesday,36.44,Grade Celsius,
537,787.28,W/m^2,14:53:02,28/6/17,Day of week:,Wednesday,36.44,Grade Celsius,
538,784.36,W/m^2,14:53:05,28/6/17,Day of week:,Wednesday,36.44,Grade Celsius,
539,787.28,W/m^2,14:53:08,28/6/17,Day of week:,Wednesday,36.63,Grade Celsius,
537,787.28,W/m^2,14:53:11,28/6/17,Day of week:,Wednesday,36.81,Grade Celsius,
538,781.44,W/m^2,14:53:14,28/6/17,Day of week:,Wednesday,37.00,Grade Celsius,
529,790.21,W/m^2,14:53:17,28/6/17,Day of week:,Wednesday,37.25,Grade Celsius,
537,782.90,W/m^2,14:53:20,28/6/17,Day of week:,Wednesday,37.38,Grade Celsius,
537,791.67,W/m^2,14:53:23,28/6/17,Day of week:,Wednesday,37.50,Grade Celsius,
539,788.75,W/m^2,14:53:27,28/6/17,Day of week:,Wednesday,37.63,Grade Celsius,
537,775.60,W/m^2,14:53:30,28/6/17,Day of week:,Wednesday,37.75,Grade Celsius,
536,788.75,W/m^2,14:53:33,28/6/17,Day of week:,Wednesday,37.81,Grade Celsius,
539,809.19,W/m^2,14:53:36,28/6/17,Day of week:,Wednesday,37.81,Grade Celsius,
552,788.75,W/m^2,14:53:39,28/6/17,Day of week:,Wednesday,37.75,Grade Celsius,
523,784.36,W/m^2,14:53:42,28/6/17,Day of week:,Wednesday,37.81,Grade Celsius,
537,796.05,W/m^2,14:53:45,28/6/17,Day of week:,Wednesday,37.88,Grade Celsius,
535,787.28,W/m^2,14:53:48,28/6/17,Day of week:,Wednesday,38.00,Grade Celsius,
536,785.82,W/m^2,14:53:51,28/6/17,Day of week:,Wednesday,38.06,Grade Celsius,
537,785.82,W/m^2,14:53:54,28/6/17,Day of week:,Wednesday,38.13,Grade Celsius,
533,788.75,W/m^2,14:53:57,28/6/17,Day of week:,Wednesday,38.00,Grade Celsius,
528,784.36,W/m^2,14:54:00,28/6/17,Day of week:,Wednesday,37.88,Grade Celsius,
537,785.82,W/m^2,14:54:03,28/6/17,Day of week:,Wednesday,37.94,Grade Celsius,
536,769.76,W/m^2,14:54:06,28/6/17,Day of week:,Wednesday,37.94,Grade Celsius,
538,785.82,W/m^2,14:54:09,28/6/17,Day of week:,Wednesday,38.00,Grade Celsius,
535,784.36,W/m^2,14:54:13,28/6/17,Day of week:,Wednesday,38.13,Grade Celsius,
543,790.21,W/m^2,14:54:16,28/6/17,Day of week:,Wednesday,38.25,Grade Celsius,
537,782.90,W/m^2,14:54:19,28/6/17,Day of week:,Wednesday,38.38,Grade Celsius,
530,784.36,W/m^2,14:54:22,28/6/17,Day of week:,Wednesday,38.44,Grade Celsius,
537,785.82,W/m^2,14:54:25,28/6/17,Day of week:,Wednesday,38.25,Grade Celsius,
536,784.36,W/m^2,14:54:28,28/6/17,Day of week:,Wednesday,38.13,Grade Celsius,
536,784.36,W/m^2,14:54:31,28/6/17,Day of week:,Wednesday,38.00,Grade Celsius,
534,782.90,W/m^2,14:54:34,28/6/17,Day of week:,Wednesday,37.81,Grade Celsius,
544,787.28,W/m^2,14:54:37,28/6/17,Day of week:,Wednesday,37.75,Grade Celsius,
536,779.98,W/m^2,14:54:40,28/6/17,Day of week:,Wednesday,37.75,Grade Celsius,
532,772.68,W/m^2,14:54:43,28/6/17,Day of week:,Wednesday,37.88,Grade Celsius,
530,785.82,W/m^2,14:54:46,28/6/17,Day of week:,Wednesday,37.81,Grade Celsius,
533,784.36,W/m^2,14:54:49,28/6/17,Day of week:,Wednesday,37.44,Grade Celsius,
534,782.90,W/m^2,14:54:52,28/6/17,Day of week:,Wednesday,37.63,Grade Celsius,
535,785.82,W/m^2,14:54:55,28/6/17,Day of week:,Wednesday,37.19,Grade Celsius,
530,803.35,W/m^2,14:54:59,28/6/17,Day of week:,Wednesday,37.19,Grade Celsius,
533,785.82,W/m^2,14:55:02,28/6/17,Day of week:,Wednesday,37.25,Grade Celsius,
533,784.36,W/m^2,14:55:05,28/6/17,Day of week:,Wednesday,37.44,Grade Celsius,
532,781.44,W/m^2,14:55:08,28/6/17,Day of week:,Wednesday,37.44,Grade Celsius,
535,779.98,W/m^2,14:55:11,28/6/17,Day of week:,Wednesday,37.63,Grade Celsius,
529,788.75,W/m^2,14:55:14,28/6/17,Day of week:,Wednesday,37.63,Grade Celsius,
535,772.68,W/m^2,14:55:17,28/6/17,Day of week:,Wednesday,37.69,Grade Celsius,
532,762.45,W/m^2,14:55:20,28/6/17,Day of week:,Wednesday,37.75,Grade Celsius,
534,785.82,W/m^2,14:55:23,28/6/17,Day of week:,Wednesday,37.88,Grade Celsius,
533,782.90,W/m^2,14:55:26,28/6/17,Day of week:,Wednesday,38.00,Grade Celsius,
533,787.28,W/m^2,14:55:29,28/6/17,Day of week:,Wednesday,38.13,Grade Celsius,
544,796.05,W/m^2,14:55:32,28/6/17,Day of week:,Wednesday,38.06,Grade Celsius,
533,774.14,W/m^2,14:55:35,28/6/17,Day of week:,Wednesday,38.06,Grade Celsius,
533,782.90,W/m^2,14:55:38,28/6/17,Day of week:,Wednesday,38.19,Grade Celsius,
533,782.90,W/m^2,14:55:42,28/6/17,Day of week:,Wednesday,38.25,Grade Celsius,
532,781.44,W/m^2,14:55:45,28/6/17,Day of week:,Wednesday,38.00,Grade Celsius,
534,781.44,W/m^2,14:55:48,28/6/17,Day of week:,Wednesday,37.56,Grade Celsius,
534,784.36,W/m^2,14:55:51,28/6/17,Day of week:,Wednesday,37.13,Grade Celsius,
534,778.52,W/m^2,14:55:54,28/6/17,Day of week:,Wednesday,36.88,Grade Celsius,
532,778.52,W/m^2,14:55:57,28/6/17,Day of week:,Wednesday,36.50,Grade Celsius,
535,766.84,W/m^2,14:56:00,28/6/17,Day of week:,Wednesday,36.06,Grade Celsius,
534,793.13,W/m^2,14:56:03,28/6/17,Day of week:,Wednesday,36.19,Grade Celsius,
537,781.44,W/m^2,14:56:06,28/6/17,Day of week:,Wednesday,36.38,Grade Celsius,
534,803.35,W/m^2,14:56:09,28/6/17,Day of week:,Wednesday,36.25,Grade Celsius,
534,782.90,W/m^2,14:56:12,28/6/17,Day of week:,Wednesday,36.13,Grade Celsius,
533,779.98,W/m^2,14:56:15,28/6/17,Day of week:,Wednesday,35.94,Grade Celsius,
532,782.90,W/m^2,14:56:18,28/6/17,Day of week:,Wednesday,35.75,Grade Celsius,
529,782.90,W/m^2,14:56:21,28/6/17,Day of week:,Wednesday,35.69,Grade Celsius,
522,779.98,W/m^2,14:56:24,28/6/17,Day of week:,Wednesday,35.50,Grade Celsius,
532,784.36,W/m^2,14:56:28,28/6/17,Day of week:,Wednesday,35.44,Grade Celsius,
531,782.90,W/m^2,14:56:31,28/6/17,Day of week:,Wednesday,35.31,Grade Celsius,
534,782.90,W/m^2,14:56:34,28/6/17,Day of week:,Wednesday,35.25,Grade Celsius,
528,768.30,W/m^2,14:56:37,28/6/17,Day of week:,Wednesday,35.19,Grade Celsius,
529,778.52,W/m^2,14:56:40,28/6/17,Day of week:,Wednesday,35.13,Grade Celsius,
533,778.52,W/m^2,14:56:43,28/6/17,Day of week:,Wednesday,35.38,Grade Celsius,
532,763.91,W/m^2,14:56:46,28/6/17,Day of week:,Wednesday,35.56,Grade Celsius,
534,775.60,W/m^2,14:56:49,28/6/17,Day of week:,Wednesday,35.75,Grade Celsius,
535,785.82,W/m^2,14:56:52,28/6/17,Day of week:,Wednesday,35.81,Grade Celsius,
533,779.98,W/m^2,14:56:55,28/6/17,Day of week:,Wednesday,36.00,Grade Celsius,
531,762.45,W/m^2,14:56:58,28/6/17,Day of week:,Wednesday,36.06,Grade Celsius,
531,782.90,W/m^2,14:57:01,28/6/17,Day of week:,Wednesday,36.19,Grade Celsius,
534,782.90,W/m^2,14:57:04,28/6/17,Day of week:,Wednesday,36.38,Grade Celsius,
537,763.91,W/m^2,14:57:07,28/6/17,Day of week:,Wednesday,36.50,Grade Celsius,
532,785.82,W/m^2,14:57:10,28/6/17,Day of week:,Wednesday,36.69,Grade Celsius,
528,782.90,W/m^2,14:57:14,28/6/17,Day of week:,Wednesday,36.81,Grade Celsius,
534,781.44,W/m^2,14:57:17,28/6/17,Day of week:,Wednesday,36.81,Grade Celsius,
536,796.05,W/m^2,14:57:20,28/6/17,Day of week:,Wednesday,36.88,Grade Celsius,
530,781.44,W/m^2,14:57:23,28/6/17,Day of week:,Wednesday,36.88,Grade Celsius,
532,775.60,W/m^2,14:57:26,28/6/17,Day of week:,Wednesday,36.88,Grade Celsius,
521,782.90,W/m^2,14:57:29,28/6/17,Day of week:,Wednesday,36.94,Grade Celsius,
534,787.28,W/m^2,14:57:32,28/6/17,Day of week:,Wednesday,37.06,Grade Celsius,
530,781.44,W/m^2,14:57:35,28/6/17,Day of week:,Wednesday,37.19,Grade Celsius,
531,760.99,W/m^2,14:57:38,28/6/17,Day of week:,Wednesday,37.25,Grade Celsius,
536,784.36,W/m^2,14:57:41,28/6/17,Day of week:,Wednesday,37.25,Grade Celsius,
532,774.14,W/m^2,14:57:44,28/6/17,Day of week:,Wednesday,37.25,Grade Celsius,
535,781.44,W/m^2,14:57:47,28/6/17,Day of week:,Wednesday,37.25,Grade Celsius,
534,777.06,W/m^2,14:57:50,28/6/17,Day of week:,Wednesday,37.25,Grade Celsius,
534,782.90,W/m^2,14:57:54,28/6/17,Day of week:,Wednesday,37.25,Grade Celsius,
527,781.44,W/m^2,14:57:57,28/6/17,Day of week:,Wednesday,37.25,Grade Celsius,
533,793.13,W/m^2,14:58:00,28/6/17,Day of week:,Wednesday,37.38,Grade Celsius,
534,782.90,W/m^2,14:58:03,28/6/17,Day of week:,Wednesday,37.19,Grade Celsius,
530,778.52,W/m^2,14:58:06,28/6/17,Day of week:,Wednesday,37.25,Grade Celsius,
534,785.82,W/m^2,14:58:09,28/6/17,Day of week:,Wednesday,37.13,Grade Celsius,
534,788.75,W/m^2,14:58:12,28/6/17,Day of week:,Wednesday,36.88,Grade Celsius,
535,760.99,W/m^2,14:58:15,28/6/17,Day of week:,Wednesday,36.88,Grade Celsius,
536,771.22,W/m^2,14:58:18,28/6/17,Day of week:,Wednesday,36.81,Grade Celsius,
532,798.97,W/m^2,14:58:21,28/6/17,Day of week:,Wednesday,36.50,Grade Celsius,
523,778.52,W/m^2,14:58:24,28/6/17,Day of week:,Wednesday,36.56,Grade Celsius,
533,768.30,W/m^2,14:58:27,28/6/17,Day of week:,Wednesday,36.25,Grade Celsius,
522,784.36,W/m^2,14:58:30,28/6/17,Day of week:,Wednesday,36.31,Grade Celsius,
529,796.05,W/m^2,14:58:33,28/6/17,Day of week:,Wednesday,36.25,Grade Celsius,
533,777.06,W/m^2,14:58:37,28/6/17,Day of week:,Wednesday,36.19,Grade Celsius,
531,779.98,W/m^2,14:58:40,28/6/17,Day of week:,Wednesday,36.13,Grade Celsius,
516,779.98,W/m^2,14:58:43,28/6/17,Day of week:,Wednesday,36.25,Grade Celsius,
533,779.98,W/m^2,14:58:46,28/6/17,Day of week:,Wednesday,36.38,Grade Celsius,
529,793.13,W/m^2,14:58:49,28/6/17,Day of week:,Wednesday,36.50,Grade Celsius,
531,779.98,W/m^2,14:58:52,28/6/17,Day of week:,Wednesday,36.63,Grade Celsius,
532,779.98,W/m^2,14:58:55,28/6/17,Day of week:,Wednesday,36.81,Grade Celsius,
534,779.98,W/m^2,14:58:58,28/6/17,Day of week:,Wednesday,37.00,Grade Celsius,
531,775.60,W/m^2,14:59:01,28/6/17,Day of week:,Wednesday,37.19,Grade Celsius,
533,777.06,W/m^2,14:59:04,28/6/17,Day of week:,Wednesday,37.13,Grade Celsius,
529,772.68,W/m^2,14:59:07,28/6/17,Day of week:,Wednesday,37.38,Grade Celsius,
532,775.60,W/m^2,14:59:10,28/6/17,Day of week:,Wednesday,37.50,Grade Celsius,
526,775.60,W/m^2,14:59:13,28/6/17,Day of week:,Wednesday,37.50,Grade Celsius,
541,782.90,W/m^2,14:59:16,28/6/17,Day of week:,Wednesday,37.63,Grade Celsius,
529,778.52,W/m^2,14:59:19,28/6/17,Day of week:,Wednesday,37.56,Grade Celsius,
531,777.06,W/m^2,14:59:23,28/6/17,Day of week:,Wednesday,37.75,Grade Celsius,
525,775.60,W/m^2,14:59:26,28/6/17,Day of week:,Wednesday,37.63,Grade Celsius,
525,775.60,W/m^2,14:59:29,28/6/17,Day of week:,Wednesday,37.50,Grade Celsius,
530,779.98,W/m^2,14:59:32,28/6/17,Day of week:,Wednesday,37.38,Grade Celsius,
528,774.14,W/m^2,14:59:35,28/6/17,Day of week:,Wednesday,37.56,Grade Celsius,
517,775.60,W/m^2,14:59:38,28/6/17,Day of week:,Wednesday,37.69,Grade Celsius,
522,771.22,W/m^2,14:59:41,28/6/17,Day of week:,Wednesday,37.69,Grade Celsius,
536,772.68,W/m^2,14:59:44,28/6/17,Day of week:,Wednesday,37.75,Grade Celsius,
527,775.60,W/m^2,14:59:47,28/6/17,Day of week:,Wednesday,37.81,Grade Celsius,
529,775.60,W/m^2,14:59:50,28/6/17,Day of week:,Wednesday,37.69,Grade Celsius,
527,772.68,W/m^2,14:59:53,28/6/17,Day of week:,Wednesday,37.81,Grade Celsius,
528,775.60,W/m^2,14:59:56,28/6/17,Day of week:,Wednesday,37.63,Grade Celsius,
526,771.22,W/m^2,14:59:59,28/6/17,Day of week:,Wednesday,37.56,Grade Celsius,
527,771.22,W/m^2,15:00:02,28/6/17,Day of week:,Wednesday,37.50,Grade Celsius,
526,782.90,W/m^2,15:00:05,28/6/17,Day of week:,Wednesday,37.69,Grade Celsius,
525,769.76,W/m^2,15:00:09,28/6/17,Day of week:,Wednesday,37.81,Grade Celsius,
519,769.76,W/m^2,15:00:12,28/6/17,Day of week:,Wednesday,38.00,Grade Celsius,
527,772.68,W/m^2,15:00:15,28/6/17,Day of week:,Wednesday,38.06,Grade Celsius,
530,768.30,W/m^2,15:00:18,28/6/17,Day of week:,Wednesday,38.19,Grade Celsius,
520,787.28,W/m^2,15:00:21,28/6/17,Day of week:,Wednesday,38.19,Grade Celsius,
532,772.68,W/m^2,15:00:24,28/6/17,Day of week:,Wednesday,37.94,Grade Celsius,
522,769.76,W/m^2,15:00:27,28/6/17,Day of week:,Wednesday,37.81,Grade Celsius,
524,785.82,W/m^2,15:00:30,28/6/17,Day of week:,Wednesday,37.50,Grade Celsius,
541,771.22,W/m^2,15:00:33,28/6/17,Day of week:,Wednesday,37.31,Grade Celsius,
526,765.38,W/m^2,15:00:36,28/6/17,Day of week:,Wednesday,37.38,Grade Celsius,
525,772.68,W/m^2,15:00:39,28/6/17,Day of week:,Wednesday,37.25,Grade Celsius,
515,772.68,W/m^2,15:00:42,28/6/17,Day of week:,Wednesday,37.06,Grade Celsius,
512,756.61,W/m^2,15:00:45,28/6/17,Day of week:,Wednesday,37.00,Grade Celsius,
519,769.76,W/m^2,15:00:48,28/6/17,Day of week:,Wednesday,36.81,Grade Celsius,
527,785.82,W/m^2,15:00:52,28/6/17,Day of week:,Wednesday,36.75,Grade Celsius,
525,763.91,W/m^2,15:00:55,28/6/17,Day of week:,Wednesday,36.50,Grade Celsius,
524,772.68,W/m^2,15:00:58,28/6/17,Day of week:,Wednesday,36.13,Grade Celsius,
532,771.22,W/m^2,15:01:01,28/6/17,Day of week:,Wednesday,35.81,Grade Celsius,
525,772.68,W/m^2,15:01:04,28/6/17,Day of week:,Wednesday,35.94,Grade Celsius,
521,771.22,W/m^2,15:01:07,28/6/17,Day of week:,Wednesday,35.88,Grade Celsius,
525,771.22,W/m^2,15:01:10,28/6/17,Day of week:,Wednesday,36.13,Grade Celsius,
524,753.69,W/m^2,15:01:13,28/6/17,Day of week:,Wednesday,36.00,Grade Celsius,
525,765.38,W/m^2,15:01:16,28/6/17,Day of week:,Wednesday,35.75,Grade Celsius,
526,772.68,W/m^2,15:01:19,28/6/17,Day of week:,Wednesday,35.88,Grade Celsius,
522,768.30,W/m^2,15:01:22,28/6/17,Day of week:,Wednesday,35.94,Grade Celsius,
521,766.84,W/m^2,15:01:25,28/6/17,Day of week:,Wednesday,36.19,Grade Celsius,
516,775.60,W/m^2,15:01:28,28/6/17,Day of week:,Wednesday,36.38,Grade Celsius,
524,769.76,W/m^2,15:01:31,28/6/17,Day of week:,Wednesday,36.50,Grade Celsius,
518,749.31,W/m^2,15:01:34,28/6/17,Day of week:,Wednesday,36.19,Grade Celsius,
525,772.68,W/m^2,15:01:38,28/6/17,Day of week:,Wednesday,36.13,Grade Celsius,
525,768.30,W/m^2,15:01:41,28/6/17,Day of week:,Wednesday,36.19,Grade Celsius,
521,774.14,W/m^2,15:01:44,28/6/17,Day of week:,Wednesday,36.19,Grade Celsius,
523,769.76,W/m^2,15:01:47,28/6/17,Day of week:,Wednesday,36.13,Grade Celsius,
524,772.68,W/m^2,15:01:50,28/6/17,Day of week:,Wednesday,36.00,Grade Celsius,
524,787.28,W/m^2,15:01:53,28/6/17,Day of week:,Wednesday,36.19,Grade Celsius,
534,768.30,W/m^2,15:01:56,28/6/17,Day of week:,Wednesday,36.31,Grade Celsius,
525,769.76,W/m^2,15:01:59,28/6/17,Day of week:,Wednesday,36.31,Grade Celsius,
530,769.76,W/m^2,15:02:02,28/6/17,Day of week:,Wednesday,36.31,Grade Celsius,
523,765.38,W/m^2,15:02:05,28/6/17,Day of week:,Wednesday,36.25,Grade Celsius,
523,768.30,W/m^2,15:02:08,28/6/17,Day of week:,Wednesday,36.19,Grade Celsius,
524,769.76,W/m^2,15:02:11,28/6/17,Day of week:,Wednesday,36.06,Grade Celsius,
524,765.38,W/m^2,15:02:14,28/6/17,Day of week:,Wednesday,36.31,Grade Celsius,
523,763.91,W/m^2,15:02:17,28/6/17,Day of week:,Wednesday,36.38,Grade Celsius,
519,768.30,W/m^2,15:02:20,28/6/17,Day of week:,Wednesday,36.63,Grade Celsius,
518,766.84,W/m^2,15:02:24,28/6/17,Day of week:,Wednesday,36.50,Grade Celsius,
523,760.99,W/m^2,15:02:27,28/6/17,Day of week:,Wednesday,36.25,Grade Celsius,
522,765.38,W/m^2,15:02:30,28/6/17,Day of week:,Wednesday,36.00,Grade Celsius,
525,769.76,W/m^2,15:02:33,28/6/17,Day of week:,Wednesday,36.19,Grade Celsius,
524,787.28,W/m^2,15:02:36,28/6/17,Day of week:,Wednesday,36.19,Grade Celsius,
535,763.91,W/m^2,15:02:39,28/6/17,Day of week:,Wednesday,36.25,Grade Celsius,
523,769.76,W/m^2,15:02:42,28/6/17,Day of week:,Wednesday,36.44,Grade Celsius,
537,768.30,W/m^2,15:02:45,28/6/17,Day of week:,Wednesday,36.63,Grade Celsius,
531,765.38,W/m^2,15:02:48,28/6/17,Day of week:,Wednesday,36.81,Grade Celsius,
525,765.38,W/m^2,15:02:51,28/6/17,Day of week:,Wednesday,36.25,Grade Celsius,
522,766.84,W/m^2,15:02:54,28/6/17,Day of week:,Wednesday,35.94,Grade Celsius,
526,766.84,W/m^2,15:02:57,28/6/17,Day of week:,Wednesday,35.75,Grade Celsius,
525,769.76,W/m^2,15:03:00,28/6/17,Day of week:,Wednesday,35.75,Grade Celsius,
523,766.84,W/m^2,15:03:03,28/6/17,Day of week:,Wednesday,35.63,Grade Celsius,
525,788.75,W/m^2,15:03:07,28/6/17,Day of week:,Wednesday,35.75,Grade Celsius,
522,765.38,W/m^2,15:03:10,28/6/17,Day of week:,Wednesday,35.63,Grade Celsius,
530,771.22,W/m^2,15:03:13,28/6/17,Day of week:,Wednesday,35.50,Grade Celsius,
524,766.84,W/m^2,15:03:16,28/6/17,Day of week:,Wednesday,35.69,Grade Celsius,
522,763.91,W/m^2,15:03:19,28/6/17,Day of week:,Wednesday,35.75,Grade Celsius,
522,766.84,W/m^2,15:03:22,28/6/17,Day of week:,Wednesday,35.75,Grade Celsius,
523,758.07,W/m^2,15:03:25,28/6/17,Day of week:,Wednesday,35.69,Grade Celsius,
523,765.38,W/m^2,15:03:28,28/6/17,Day of week:,Wednesday,35.81,Grade Celsius,
522,769.76,W/m^2,15:03:31,28/6/17,Day of week:,Wednesday,36.00,Grade Celsius,
517,766.84,W/m^2,15:03:34,28/6/17,Day of week:,Wednesday,36.13,Grade Celsius,
522,769.76,W/m^2,15:03:37,28/6/17,Day of week:,Wednesday,36.31,Grade Celsius,
527,752.23,W/m^2,15:03:40,28/6/17,Day of week:,Wednesday,36.56,Grade Celsius,
524,785.82,W/m^2,15:03:44,28/6/17,Day of week:,Wednesday,36.81,Grade Celsius,
521,768.30,W/m^2,15:03:47,28/6/17,Day of week:,Wednesday,37.00,Grade Celsius,
522,771.22,W/m^2,15:03:50,28/6/17,Day of week:,Wednesday,37.31,Grade Celsius,
525,771.22,W/m^2,15:03:53,28/6/17,Day of week:,Wednesday,37.06,Grade Celsius,
524,756.61,W/m^2,15:03:56,28/6/17,Day of week:,Wednesday,37.00,Grade Celsius,
523,756.61,W/m^2,15:03:59,28/6/17,Day of week:,Wednesday,37.00,Grade Celsius,
538,771.22,W/m^2,15:04:02,28/6/17,Day of week:,Wednesday,36.94,Grade Celsius,
527,771.22,W/m^2,15:04:05,28/6/17,Day of week:,Wednesday,36.88,Grade Celsius,
524,765.38,W/m^2,15:04:08,28/6/17,Day of week:,Wednesday,36.69,Grade Celsius,
523,769.76,W/m^2,15:04:11,28/6/17,Day of week:,Wednesday,36.50,Grade Celsius,
523,744.93,W/m^2,15:04:14,28/6/17,Day of week:,Wednesday,36.56,Grade Celsius,
523,769.76,W/m^2,15:04:17,28/6/17,Day of week:,Wednesday,36.19,Grade Celsius,
526,769.76,W/m^2,15:04:20,28/6/17,Day of week:,Wednesday,36.13,Grade Celsius,
524,765.38,W/m^2,15:04:23,28/6/17,Day of week:,Wednesday,35.81,Grade Celsius,
512,766.84,W/m^2,15:04:27,28/6/17,Day of week:,Wednesday,35.81,Grade Celsius,
522,772.68,W/m^2,15:04:30,28/6/17,Day of week:,Wednesday,35.63,Grade Celsius,
534,763.91,W/m^2,15:04:33,28/6/17,Day of week:,Wednesday,35.50,Grade Celsius,
525,772.68,W/m^2,15:04:36,28/6/17,Day of week:,Wednesday,35.44,Grade Celsius,
524,782.90,W/m^2,15:04:39,28/6/17,Day of week:,Wednesday,35.56,Grade Celsius,
515,772.68,W/m^2,15:04:42,28/6/17,Day of week:,Wednesday,35.69,Grade Celsius,
523,765.38,W/m^2,15:04:45,28/6/17,Day of week:,Wednesday,35.38,Grade Celsius,
525,765.38,W/m^2,15:04:48,28/6/17,Day of week:,Wednesday,35.63,Grade Celsius,
523,769.76,W/m^2,15:04:51,28/6/17,Day of week:,Wednesday,35.75,Grade Celsius,
525,777.06,W/m^2,15:04:54,28/6/17,Day of week:,Wednesday,35.38,Grade Celsius,
525,768.30,W/m^2,15:04:57,28/6/17,Day of week:,Wednesday,35.44,Grade Celsius,
523,768.30,W/m^2,15:05:00,28/6/17,Day of week:,Wednesday,35.25,Grade Celsius,
523,788.75,W/m^2,15:05:03,28/6/17,Day of week:,Wednesday,35.44,Grade Celsius,
524,762.45,W/m^2,15:05:06,28/6/17,Day of week:,Wednesday,35.50,Grade Celsius,
523,755.15,W/m^2,15:05:09,28/6/17,Day of week:,Wednesday,35.63,Grade Celsius,
522,766.84,W/m^2,15:05:13,28/6/17,Day of week:,Wednesday,35.38,Grade Celsius,
525,769.76,W/m^2,15:05:16,28/6/17,Day of week:,Wednesday,35.06,Grade Celsius,
523,768.30,W/m^2,15:05:19,28/6/17,Day of week:,Wednesday,34.69,Grade Celsius,
525,768.30,W/m^2,15:05:22,28/6/17,Day of week:,Wednesday,34.69,Grade Celsius,
510,766.84,W/m^2,15:05:25,28/6/17,Day of week:,Wednesday,34.50,Grade Celsius,
524,769.76,W/m^2,15:05:28,28/6/17,Day of week:,Wednesday,34.44,Grade Celsius,
523,766.84,W/m^2,15:05:31,28/6/17,Day of week:,Wednesday,34.50,Grade Celsius,
522,766.84,W/m^2,15:05:34,28/6/17,Day of week:,Wednesday,34.63,Grade Celsius,
525,769.76,W/m^2,15:05:37,28/6/17,Day of week:,Wednesday,34.50,Grade Celsius,
524,769.76,W/m^2,15:05:40,28/6/17,Day of week:,Wednesday,34.56,Grade Celsius,
523,762.45,W/m^2,15:05:43,28/6/17,Day of week:,Wednesday,34.69,Grade Celsius,
521,766.84,W/m^2,15:05:46,28/6/17,Day of week:,Wednesday,34.69,Grade Celsius,
522,762.45,W/m^2,15:05:49,28/6/17,Day of week:,Wednesday,34.50,Grade Celsius,
522,765.38,W/m^2,15:05:52,28/6/17,Day of week:,Wednesday,34.38,Grade Celsius,
524,769.76,W/m^2,15:05:55,28/6/17,Day of week:,Wednesday,34.19,Grade Celsius,
522,774.14,W/m^2,15:05:59,28/6/17,Day of week:,Wednesday,34.13,Grade Celsius,
522,768.30,W/m^2,15:06:02,28/6/17,Day of week:,Wednesday,34.00,Grade Celsius,
522,763.91,W/m^2,15:06:05,28/6/17,Day of week:,Wednesday,33.94,Grade Celsius,
520,766.84,W/m^2,15:06:08,28/6/17,Day of week:,Wednesday,33.69,Grade Celsius,
523,766.84,W/m^2,15:06:11,28/6/17,Day of week:,Wednesday,33.81,Grade Celsius,
524,768.30,W/m^2,15:06:14,28/6/17,Day of week:,Wednesday,33.88,Grade Celsius,
538,765.38,W/m^2,15:06:17,28/6/17,Day of week:,Wednesday,33.88,Grade Celsius,
520,752.23,W/m^2,15:06:20,28/6/17,Day of week:,Wednesday,34.00,Grade Celsius,
531,765.38,W/m^2,15:06:23,28/6/17,Day of week:,Wednesday,34.19,Grade Celsius,
522,760.99,W/m^2,15:06:26,28/6/17,Day of week:,Wednesday,34.31,Grade Celsius,
520,766.84,W/m^2,15:06:29,28/6/17,Day of week:,Wednesday,34.50,Grade Celsius,
523,766.84,W/m^2,15:06:32,28/6/17,Day of week:,Wednesday,34.75,Grade Celsius,
509,765.38,W/m^2,15:06:35,28/6/17,Day of week:,Wednesday,34.81,Grade Celsius,
520,763.91,W/m^2,15:06:38,28/6/17,Day of week:,Wednesday,35.13,Grade Celsius,
521,765.38,W/m^2,15:06:41,28/6/17,Day of week:,Wednesday,35.13,Grade Celsius,
511,771.22,W/m^2,15:06:45,28/6/17,Day of week:,Wednesday,34.88,Grade Celsius,
513,768.30,W/m^2,15:06:48,28/6/17,Day of week:,Wednesday,34.94,Grade Celsius,
520,766.84,W/m^2,15:06:51,28/6/17,Day of week:,Wednesday,34.88,Grade Celsius,
522,762.45,W/m^2,15:06:54,28/6/17,Day of week:,Wednesday,34.69,Grade Celsius,
520,762.45,W/m^2,15:06:57,28/6/17,Day of week:,Wednesday,34.63,Grade Celsius,
522,769.76,W/m^2,15:07:00,28/6/17,Day of week:,Wednesday,34.44,Grade Celsius,
523,766.84,W/m^2,15:07:03,28/6/17,Day of week:,Wednesday,34.44,Grade Celsius,
521,763.91,W/m^2,15:07:06,28/6/17,Day of week:,Wednesday,34.44,Grade Celsius,
520,746.39,W/m^2,15:07:09,28/6/17,Day of week:,Wednesday,34.50,Grade Celsius,
520,762.45,W/m^2,15:07:12,28/6/17,Day of week:,Wednesday,34.50,Grade Celsius,
521,765.38,W/m^2,15:07:15,28/6/17,Day of week:,Wednesday,34.50,Grade Celsius,
521,766.84,W/m^2,15:07:18,28/6/17,Day of week:,Wednesday,34.69,Grade Celsius,
523,782.90,W/m^2,15:07:21,28/6/17,Day of week:,Wednesday,34.81,Grade Celsius,
517,759.53,W/m^2,15:07:24,28/6/17,Day of week:,Wednesday,34.94,Grade Celsius,
520,759.53,W/m^2,15:07:28,28/6/17,Day of week:,Wednesday,35.13,Grade Celsius,
520,765.38,W/m^2,15:07:31,28/6/17,Day of week:,Wednesday,35.19,Grade Celsius,
524,755.15,W/m^2,15:07:34,28/6/17,Day of week:,Wednesday,35.25,Grade Celsius,
521,760.99,W/m^2,15:07:37,28/6/17,Day of week:,Wednesday,35.25,Grade Celsius,
520,765.38,W/m^2,15:07:40,28/6/17,Day of week:,Wednesday,35.31,Grade Celsius,
514,768.30,W/m^2,15:07:43,28/6/17,Day of week:,Wednesday,35.44,Grade Celsius,
517,777.06,W/m^2,15:07:46,28/6/17,Day of week:,Wednesday,35.63,Grade Celsius,
521,763.91,W/m^2,15:07:49,28/6/17,Day of week:,Wednesday,35.63,Grade Celsius,
518,763.91,W/m^2,15:07:52,28/6/17,Day of week:,Wednesday,35.31,Grade Celsius,
517,766.84,W/m^2,15:07:55,28/6/17,Day of week:,Wednesday,35.50,Grade Celsius,
525,744.93,W/m^2,15:07:58,28/6/17,Day of week:,Wednesday,35.69,Grade Celsius,
523,766.84,W/m^2,15:08:01,28/6/17,Day of week:,Wednesday,35.69,Grade Celsius,
520,771.22,W/m^2,15:08:04,28/6/17,Day of week:,Wednesday,35.50,Grade Celsius,
522,762.45,W/m^2,15:08:07,28/6/17,Day of week:,Wednesday,35.69,Grade Celsius,
516,746.39,W/m^2,15:08:11,28/6/17,Day of week:,Wednesday,35.75,Grade Celsius,
522,763.91,W/m^2,15:08:14,28/6/17,Day of week:,Wednesday,35.63,Grade Celsius,
521,763.91,W/m^2,15:08:17,28/6/17,Day of week:,Wednesday,35.75,Grade Celsius,
523,760.99,W/m^2,15:08:20,28/6/17,Day of week:,Wednesday,35.81,Grade Celsius,
519,760.99,W/m^2,15:08:23,28/6/17,Day of week:,Wednesday,35.69,Grade Celsius,
520,766.84,W/m^2,15:08:26,28/6/17,Day of week:,Wednesday,35.69,Grade Celsius,
533,762.45,W/m^2,15:08:29,28/6/17,Day of week:,Wednesday,35.63,Grade Celsius,
521,765.38,W/m^2,15:08:32,28/6/17,Day of week:,Wednesday,35.63,Grade Celsius,
520,765.38,W/m^2,15:08:35,28/6/17,Day of week:,Wednesday,35.69,Grade Celsius,
520,762.45,W/m^2,15:08:38,28/6/17,Day of week:,Wednesday,35.88,Grade Celsius,
528,760.99,W/m^2,15:08:41,28/6/17,Day of week:,Wednesday,35.88,Grade Celsius,
518,762.45,W/m^2,15:08:44,28/6/17,Day of week:,Wednesday,35.69,Grade Celsius,
519,772.68,W/m^2,15:08:47,28/6/17,Day of week:,Wednesday,35.63,Grade Celsius,
534,763.91,W/m^2,15:08:50,28/6/17,Day of week:,Wednesday,35.69,Grade Celsius,
519,760.99,W/m^2,15:08:54,28/6/17,Day of week:,Wednesday,35.75,Grade Celsius,
516,758.07,W/m^2,15:08:57,28/6/17,Day of week:,Wednesday,35.75,Grade Celsius,
530,759.53,W/m^2,15:09:00,28/6/17,Day of week:,Wednesday,35.75,Grade Celsius,
519,771.22,W/m^2,15:09:03,28/6/17,Day of week:,Wednesday,35.88,Grade Celsius,
516,758.07,W/m^2,15:09:06,28/6/17,Day of week:,Wednesday,35.81,Grade Celsius,
513,758.07,W/m^2,15:09:09,28/6/17,Day of week:,Wednesday,35.69,Grade Celsius,
517,762.45,W/m^2,15:09:12,28/6/17,Day of week:,Wednesday,35.56,Grade Celsius,
509,769.76,W/m^2,15:09:15,28/6/17,Day of week:,Wednesday,35.69,Grade Celsius,
515,737.62,W/m^2,15:09:18,28/6/17,Day of week:,Wednesday,35.88,Grade Celsius,
516,762.45,W/m^2,15:09:21,28/6/17,Day of week:,Wednesday,35.75,Grade Celsius,
518,755.15,W/m^2,15:09:24,28/6/17,Day of week:,Wednesday,35.75,Grade Celsius,
517,747.85,W/m^2,15:09:27,28/6/17,Day of week:,Wednesday,35.63,Grade Celsius,
514,758.07,W/m^2,15:09:30,28/6/17,Day of week:,Wednesday,35.75,Grade Celsius,
528,758.07,W/m^2,15:09:33,28/6/17,Day of week:,Wednesday,35.88,Grade Celsius,
528,759.53,W/m^2,15:09:36,28/6/17,Day of week:,Wednesday,36.13,Grade Celsius,
516,756.61,W/m^2,15:09:40,28/6/17,Day of week:,Wednesday,35.81,Grade Celsius,
516,759.53,W/m^2,15:09:43,28/6/17,Day of week:,Wednesday,35.75,Grade Celsius,
519,753.69,W/m^2,15:09:46,28/6/17,Day of week:,Wednesday,35.69,Grade Celsius,
523,760.99,W/m^2,15:09:49,28/6/17,Day of week:,Wednesday,35.81,Grade Celsius,
513,756.61,W/m^2,15:09:52,28/6/17,Day of week:,Wednesday,35.94,Grade Celsius,
516,756.61,W/m^2,15:09:55,28/6/17,Day of week:,Wednesday,36.00,Grade Celsius,
518,753.69,W/m^2,15:09:58,28/6/17,Day of week:,Wednesday,36.25,Grade Celsius,
515,756.61,W/m^2,15:10:01,28/6/17,Day of week:,Wednesday,36.44,Grade Celsius,
505,759.53,W/m^2,15:10:04,28/6/17,Day of week:,Wednesday,36.44,Grade Celsius,
516,760.99,W/m^2,15:10:07,28/6/17,Day of week:,Wednesday,36.25,Grade Celsius,
520,760.99,W/m^2,15:10:10,28/6/17,Day of week:,Wednesday,36.19,Grade Celsius,
517,755.15,W/m^2,15:10:13,28/6/17,Day of week:,Wednesday,36.00,Grade Celsius,
520,756.61,W/m^2,15:10:16,28/6/17,Day of week:,Wednesday,35.69,Grade Celsius,
518,756.61,W/m^2,15:10:19,28/6/17,Day of week:,Wednesday,35.38,Grade Celsius,
523,755.15,W/m^2,15:10:22,28/6/17,Day of week:,Wednesday,35.50,Grade Celsius,
515,756.61,W/m^2,15:10:26,28/6/17,Day of week:,Wednesday,35.31,Grade Celsius,
515,756.61,W/m^2,15:10:29,28/6/17,Day of week:,Wednesday,35.19,Grade Celsius,
519,760.99,W/m^2,15:10:32,28/6/17,Day of week:,Wednesday,35.13,Grade Celsius,
516,760.99,W/m^2,15:10:35,28/6/17,Day of week:,Wednesday,35.06,Grade Celsius,
517,762.45,W/m^2,15:10:38,28/6/17,Day of week:,Wednesday,35.19,Grade Celsius,
515,756.61,W/m^2,15:10:41,28/6/17,Day of week:,Wednesday,35.06,Grade Celsius,
515,758.07,W/m^2,15:10:44,28/6/17,Day of week:,Wednesday,35.06,Grade Celsius,
515,753.69,W/m^2,15:10:47,28/6/17,Day of week:,Wednesday,35.06,Grade Celsius,
516,759.53,W/m^2,15:10:50,28/6/17,Day of week:,Wednesday,35.13,Grade Celsius,
518,758.07,W/m^2,15:10:53,28/6/17,Day of week:,Wednesday,35.06,Grade Celsius,
529,755.15,W/m^2,15:10:56,28/6/17,Day of week:,Wednesday,34.94,Grade Celsius,
516,768.30,W/m^2,15:10:59,28/6/17,Day of week:,Wednesday,34.88,Grade Celsius,
517,756.61,W/m^2,15:11:02,28/6/17,Day of week:,Wednesday,35.00,Grade Celsius,
514,768.30,W/m^2,15:11:05,28/6/17,Day of week:,Wednesday,35.00,Grade Celsius,
517,755.15,W/m^2,15:11:09,28/6/17,Day of week:,Wednesday,35.06,Grade Celsius,
514,759.53,W/m^2,15:11:12,28/6/17,Day of week:,Wednesday,35.06,Grade Celsius,
507,756.61,W/m^2,15:11:15,28/6/17,Day of week:,Wednesday,35.19,Grade Celsius,
528,756.61,W/m^2,15:11:18,28/6/17,Day of week:,Wednesday,35.38,Grade Celsius,
515,740.54,W/m^2,15:11:21,28/6/17,Day of week:,Wednesday,35.50,Grade Celsius,
511,755.15,W/m^2,15:11:24,28/6/17,Day of week:,Wednesday,35.63,Grade Celsius,
518,734.70,W/m^2,15:11:27,28/6/17,Day of week:,Wednesday,35.50,Grade Celsius,
512,750.77,W/m^2,15:11:30,28/6/17,Day of week:,Wednesday,35.50,Grade Celsius,
516,756.61,W/m^2,15:11:33,28/6/17,Day of week:,Wednesday,35.81,Grade Celsius,
517,756.61,W/m^2,15:11:36,28/6/17,Day of week:,Wednesday,35.75,Grade Celsius,
515,734.70,W/m^2,15:11:39,28/6/17,Day of week:,Wednesday,35.94,Grade Celsius,
516,762.45,W/m^2,15:11:42,28/6/17,Day of week:,Wednesday,35.88,Grade Celsius,
506,755.15,W/m^2,15:11:45,28/6/17,Day of week:,Wednesday,35.81,Grade Celsius,
516,756.61,W/m^2,15:11:48,28/6/17,Day of week:,Wednesday,35.88,Grade Celsius,
514,731.78,W/m^2,15:11:51,28/6/17,Day of week:,Wednesday,35.94,Grade Celsius,
513,758.07,W/m^2,15:11:55,28/6/17,Day of week:,Wednesday,36.00,Grade Celsius,
516,758.07,W/m^2,15:11:58,28/6/17,Day of week:,Wednesday,35.94,Grade Celsius,
512,752.23,W/m^2,15:12:01,28/6/17,Day of week:,Wednesday,35.94,Grade Celsius,
502,758.07,W/m^2,15:12:04,28/6/17,Day of week:,Wednesday,36.00,Grade Celsius,
520,753.69,W/m^2,15:12:07,28/6/17,Day of week:,Wednesday,36.13,Grade Celsius,
517,758.07,W/m^2,15:12:10,28/6/17,Day of week:,Wednesday,36.13,Grade Celsius,
511,742.01,W/m^2,15:12:13,28/6/17,Day of week:,Wednesday,36.06,Grade Celsius,
513,755.15,W/m^2,15:12:16,28/6/17,Day of week:,Wednesday,36.19,Grade Celsius,
515,747.85,W/m^2,15:12:19,28/6/17,Day of week:,Wednesday,36.13,Grade Celsius,
515,749.31,W/m^2,15:12:22,28/6/17,Day of week:,Wednesday,36.25,Grade Celsius,
509,747.85,W/m^2,15:12:25,28/6/17,Day of week:,Wednesday,36.38,Grade Celsius,
513,755.15,W/m^2,15:12:28,28/6/17,Day of week:,Wednesday,36.25,Grade Celsius,
515,759.53,W/m^2,15:12:31,28/6/17,Day of week:,Wednesday,36.38,Grade Celsius,
513,749.31,W/m^2,15:12:34,28/6/17,Day of week:,Wednesday,36.44,Grade Celsius,
512,750.77,W/m^2,15:12:37,28/6/17,Day of week:,Wednesday,36.50,Grade Celsius,
517,742.01,W/m^2,15:12:41,28/6/17,Day of week:,Wednesday,36.56,Grade Celsius,
512,750.77,W/m^2,15:12:44,28/6/17,Day of week:,Wednesday,36.50,Grade Celsius,
515,749.31,W/m^2,15:12:47,28/6/17,Day of week:,Wednesday,36.44,Grade Celsius,
505,743.47,W/m^2,15:12:50,28/6/17,Day of week:,Wednesday,36.38,Grade Celsius,
512,758.07,W/m^2,15:12:53,28/6/17,Day of week:,Wednesday,36.13,Grade Celsius,
507,760.99,W/m^2,15:12:56,28/6/17,Day of week:,Wednesday,36.13,Grade Celsius,
513,749.31,W/m^2,15:12:59,28/6/17,Day of week:,Wednesday,36.06,Grade Celsius,
512,746.39,W/m^2,15:13:02,28/6/17,Day of week:,Wednesday,35.88,Grade Celsius,
502,746.39,W/m^2,15:13:05,28/6/17,Day of week:,Wednesday,35.81,Grade Celsius,
514,750.77,W/m^2,15:13:08,28/6/17,Day of week:,Wednesday,35.75,Grade Celsius,
513,749.31,W/m^2,15:13:11,28/6/17,Day of week:,Wednesday,35.81,Grade Celsius,
511,756.61,W/m^2,15:13:14,28/6/17,Day of week:,Wednesday,35.75,Grade Celsius,
508,740.54,W/m^2,15:13:17,28/6/17,Day of week:,Wednesday,35.69,Grade Celsius,
512,744.93,W/m^2,15:13:20,28/6/17,Day of week:,Wednesday,35.50,Grade Celsius,
513,747.85,W/m^2,15:13:24,28/6/17,Day of week:,Wednesday,35.44,Grade Celsius,
510,740.54,W/m^2,15:13:27,28/6/17,Day of week:,Wednesday,35.38,Grade Celsius,
513,758.07,W/m^2,15:13:30,28/6/17,Day of week:,Wednesday,35.25,Grade Celsius,
501,747.85,W/m^2,15:13:33,28/6/17,Day of week:,Wednesday,35.13,Grade Celsius,
510,746.39,W/m^2,15:13:36,28/6/17,Day of week:,Wednesday,34.94,Grade Celsius,
512,752.23,W/m^2,15:13:39,28/6/17,Day of week:,Wednesday,34.75,Grade Celsius,
508,749.31,W/m^2,15:13:42,28/6/17,Day of week:,Wednesday,34.69,Grade Celsius,
513,755.15,W/m^2,15:13:45,28/6/17,Day of week:,Wednesday,34.56,Grade Celsius,
509,747.85,W/m^2,15:13:48,28/6/17,Day of week:,Wednesday,34.69,Grade Celsius,
513,752.23,W/m^2,15:13:51,28/6/17,Day of week:,Wednesday,34.50,Grade Celsius,
515,744.93,W/m^2,15:13:54,28/6/17,Day of week:,Wednesday,34.50,Grade Celsius,
509,747.85,W/m^2,15:13:57,28/6/17,Day of week:,Wednesday,34.38,Grade Celsius,
510,749.31,W/m^2,15:14:01,28/6/17,Day of week:,Wednesday,34.38,Grade Celsius,
510,737.62,W/m^2,15:14:04,28/6/17,Day of week:,Wednesday,34.19,Grade Celsius,
508,749.31,W/m^2,15:14:07,28/6/17,Day of week:,Wednesday,34.13,Grade Celsius,
509,749.31,W/m^2,15:14:10,28/6/17,Day of week:,Wednesday,34.31,Grade Celsius,
511,749.31,W/m^2,15:14:13,28/6/17,Day of week:,Wednesday,34.50,Grade Celsius,
507,744.93,W/m^2,15:14:16,28/6/17,Day of week:,Wednesday,34.50,Grade Celsius,
502,747.85,W/m^2,15:14:19,28/6/17,Day of week:,Wednesday,34.44,Grade Celsius,
509,746.39,W/m^2,15:14:22,28/6/17,Day of week:,Wednesday,34.56,Grade Celsius,
511,747.85,W/m^2,15:14:25,28/6/17,Day of week:,Wednesday,34.38,Grade Celsius,
508,743.47,W/m^2,15:14:28,28/6/17,Day of week:,Wednesday,34.19,Grade Celsius,
510,746.39,W/m^2,15:14:31,28/6/17,Day of week:,Wednesday,34.19,Grade Celsius,
510,746.39,W/m^2,15:14:34,28/6/17,Day of week:,Wednesday,34.19,Grade Celsius,
499,750.77,W/m^2,15:14:37,28/6/17,Day of week:,Wednesday,34.19,Grade Celsius,
509,736.16,W/m^2,15:14:40,28/6/17,Day of week:,Wednesday,34.13,Grade Celsius,
509,743.47,W/m^2,15:14:43,28/6/17,Day of week:,Wednesday,34.13,Grade Celsius,
509,724.48,W/m^2,15:14:47,28/6/17,Day of week:,Wednesday,34.38,Grade Celsius,
503,742.01,W/m^2,15:14:50,28/6/17,Day of week:,Wednesday,34.31,Grade Celsius,
510,747.85,W/m^2,15:14:53,28/6/17,Day of week:,Wednesday,34.38,Grade Celsius,
509,758.07,W/m^2,15:14:56,28/6/17,Day of week:,Wednesday,34.50,Grade Celsius,
507,742.01,W/m^2,15:14:59,28/6/17,Day of week:,Wednesday,34.50,Grade Celsius,
507,725.94,W/m^2,15:15:02,28/6/17,Day of week:,Wednesday,34.63,Grade Celsius,
507,765.38,W/m^2,15:15:05,28/6/17,Day of week:,Wednesday,34.63,Grade Celsius,
512,743.47,W/m^2,15:15:08,28/6/17,Day of week:,Wednesday,34.69,Grade Celsius,
513,724.48,W/m^2,15:15:11,28/6/17,Day of week:,Wednesday,34.75,Grade Celsius,
507,743.47,W/m^2,15:15:14,28/6/17,Day of week:,Wednesday,34.94,Grade Celsius,
509,742.01,W/m^2,15:15:17,28/6/17,Day of week:,Wednesday,35.06,Grade Celsius,
506,740.54,W/m^2,15:15:20,28/6/17,Day of week:,Wednesday,35.06,Grade Celsius,
505,743.47,W/m^2,15:15:23,28/6/17,Day of week:,Wednesday,34.88,Grade Celsius,
507,742.01,W/m^2,15:15:26,28/6/17,Day of week:,Wednesday,34.94,Grade Celsius,
505,742.01,W/m^2,15:15:30,28/6/17,Day of week:,Wednesday,35.00,Grade Celsius,
506,737.62,W/m^2,15:15:33,28/6/17,Day of week:,Wednesday,35.00,Grade Celsius,
509,756.61,W/m^2,15:15:36,28/6/17,Day of week:,Wednesday,34.94,Grade Celsius,
503,740.54,W/m^2,15:15:39,28/6/17,Day of week:,Wednesday,34.94,Grade Celsius,
493,728.86,W/m^2,15:15:42,28/6/17,Day of week:,Wednesday,34.94,Grade Celsius,
506,760.99,W/m^2,15:15:45,28/6/17,Day of week:,Wednesday,35.00,Grade Celsius,
496,744.93,W/m^2,15:15:48,28/6/17,Day of week:,Wednesday,35.19,Grade Celsius,
520,742.01,W/m^2,15:15:51,28/6/17,Day of week:,Wednesday,35.31,Grade Celsius,
506,743.47,W/m^2,15:15:54,28/6/17,Day of week:,Wednesday,34.94,Grade Celsius,
502,740.54,W/m^2,15:15:57,28/6/17,Day of week:,Wednesday,34.81,Grade Celsius,
508,743.47,W/m^2,15:16:00,28/6/17,Day of week:,Wednesday,34.50,Grade Celsius,
508,731.78,W/m^2,15:16:03,28/6/17,Day of week:,Wednesday,34.38,Grade Celsius,
509,743.47,W/m^2,15:16:06,28/6/17,Day of week:,Wednesday,34.50,Grade Celsius,
507,742.01,W/m^2,15:16:09,28/6/17,Day of week:,Wednesday,34.63,Grade Celsius,
507,742.01,W/m^2,15:16:12,28/6/17,Day of week:,Wednesday,34.56,Grade Celsius,
502,744.93,W/m^2,15:16:16,28/6/17,Day of week:,Wednesday,34.56,Grade Celsius,
511,744.93,W/m^2,15:16:19,28/6/17,Day of week:,Wednesday,34.50,Grade Celsius,
505,742.01,W/m^2,15:16:22,28/6/17,Day of week:,Wednesday,34.44,Grade Celsius,
508,739.08,W/m^2,15:16:25,28/6/17,Day of week:,Wednesday,34.50,Grade Celsius,
507,744.93,W/m^2,15:16:28,28/6/17,Day of week:,Wednesday,34.63,Grade Celsius,
508,734.70,W/m^2,15:16:31,28/6/17,Day of week:,Wednesday,34.63,Grade Celsius,
508,744.93,W/m^2,15:16:34,28/6/17,Day of week:,Wednesday,34.50,Grade Celsius,
509,742.01,W/m^2,15:16:37,28/6/17,Day of week:,Wednesday,34.56,Grade Celsius,
507,743.47,W/m^2,15:16:40,28/6/17,Day of week:,Wednesday,34.69,Grade Celsius,
507,743.47,W/m^2,15:16:43,28/6/17,Day of week:,Wednesday,34.69,Grade Celsius,
506,758.07,W/m^2,15:16:46,28/6/17,Day of week:,Wednesday,34.63,Grade Celsius,
503,747.85,W/m^2,15:16:49,28/6/17,Day of week:,Wednesday,34.38,Grade Celsius,
508,750.77,W/m^2,15:16:52,28/6/17,Day of week:,Wednesday,34.50,Grade Celsius,
506,743.47,W/m^2,15:16:55,28/6/17,Day of week:,Wednesday,34.56,Grade Celsius,
507,749.31,W/m^2,15:16:58,28/6/17,Day of week:,Wednesday,34.69,Grade Celsius,
508,744.93,W/m^2,15:17:02,28/6/17,Day of week:,Wednesday,34.88,Grade Celsius,
507,746.39,W/m^2,15:17:05,28/6/17,Day of week:,Wednesday,35.06,Grade Celsius,
507,728.86,W/m^2,15:17:08,28/6/17,Day of week:,Wednesday,34.94,Grade Celsius,
507,740.54,W/m^2,15:17:11,28/6/17,Day of week:,Wednesday,34.88,Grade Celsius,
503,730.32,W/m^2,15:17:14,28/6/17,Day of week:,Wednesday,34.88,Grade Celsius,
505,736.16,W/m^2,15:17:17,28/6/17,Day of week:,Wednesday,34.81,Grade Celsius,
505,743.47,W/m^2,15:17:20,28/6/17,Day of week:,Wednesday,34.88,Grade Celsius,
510,742.01,W/m^2,15:17:23,28/6/17,Day of week:,Wednesday,34.94,Grade Celsius,
511,752.23,W/m^2,15:17:26,28/6/17,Day of week:,Wednesday,35.06,Grade Celsius,
492,740.54,W/m^2,15:17:29,28/6/17,Day of week:,Wednesday,35.00,Grade Celsius,
509,740.54,W/m^2,15:17:32,28/6/17,Day of week:,Wednesday,35.00,Grade Celsius,
509,744.93,W/m^2,15:17:35,28/6/17,Day of week:,Wednesday,34.94,Grade Celsius,
516,736.16,W/m^2,15:17:38,28/6/17,Day of week:,Wednesday,35.00,Grade Celsius,
503,742.01,W/m^2,15:17:41,28/6/17,Day of week:,Wednesday,34.81,Grade Celsius,
504,742.01,W/m^2,15:17:45,28/6/17,Day of week:,Wednesday,34.81,Grade Celsius,
507,742.01,W/m^2,15:17:48,28/6/17,Day of week:,Wednesday,34.81,Grade Celsius,
505,742.01,W/m^2,15:17:51,28/6/17,Day of week:,Wednesday,34.94,Grade Celsius,
502,736.16,W/m^2,15:17:54,28/6/17,Day of week:,Wednesday,34.94,Grade Celsius,
505,742.01,W/m^2,15:17:57,28/6/17,Day of week:,Wednesday,34.94,Grade Celsius,
507,743.47,W/m^2,15:18:00,28/6/17,Day of week:,Wednesday,34.81,Grade Celsius,
505,739.08,W/m^2,15:18:03,28/6/17,Day of week:,Wednesday,34.88,Grade Celsius,
498,759.53,W/m^2,15:18:06,28/6/17,Day of week:,Wednesday,34.69,Grade Celsius,
520,743.47,W/m^2,15:18:09,28/6/17,Day of week:,Wednesday,34.75,Grade Celsius,
519,740.54,W/m^2,15:18:12,28/6/17,Day of week:,Wednesday,34.69,Grade Celsius,
501,740.54,W/m^2,15:18:15,28/6/17,Day of week:,Wednesday,34.69,Grade Celsius,
504,760.99,W/m^2,15:18:18,28/6/17,Day of week:,Wednesday,34.94,Grade Celsius,
506,742.01,W/m^2,15:18:21,28/6/17,Day of week:,Wednesday,35.06,Grade Celsius,
505,740.54,W/m^2,15:18:24,28/6/17,Day of week:,Wednesday,35.25,Grade Celsius,
516,742.01,W/m^2,15:18:27,28/6/17,Day of week:,Wednesday,35.50,Grade Celsius,
504,720.10,W/m^2,15:18:31,28/6/17,Day of week:,Wednesday,35.44,Grade Celsius,
504,734.70,W/m^2,15:18:34,28/6/17,Day of week:,Wednesday,35.56,Grade Celsius,
504,742.01,W/m^2,15:18:37,28/6/17,Day of week:,Wednesday,35.63,Grade Celsius,
506,742.01,W/m^2,15:18:40,28/6/17,Day of week:,Wednesday,35.69,Grade Celsius,
508,734.70,W/m^2,15:18:43,28/6/17,Day of week:,Wednesday,35.94,Grade Celsius,
494,743.47,W/m^2,15:18:46,28/6/17,Day of week:,Wednesday,36.00,Grade Celsius,
499,739.08,W/m^2,15:18:49,28/6/17,Day of week:,Wednesday,36.00,Grade Celsius,
499,739.08,W/m^2,15:18:52,28/6/17,Day of week:,Wednesday,35.81,Grade Celsius,
505,739.08,W/m^2,15:18:55,28/6/17,Day of week:,Wednesday,35.56,Grade Celsius,
505,740.54,W/m^2,15:18:58,28/6/17,Day of week:,Wednesday,35.44,Grade Celsius,
497,737.62,W/m^2,15:19:01,28/6/17,Day of week:,Wednesday,35.63,Grade Celsius,
503,740.54,W/m^2,15:19:04,28/6/17,Day of week:,Wednesday,35.75,Grade Celsius,
503,737.62,W/m^2,15:19:07,28/6/17,Day of week:,Wednesday,35.75,Grade Celsius,
503,730.32,W/m^2,15:19:11,28/6/17,Day of week:,Wednesday,35.56,Grade Celsius,
504,743.47,W/m^2,15:19:14,28/6/17,Day of week:,Wednesday,35.31,Grade Celsius,
501,756.61,W/m^2,15:19:17,28/6/17,Day of week:,Wednesday,35.13,Grade Celsius,
502,736.16,W/m^2,15:19:20,28/6/17,Day of week:,Wednesday,35.19,Grade Celsius,
500,737.62,W/m^2,15:19:23,28/6/17,Day of week:,Wednesday,35.38,Grade Celsius,
492,753.69,W/m^2,15:19:26,28/6/17,Day of week:,Wednesday,35.50,Grade Celsius,
505,739.08,W/m^2,15:19:29,28/6/17,Day of week:,Wednesday,35.69,Grade Celsius,
502,737.62,W/m^2,15:19:32,28/6/17,Day of week:,Wednesday,35.50,Grade Celsius,
501,734.70,W/m^2,15:19:35,28/6/17,Day of week:,Wednesday,35.69,Grade Celsius,
499,734.70,W/m^2,15:19:38,28/6/17,Day of week:,Wednesday,35.81,Grade Celsius,
504,737.62,W/m^2,15:19:41,28/6/17,Day of week:,Wednesday,35.88,Grade Celsius,
505,736.16,W/m^2,15:19:44,28/6/17,Day of week:,Wednesday,35.75,Grade Celsius,
490,718.63,W/m^2,15:19:47,28/6/17,Day of week:,Wednesday,35.50,Grade Celsius,
501,734.70,W/m^2,15:19:50,28/6/17,Day of week:,Wednesday,35.25,Grade Celsius,
504,737.62,W/m^2,15:19:53,28/6/17,Day of week:,Wednesday,35.44,Grade Celsius,
504,736.16,W/m^2,15:19:57,28/6/17,Day of week:,Wednesday,35.56,Grade Celsius,
502,715.71,W/m^2,15:20:00,28/6/17,Day of week:,Wednesday,35.69,Grade Celsius,
499,727.40,W/m^2,15:20:03,28/6/17,Day of week:,Wednesday,35.88,Grade Celsius,
501,731.78,W/m^2,15:20:06,28/6/17,Day of week:,Wednesday,35.94,Grade Celsius,
504,733.24,W/m^2,15:20:09,28/6/17,Day of week:,Wednesday,35.88,Grade Celsius,
500,733.24,W/m^2,15:20:12,28/6/17,Day of week:,Wednesday,35.75,Grade Celsius,
498,730.32,W/m^2,15:20:15,28/6/17,Day of week:,Wednesday,35.88,Grade Celsius,
500,733.24,W/m^2,15:20:18,28/6/17,Day of week:,Wednesday,36.06,Grade Celsius,
486,728.86,W/m^2,15:20:21,28/6/17,Day of week:,Wednesday,36.19,Grade Celsius,
499,730.32,W/m^2,15:20:24,28/6/17,Day of week:,Wednesday,36.06,Grade Celsius,
498,728.86,W/m^2,15:20:27,28/6/17,Day of week:,Wednesday,35.81,Grade Celsius,
500,737.62,W/m^2,15:20:30,28/6/17,Day of week:,Wednesday,35.50,Grade Celsius,
511,736.16,W/m^2,15:20:33,28/6/17,Day of week:,Wednesday,35.50,Grade Celsius,
499,727.40,W/m^2,15:20:36,28/6/17,Day of week:,Wednesday,35.38,Grade Celsius,
498,728.86,W/m^2,15:20:39,28/6/17,Day of week:,Wednesday,35.44,Grade Celsius,
501,724.48,W/m^2,15:20:43,28/6/17,Day of week:,Wednesday,35.56,Grade Celsius,
498,728.86,W/m^2,15:20:46,28/6/17,Day of week:,Wednesday,35.50,Grade Celsius,
503,730.32,W/m^2,15:20:49,28/6/17,Day of week:,Wednesday,35.63,Grade Celsius,
498,712.79,W/m^2,15:20:52,28/6/17,Day of week:,Wednesday,35.69,Grade Celsius,
485,730.32,W/m^2,15:20:55,28/6/17,Day of week:,Wednesday,35.75,Grade Celsius,
497,725.94,W/m^2,15:20:58,28/6/17,Day of week:,Wednesday,35.50,Grade Celsius,
496,728.86,W/m^2,15:21:01,28/6/17,Day of week:,Wednesday,35.19,Grade Celsius,
497,740.54,W/m^2,15:21:04,28/6/17,Day of week:,Wednesday,35.00,Grade Celsius,
497,747.85,W/m^2,15:21:07,28/6/17,Day of week:,Wednesday,34.94,Grade Celsius,
497,733.24,W/m^2,15:21:10,28/6/17,Day of week:,Wednesday,34.75,Grade Celsius,
497,727.40,W/m^2,15:21:13,28/6/17,Day of week:,Wednesday,34.88,Grade Celsius,
495,730.32,W/m^2,15:21:16,28/6/17,Day of week:,Wednesday,35.00,Grade Celsius,
496,712.79,W/m^2,15:21:19,28/6/17,Day of week:,Wednesday,35.00,Grade Celsius,
499,727.40,W/m^2,15:21:22,28/6/17,Day of week:,Wednesday,35.00,Grade Celsius,
499,717.17,W/m^2,15:21:26,28/6/17,Day of week:,Wednesday,35.00,Grade Celsius,
498,717.17,W/m^2,15:21:29,28/6/17,Day of week:,Wednesday,34.88,Grade Celsius,
495,725.94,W/m^2,15:21:32,28/6/17,Day of week:,Wednesday,35.06,Grade Celsius,
494,711.33,W/m^2,15:21:35,28/6/17,Day of week:,Wednesday,35.06,Grade Celsius,
489,728.86,W/m^2,15:21:38,28/6/17,Day of week:,Wednesday,35.00,Grade Celsius,
502,727.40,W/m^2,15:21:41,28/6/17,Day of week:,Wednesday,34.88,Grade Celsius,
496,717.17,W/m^2,15:21:44,28/6/17,Day of week:,Wednesday,35.13,Grade Celsius,
507,715.71,W/m^2,15:21:47,28/6/17,Day of week:,Wednesday,35.25,Grade Celsius,
495,736.16,W/m^2,15:21:50,28/6/17,Day of week:,Wednesday,35.44,Grade Celsius,
486,724.48,W/m^2,15:21:53,28/6/17,Day of week:,Wednesday,35.00,Grade Celsius,
496,714.25,W/m^2,15:21:56,28/6/17,Day of week:,Wednesday,34.75,Grade Celsius,
498,727.40,W/m^2,15:21:59,28/6/17,Day of week:,Wednesday,34.75,Grade Celsius,
496,727.40,W/m^2,15:22:02,28/6/17,Day of week:,Wednesday,34.50,Grade Celsius,
494,736.16,W/m^2,15:22:05,28/6/17,Day of week:,Wednesday,34.56,Grade Celsius,
494,720.10,W/m^2,15:22:08,28/6/17,Day of week:,Wednesday,34.69,Grade Celsius,
495,724.48,W/m^2,15:22:12,28/6/17,Day of week:,Wednesday,34.63,Grade Celsius,
495,724.48,W/m^2,15:22:15,28/6/17,Day of week:,Wednesday,34.69,Grade Celsius,
492,708.41,W/m^2,15:22:18,28/6/17,Day of week:,Wednesday,34.75,Grade Celsius,
493,705.49,W/m^2,15:22:21,28/6/17,Day of week:,Wednesday,34.88,Grade Celsius,
493,723.02,W/m^2,15:22:24,28/6/17,Day of week:,Wednesday,35.00,Grade Celsius,
493,727.40,W/m^2,15:22:27,28/6/17,Day of week:,Wednesday,35.06,Grade Celsius,
493,730.32,W/m^2,15:22:30,28/6/17,Day of week:,Wednesday,35.06,Grade Celsius,
494,723.02,W/m^2,15:22:33,28/6/17,Day of week:,Wednesday,35.25,Grade Celsius,
495,724.48,W/m^2,15:22:36,28/6/17,Day of week:,Wednesday,35.44,Grade Celsius,
485,725.94,W/m^2,15:22:39,28/6/17,Day of week:,Wednesday,35.63,Grade Celsius,
492,704.03,W/m^2,15:22:42,28/6/17,Day of week:,Wednesday,35.50,Grade Celsius,
495,724.48,W/m^2,15:22:45,28/6/17,Day of week:,Wednesday,35.44,Grade Celsius,
493,721.56,W/m^2,15:22:48,28/6/17,Day of week:,Wednesday,35.25,Grade Celsius,
492,721.56,W/m^2,15:22:51,28/6/17,Day of week:,Wednesday,35.19,Grade Celsius,
493,731.78,W/m^2,15:22:55,28/6/17,Day of week:,Wednesday,35.25,Grade Celsius,
490,723.02,W/m^2,15:22:58,28/6/17,Day of week:,Wednesday,35.00,Grade Celsius,
491,717.17,W/m^2,15:23:01,28/6/17,Day of week:,Wednesday,34.94,Grade Celsius,
507,723.02,W/m^2,15:23:04,28/6/17,Day of week:,Wednesday,34.75,Grade Celsius,
493,720.10,W/m^2,15:23:07,28/6/17,Day of week:,Wednesday,34.69,Grade Celsius,
494,724.48,W/m^2,15:23:10,28/6/17,Day of week:,Wednesday,34.63,Grade Celsius,
487,721.56,W/m^2,15:23:13,28/6/17,Day of week:,Wednesday,34.75,Grade Celsius,
494,724.48,W/m^2,15:23:16,28/6/17,Day of week:,Wednesday,34.81,Grade Celsius,
487,717.17,W/m^2,15:23:19,28/6/17,Day of week:,Wednesday,34.81,Grade Celsius,
493,728.86,W/m^2,15:23:22,28/6/17,Day of week:,Wednesday,35.00,Grade Celsius,
495,721.56,W/m^2,15:23:25,28/6/17,Day of week:,Wednesday,35.19,Grade Celsius,
491,720.10,W/m^2,15:23:28,28/6/17,Day of week:,Wednesday,35.38,Grade Celsius,
490,718.63,W/m^2,15:23:31,28/6/17,Day of week:,Wednesday,35.63,Grade Celsius,
491,724.48,W/m^2,15:23:34,28/6/17,Day of week:,Wednesday,35.44,Grade Celsius,
493,725.94,W/m^2,15:23:37,28/6/17,Day of week:,Wednesday,35.25,Grade Celsius,
494,720.10,W/m^2,15:23:41,28/6/17,Day of week:,Wednesday,35.13,Grade Celsius,
492,723.02,W/m^2,15:23:44,28/6/17,Day of week:,Wednesday,35.13,Grade Celsius,
492,712.79,W/m^2,15:23:47,28/6/17,Day of week:,Wednesday,34.94,Grade Celsius,
495,717.17,W/m^2,15:23:50,28/6/17,Day of week:,Wednesday,35.00,Grade Celsius,
489,721.56,W/m^2,15:23:53,28/6/17,Day of week:,Wednesday,34.94,Grade Celsius,
491,720.10,W/m^2,15:23:56,28/6/17,Day of week:,Wednesday,34.94,Grade Celsius,
492,717.17,W/m^2,15:23:59,28/6/17,Day of week:,Wednesday,35.00,Grade Celsius,
491,718.63,W/m^2,15:24:02,28/6/17,Day of week:,Wednesday,35.19,Grade Celsius,
489,717.17,W/m^2,15:24:05,28/6/17,Day of week:,Wednesday,35.38,Grade Celsius,
488,718.63,W/m^2,15:24:08,28/6/17,Day of week:,Wednesday,35.56,Grade Celsius,
481,718.63,W/m^2,15:24:11,28/6/17,Day of week:,Wednesday,35.81,Grade Celsius,
488,724.48,W/m^2,15:24:14,28/6/17,Day of week:,Wednesday,36.00,Grade Celsius,
484,721.56,W/m^2,15:24:17,28/6/17,Day of week:,Wednesday,36.25,Grade Celsius,
491,720.10,W/m^2,15:24:20,28/6/17,Day of week:,Wednesday,36.00,Grade Celsius,
491,721.56,W/m^2,15:24:24,28/6/17,Day of week:,Wednesday,36.06,Grade Celsius,
491,712.79,W/m^2,15:24:27,28/6/17,Day of week:,Wednesday,36.13,Grade Celsius,
497,714.25,W/m^2,15:24:30,28/6/17,Day of week:,Wednesday,36.25,Grade Celsius,
488,723.02,W/m^2,15:24:33,28/6/17,Day of week:,Wednesday,36.50,Grade Celsius,
489,717.17,W/m^2,15:24:36,28/6/17,Day of week:,Wednesday,36.63,Grade Celsius,
490,717.17,W/m^2,15:24:39,28/6/17,Day of week:,Wednesday,36.63,Grade Celsius,
491,718.63,W/m^2,15:24:42,28/6/17,Day of week:,Wednesday,36.75,Grade Celsius,
488,714.25,W/m^2,15:24:45,28/6/17,Day of week:,Wednesday,36.69,Grade Celsius,
489,705.49,W/m^2,15:24:48,28/6/17,Day of week:,Wednesday,36.75,Grade Celsius,
490,717.17,W/m^2,15:24:51,28/6/17,Day of week:,Wednesday,36.63,Grade Celsius,
489,714.25,W/m^2,15:24:54,28/6/17,Day of week:,Wednesday,36.56,Grade Celsius,
501,715.71,W/m^2,15:24:57,28/6/17,Day of week:,Wednesday,36.38,Grade Celsius,
491,718.63,W/m^2,15:25:00,28/6/17,Day of week:,Wednesday,36.19,Grade Celsius,
490,718.63,W/m^2,15:25:04,28/6/17,Day of week:,Wednesday,36.13,Grade Celsius,
487,718.63,W/m^2,15:25:07,28/6/17,Day of week:,Wednesday,35.81,Grade Celsius,
476,708.41,W/m^2,15:25:10,28/6/17,Day of week:,Wednesday,35.75,Grade Celsius,
488,708.41,W/m^2,15:25:13,28/6/17,Day of week:,Wednesday,35.75,Grade Celsius,
477,736.16,W/m^2,15:25:16,28/6/17,Day of week:,Wednesday,35.81,Grade Celsius,
488,718.63,W/m^2,15:25:19,28/6/17,Day of week:,Wednesday,36.06,Grade Celsius,
497,720.10,W/m^2,15:25:22,28/6/17,Day of week:,Wednesday,36.06,Grade Celsius,
490,718.63,W/m^2,15:25:25,28/6/17,Day of week:,Wednesday,36.13,Grade Celsius,
492,720.10,W/m^2,15:25:28,28/6/17,Day of week:,Wednesday,36.25,Grade Celsius,
488,715.71,W/m^2,15:25:31,28/6/17,Day of week:,Wednesday,36.25,Grade Celsius,
486,708.41,W/m^2,15:25:34,28/6/17,Day of week:,Wednesday,36.00,Grade Celsius,
491,718.63,W/m^2,15:25:37,28/6/17,Day of week:,Wednesday,35.88,Grade Celsius,
489,717.17,W/m^2,15:25:40,28/6/17,Day of week:,Wednesday,35.81,Grade Celsius,
495,723.02,W/m^2,15:25:43,28/6/17,Day of week:,Wednesday,35.75,Grade Celsius,
491,714.25,W/m^2,15:25:47,28/6/17,Day of week:,Wednesday,35.81,Grade Celsius,
477,715.71,W/m^2,15:25:50,28/6/17,Day of week:,Wednesday,35.63,Grade Celsius,
487,715.71,W/m^2,15:25:53,28/6/17,Day of week:,Wednesday,35.50,Grade Celsius,
482,718.63,W/m^2,15:25:56,28/6/17,Day of week:,Wednesday,35.31,Grade Celsius,
489,723.02,W/m^2,15:25:59,28/6/17,Day of week:,Wednesday,35.19,Grade Celsius,
489,717.17,W/m^2,15:26:02,28/6/17,Day of week:,Wednesday,35.13,Grade Celsius,
498,717.17,W/m^2,15:26:05,28/6/17,Day of week:,Wednesday,34.94,Grade Celsius,
489,715.71,W/m^2,15:26:08,28/6/17,Day of week:,Wednesday,34.88,Grade Celsius,
488,715.71,W/m^2,15:26:11,28/6/17,Day of week:,Wednesday,34.75,Grade Celsius,
489,720.10,W/m^2,15:26:14,28/6/17,Day of week:,Wednesday,34.75,Grade Celsius,
488,717.17,W/m^2,15:26:17,28/6/17,Day of week:,Wednesday,34.63,Grade Celsius,
488,714.25,W/m^2,15:26:20,28/6/17,Day of week:,Wednesday,34.69,Grade Celsius,
489,717.17,W/m^2,15:26:23,28/6/17,Day of week:,Wednesday,34.94,Grade Celsius,
488,718.63,W/m^2,15:26:26,28/6/17,Day of week:,Wednesday,35.13,Grade Celsius,
486,712.79,W/m^2,15:26:29,28/6/17,Day of week:,Wednesday,35.31,Grade Celsius,
486,715.71,W/m^2,15:26:33,28/6/17,Day of week:,Wednesday,35.50,Grade Celsius,
489,715.71,W/m^2,15:26:36,28/6/17,Day of week:,Wednesday,35.50,Grade Celsius,
491,712.79,W/m^2,15:26:39,28/6/17,Day of week:,Wednesday,35.63,Grade Celsius,
488,714.25,W/m^2,15:26:42,28/6/17,Day of week:,Wednesday,35.75,Grade Celsius,
484,711.33,W/m^2,15:26:45,28/6/17,Day of week:,Wednesday,35.94,Grade Celsius,
485,711.33,W/m^2,15:26:48,28/6/17,Day of week:,Wednesday,35.94,Grade Celsius,
485,690.88,W/m^2,15:26:51,28/6/17,Day of week:,Wednesday,36.06,Grade Celsius,
494,714.25,W/m^2,15:26:54,28/6/17,Day of week:,Wednesday,36.00,Grade Celsius,
487,714.25,W/m^2,15:26:57,28/6/17,Day of week:,Wednesday,35.94,Grade Celsius,
486,711.33,W/m^2,15:27:00,28/6/17,Day of week:,Wednesday,36.19,Grade Celsius,
501,711.33,W/m^2,15:27:03,28/6/17,Day of week:,Wednesday,36.25,Grade Celsius,
480,709.87,W/m^2,15:27:06,28/6/17,Day of week:,Wednesday,36.38,Grade Celsius,
485,712.79,W/m^2,15:27:09,28/6/17,Day of week:,Wednesday,36.50,Grade Celsius,
483,730.32,W/m^2,15:27:12,28/6/17,Day of week:,Wednesday,36.50,Grade Celsius,
487,714.25,W/m^2,15:27:15,28/6/17,Day of week:,Wednesday,36.38,Grade Celsius,
500,711.33,W/m^2,15:27:19,28/6/17,Day of week:,Wednesday,36.38,Grade Celsius,
487,706.95,W/m^2,15:27:22,28/6/17,Day of week:,Wednesday,36.44,Grade Celsius,
487,709.87,W/m^2,15:27:25,28/6/17,Day of week:,Wednesday,36.38,Grade Celsius,
480,712.79,W/m^2,15:27:28,28/6/17,Day of week:,Wednesday,36.06,Grade Celsius,
491,705.49,W/m^2,15:27:31,28/6/17,Day of week:,Wednesday,35.81,Grade Celsius,
489,724.48,W/m^2,15:27:34,28/6/17,Day of week:,Wednesday,35.63,Grade Celsius,
487,714.25,W/m^2,15:27:37,28/6/17,Day of week:,Wednesday,35.50,Grade Celsius,
485,718.63,W/m^2,15:27:40,28/6/17,Day of week:,Wednesday,35.44,Grade Celsius,
487,718.63,W/m^2,15:27:43,28/6/17,Day of week:,Wednesday,35.63,Grade Celsius,
485,711.33,W/m^2,15:27:46,28/6/17,Day of week:,Wednesday,35.69,Grade Celsius,
486,717.17,W/m^2,15:27:49,28/6/17,Day of week:,Wednesday,35.75,Grade Celsius,
486,712.79,W/m^2,15:27:52,28/6/17,Day of week:,Wednesday,35.75,Grade Celsius,
486,711.33,W/m^2,15:27:55,28/6/17,Day of week:,Wednesday,35.88,Grade Celsius,
483,701.11,W/m^2,15:27:58,28/6/17,Day of week:,Wednesday,35.81,Grade Celsius,
485,715.71,W/m^2,15:28:02,28/6/17,Day of week:,Wednesday,35.75,Grade Celsius,
478,711.33,W/m^2,15:28:05,28/6/17,Day of week:,Wednesday,35.69,Grade Celsius,
486,721.56,W/m^2,15:28:08,28/6/17,Day of week:,Wednesday,35.75,Grade Celsius,
485,712.79,W/m^2,15:28:11,28/6/17,Day of week:,Wednesday,35.75,Grade Celsius,
475,721.56,W/m^2,15:28:14,28/6/17,Day of week:,Wednesday,35.75,Grade Celsius,
483,709.87,W/m^2,15:28:17,28/6/17,Day of week:,Wednesday,35.75,Grade Celsius,
473,711.33,W/m^2,15:28:20,28/6/17,Day of week:,Wednesday,35.88,Grade Celsius,
477,708.41,W/m^2,15:28:23,28/6/17,Day of week:,Wednesday,35.75,Grade Celsius,
488,711.33,W/m^2,15:28:26,28/6/17,Day of week:,Wednesday,35.75,Grade Celsius,
484,705.49,W/m^2,15:28:29,28/6/17,Day of week:,Wednesday,35.75,Grade Celsius,
483,706.95,W/m^2,15:28:32,28/6/17,Day of week:,Wednesday,35.69,Grade Celsius,
483,705.49,W/m^2,15:28:35,28/6/17,Day of week:,Wednesday,35.88,Grade Celsius,
479,711.33,W/m^2,15:28:38,28/6/17,Day of week:,Wednesday,36.06,Grade Celsius,
480,714.25,W/m^2,15:28:41,28/6/17,Day of week:,Wednesday,36.06,Grade Celsius,
484,711.33,W/m^2,15:28:44,28/6/17,Day of week:,Wednesday,36.13,Grade Celsius,
472,709.87,W/m^2,15:28:48,28/6/17,Day of week:,Wednesday,36.00,Grade Celsius,
489,708.41,W/m^2,15:28:51,28/6/17,Day of week:,Wednesday,35.69,Grade Celsius,
483,706.95,W/m^2,15:28:54,28/6/17,Day of week:,Wednesday,35.75,Grade Celsius,
486,712.79,W/m^2,15:28:57,28/6/17,Day of week:,Wednesday,35.88,Grade Celsius,
484,708.41,W/m^2,15:29:00,28/6/17,Day of week:,Wednesday,36.06,Grade Celsius,
486,712.79,W/m^2,15:29:03,28/6/17,Day of week:,Wednesday,36.00,Grade Celsius,
482,708.41,W/m^2,15:29:06,28/6/17,Day of week:,Wednesday,36.06,Grade Celsius,
483,709.87,W/m^2,15:29:09,28/6/17,Day of week:,Wednesday,35.94,Grade Celsius,
485,720.10,W/m^2,15:29:12,28/6/17,Day of week:,Wednesday,36.06,Grade Celsius,
484,709.87,W/m^2,15:29:15,28/6/17,Day of week:,Wednesday,36.06,Grade Celsius,
483,709.87,W/m^2,15:29:18,28/6/17,Day of week:,Wednesday,36.25,Grade Celsius,
484,702.57,W/m^2,15:29:21,28/6/17,Day of week:,Wednesday,36.13,Grade Celsius,
480,711.33,W/m^2,15:29:24,28/6/17,Day of week:,Wednesday,36.25,Grade Celsius,
481,709.87,W/m^2,15:29:27,28/6/17,Day of week:,Wednesday,36.38,Grade Celsius,
482,717.17,W/m^2,15:29:31,28/6/17,Day of week:,Wednesday,36.56,Grade Celsius,
483,709.87,W/m^2,15:29:34,28/6/17,Day of week:,Wednesday,36.69,Grade Celsius,
481,705.49,W/m^2,15:29:37,28/6/17,Day of week:,Wednesday,36.50,Grade Celsius,
482,712.79,W/m^2,15:29:40,28/6/17,Day of week:,Wednesday,36.06,Grade Celsius,
483,711.33,W/m^2,15:29:43,28/6/17,Day of week:,Wednesday,36.06,Grade Celsius,
484,709.87,W/m^2,15:29:46,28/6/17,Day of week:,Wednesday,35.75,Grade Celsius,
483,717.17,W/m^2,15:29:49,28/6/17,Day of week:,Wednesday,35.75,Grade Celsius,
480,705.49,W/m^2,15:29:52,28/6/17,Day of week:,Wednesday,35.75,Grade Celsius,
481,709.87,W/m^2,15:29:55,28/6/17,Day of week:,Wednesday,35.69,Grade Celsius,
483,708.41,W/m^2,15:29:58,28/6/17,Day of week:,Wednesday,35.50,Grade Celsius,
482,711.33,W/m^2,15:30:01,28/6/17,Day of week:,Wednesday,35.56,Grade Celsius,
483,706.95,W/m^2,15:30:04,28/6/17,Day of week:,Wednesday,35.63,Grade Celsius,
480,704.03,W/m^2,15:30:07,28/6/17,Day of week:,Wednesday,35.75,Grade Celsius,
481,706.95,W/m^2,15:30:10,28/6/17,Day of week:,Wednesday,36.00,Grade Celsius,
482,708.41,W/m^2,15:30:14,28/6/17,Day of week:,Wednesday,35.81,Grade Celsius,
483,706.95,W/m^2,15:30:17,28/6/17,Day of week:,Wednesday,35.63,Grade Celsius,
483,706.95,W/m^2,15:30:20,28/6/17,Day of week:,Wednesday,35.38,Grade Celsius,
471,701.11,W/m^2,15:30:23,28/6/17,Day of week:,Wednesday,35.13,Grade Celsius,
483,705.49,W/m^2,15:30:26,28/6/17,Day of week:,Wednesday,35.00,Grade Celsius,
479,702.57,W/m^2,15:30:29,28/6/17,Day of week:,Wednesday,34.94,Grade Celsius,
471,705.49,W/m^2,15:30:32,28/6/17,Day of week:,Wednesday,35.00,Grade Celsius,
482,706.95,W/m^2,15:30:35,28/6/17,Day of week:,Wednesday,35.19,Grade Celsius,
494,709.87,W/m^2,15:30:38,28/6/17,Day of week:,Wednesday,35.19,Grade Celsius,
475,695.26,W/m^2,15:30:41,28/6/17,Day of week:,Wednesday,35.38,Grade Celsius,
475,695.26,W/m^2,15:30:44,28/6/17,Day of week:,Wednesday,35.63,Grade Celsius,
479,704.03,W/m^2,15:30:47,28/6/17,Day of week:,Wednesday,35.81,Grade Celsius,
488,706.95,W/m^2,15:30:50,28/6/17,Day of week:,Wednesday,35.81,Grade Celsius,
479,705.49,W/m^2,15:30:53,28/6/17,Day of week:,Wednesday,35.81,Grade Celsius,
480,705.49,W/m^2,15:30:56,28/6/17,Day of week:,Wednesday,35.69,Grade Celsius,
480,702.57,W/m^2,15:31:00,28/6/17,Day of week:,Wednesday,35.81,Grade Celsius,
481,711.33,W/m^2,15:31:03,28/6/17,Day of week:,Wednesday,35.81,Grade Celsius,
475,702.57,W/m^2,15:31:06,28/6/17,Day of week:,Wednesday,35.81,Grade Celsius,
480,687.96,W/m^2,15:31:09,28/6/17,Day of week:,Wednesday,35.75,Grade Celsius,
481,705.49,W/m^2,15:31:12,28/6/17,Day of week:,Wednesday,35.69,Grade Celsius,
481,705.49,W/m^2,15:31:15,28/6/17,Day of week:,Wednesday,35.50,Grade Celsius,
477,704.03,W/m^2,15:31:18,28/6/17,Day of week:,Wednesday,35.56,Grade Celsius,
479,701.11,W/m^2,15:31:21,28/6/17,Day of week:,Wednesday,35.56,Grade Celsius,
480,704.03,W/m^2,15:31:24,28/6/17,Day of week:,Wednesday,35.50,Grade Celsius,
480,705.49,W/m^2,15:31:27,28/6/17,Day of week:,Wednesday,35.63,Grade Celsius,
481,721.56,W/m^2,15:31:30,28/6/17,Day of week:,Wednesday,35.56,Grade Celsius,
481,705.49,W/m^2,15:31:33,28/6/17,Day of week:,Wednesday,35.75,Grade Celsius,
481,687.96,W/m^2,15:31:36,28/6/17,Day of week:,Wednesday,35.50,Grade Celsius,
481,689.42,W/m^2,15:31:39,28/6/17,Day of week:,Wednesday,35.31,Grade Celsius,
479,701.11,W/m^2,15:31:42,28/6/17,Day of week:,Wednesday,35.13,Grade Celsius,
480,714.25,W/m^2,15:31:46,28/6/17,Day of week:,Wednesday,34.81,Grade Celsius,
491,706.95,W/m^2,15:31:49,28/6/17,Day of week:,Wednesday,34.88,Grade Celsius,
483,705.49,W/m^2,15:31:52,28/6/17,Day of week:,Wednesday,34.94,Grade Celsius,
479,701.11,W/m^2,15:31:55,28/6/17,Day of week:,Wednesday,35.13,Grade Celsius,
479,704.03,W/m^2,15:31:58,28/6/17,Day of week:,Wednesday,35.13,Grade Celsius,
480,717.17,W/m^2,15:32:01,28/6/17,Day of week:,Wednesday,35.00,Grade Celsius,
479,702.57,W/m^2,15:32:04,28/6/17,Day of week:,Wednesday,35.19,Grade Celsius,
480,704.03,W/m^2,15:32:07,28/6/17,Day of week:,Wednesday,35.31,Grade Celsius,
479,704.03,W/m^2,15:32:10,28/6/17,Day of week:,Wednesday,35.25,Grade Celsius,
471,704.03,W/m^2,15:32:13,28/6/17,Day of week:,Wednesday,35.44,Grade Celsius,
480,696.73,W/m^2,15:32:16,28/6/17,Day of week:,Wednesday,35.63,Grade Celsius,
481,704.03,W/m^2,15:32:19,28/6/17,Day of week:,Wednesday,35.75,Grade Celsius,
481,704.03,W/m^2,15:32:22,28/6/17,Day of week:,Wednesday,35.81,Grade Celsius,
470,702.57,W/m^2,15:32:25,28/6/17,Day of week:,Wednesday,35.75,Grade Celsius,
480,701.11,W/m^2,15:32:29,28/6/17,Day of week:,Wednesday,35.63,Grade Celsius,
470,704.03,W/m^2,15:32:32,28/6/17,Day of week:,Wednesday,35.63,Grade Celsius,
480,701.11,W/m^2,15:32:35,28/6/17,Day of week:,Wednesday,35.50,Grade Celsius,
480,683.58,W/m^2,15:32:38,28/6/17,Day of week:,Wednesday,35.56,Grade Celsius,
478,702.57,W/m^2,15:32:41,28/6/17,Day of week:,Wednesday,35.63,Grade Celsius,
488,693.80,W/m^2,15:32:44,28/6/17,Day of week:,Wednesday,35.75,Grade Celsius,
481,704.03,W/m^2,15:32:47,28/6/17,Day of week:,Wednesday,35.63,Grade Celsius,
479,698.19,W/m^2,15:32:50,28/6/17,Day of week:,Wednesday,35.50,Grade Celsius,
478,717.17,W/m^2,15:32:53,28/6/17,Day of week:,Wednesday,35.44,Grade Celsius,
478,704.03,W/m^2,15:32:56,28/6/17,Day of week:,Wednesday,35.44,Grade Celsius,
478,705.49,W/m^2,15:32:59,28/6/17,Day of week:,Wednesday,35.50,Grade Celsius,
480,705.49,W/m^2,15:33:02,28/6/17,Day of week:,Wednesday,35.56,Grade Celsius,
475,718.63,W/m^2,15:33:05,28/6/17,Day of week:,Wednesday,35.50,Grade Celsius,
479,708.41,W/m^2,15:33:08,28/6/17,Day of week:,Wednesday,35.50,Grade Celsius,
481,705.49,W/m^2,15:33:11,28/6/17,Day of week:,Wednesday,35.44,Grade Celsius,
481,706.95,W/m^2,15:33:15,28/6/17,Day of week:,Wednesday,35.44,Grade Celsius,
483,689.42,W/m^2,15:33:18,28/6/17,Day of week:,Wednesday,35.50,Grade Celsius,
479,704.03,W/m^2,15:33:21,28/6/17,Day of week:,Wednesday,35.69,Grade Celsius,
481,714.25,W/m^2,15:33:24,28/6/17,Day of week:,Wednesday,35.88,Grade Celsius,
479,698.19,W/m^2,15:33:27,28/6/17,Day of week:,Wednesday,36.00,Grade Celsius,
479,704.03,W/m^2,15:33:30,28/6/17,Day of week:,Wednesday,36.19,Grade Celsius,
476,704.03,W/m^2,15:33:33,28/6/17,Day of week:,Wednesday,36.25,Grade Celsius,
480,701.11,W/m^2,15:33:36,28/6/17,Day of week:,Wednesday,36.38,Grade Celsius,
482,702.57,W/m^2,15:33:39,28/6/17,Day of week:,Wednesday,36.50,Grade Celsius,
477,701.11,W/m^2,15:33:42,28/6/17,Day of week:,Wednesday,36.56,Grade Celsius,
481,702.57,W/m^2,15:33:45,28/6/17,Day of week:,Wednesday,36.69,Grade Celsius,
481,685.04,W/m^2,15:33:48,28/6/17,Day of week:,Wednesday,36.75,Grade Celsius,
484,706.95,W/m^2,15:33:51,28/6/17,Day of week:,Wednesday,36.63,Grade Celsius,
487,706.95,W/m^2,15:33:54,28/6/17,Day of week:,Wednesday,36.50,Grade Celsius,
482,687.96,W/m^2,15:33:58,28/6/17,Day of week:,Wednesday,36.75,Grade Celsius,
479,699.65,W/m^2,15:34:01,28/6/17,Day of week:,Wednesday,36.88,Grade Celsius,
480,704.03,W/m^2,15:34:04,28/6/17,Day of week:,Wednesday,36.88,Grade Celsius,
485,705.49,W/m^2,15:34:07,28/6/17,Day of week:,Wednesday,36.69,Grade Celsius,
480,699.65,W/m^2,15:34:10,28/6/17,Day of week:,Wednesday,36.25,Grade Celsius,
476,701.11,W/m^2,15:34:13,28/6/17,Day of week:,Wednesday,36.19,Grade Celsius,
481,717.17,W/m^2,15:34:16,28/6/17,Day of week:,Wednesday,35.88,Grade Celsius,
490,685.04,W/m^2,15:34:19,28/6/17,Day of week:,Wednesday,36.00,Grade Celsius,
479,704.03,W/m^2,15:34:22,28/6/17,Day of week:,Wednesday,35.88,Grade Celsius,
481,704.03,W/m^2,15:34:25,28/6/17,Day of week:,Wednesday,35.63,Grade Celsius,
482,709.87,W/m^2,15:34:28,28/6/17,Day of week:,Wednesday,35.63,Grade Celsius,
490,701.11,W/m^2,15:34:31,28/6/17,Day of week:,Wednesday,35.75,Grade Celsius,
479,701.11,W/m^2,15:34:34,28/6/17,Day of week:,Wednesday,35.50,Grade Celsius,
480,701.11,W/m^2,15:34:37,28/6/17,Day of week:,Wednesday,35.19,Grade Celsius,
480,705.49,W/m^2,15:34:40,28/6/17,Day of week:,Wednesday,35.31,Grade Celsius,
477,699.65,W/m^2,15:34:44,28/6/17,Day of week:,Wednesday,35.50,Grade Celsius,
477,701.11,W/m^2,15:34:47,28/6/17,Day of week:,Wednesday,35.69,Grade Celsius,
477,704.03,W/m^2,15:34:50,28/6/17,Day of week:,Wednesday,35.63,Grade Celsius,
485,705.49,W/m^2,15:34:53,28/6/17,Day of week:,Wednesday,35.50,Grade Celsius,
481,704.03,W/m^2,15:34:56,28/6/17,Day of week:,Wednesday,35.44,Grade Celsius,
474,699.65,W/m^2,15:34:59,28/6/17,Day of week:,Wednesday,35.38,Grade Celsius,
487,702.57,W/m^2,15:35:02,28/6/17,Day of week:,Wednesday,35.25,Grade Celsius,
477,701.11,W/m^2,15:35:05,28/6/17,Day of week:,Wednesday,35.38,Grade Celsius,
475,701.11,W/m^2,15:35:08,28/6/17,Day of week:,Wednesday,35.44,Grade Celsius,
479,701.11,W/m^2,15:35:11,28/6/17,Day of week:,Wednesday,35.63,Grade Celsius,
485,680.66,W/m^2,15:35:14,28/6/17,Day of week:,Wednesday,35.88,Grade Celsius,
476,683.58,W/m^2,15:35:17,28/6/17,Day of week:,Wednesday,35.94,Grade Celsius,
465,701.11,W/m^2,15:35:21,28/6/17,Day of week:,Wednesday,36.00,Grade Celsius,
476,699.65,W/m^2,15:35:24,28/6/17,Day of week:,Wednesday,36.06,Grade Celsius,
477,701.11,W/m^2,15:35:27,28/6/17,Day of week:,Wednesday,36.00,Grade Celsius,
476,701.11,W/m^2,15:35:30,28/6/17,Day of week:,Wednesday,36.19,Grade Celsius,
477,705.49,W/m^2,15:35:33,28/6/17,Day of week:,Wednesday,36.25,Grade Celsius,
478,699.65,W/m^2,15:35:36,28/6/17,Day of week:,Wednesday,36.44,Grade Celsius,
477,699.65,W/m^2,15:35:39,28/6/17,Day of week:,Wednesday,36.56,Grade Celsius,
479,705.49,W/m^2,15:35:42,28/6/17,Day of week:,Wednesday,36.63,Grade Celsius,
480,698.19,W/m^2,15:35:45,28/6/17,Day of week:,Wednesday,36.63,Grade Celsius,
477,701.11,W/m^2,15:35:48,28/6/17,Day of week:,Wednesday,36.63,Grade Celsius,
479,701.11,W/m^2,15:35:51,28/6/17,Day of week:,Wednesday,36.56,Grade Celsius,
476,677.74,W/m^2,15:35:54,28/6/17,Day of week:,Wednesday,36.50,Grade Celsius,
479,702.57,W/m^2,15:35:57,28/6/17,Day of week:,Wednesday,36.50,Grade Celsius,
478,699.65,W/m^2,15:36:00,28/6/17,Day of week:,Wednesday,36.63,Grade Celsius,
478,701.11,W/m^2,15:36:03,28/6/17,Day of week:,Wednesday,36.69,Grade Celsius,
477,699.65,W/m^2,15:36:07,28/6/17,Day of week:,Wednesday,36.69,Grade Celsius,
476,695.26,W/m^2,15:36:10,28/6/17,Day of week:,Wednesday,36.50,Grade Celsius,
475,709.87,W/m^2,15:36:13,28/6/17,Day of week:,Wednesday,36.50,Grade Celsius,
478,698.19,W/m^2,15:36:16,28/6/17,Day of week:,Wednesday,36.56,Grade Celsius,
477,712.79,W/m^2,15:36:19,28/6/17,Day of week:,Wednesday,36.25,Grade Celsius,
477,701.11,W/m^2,15:36:22,28/6/17,Day of week:,Wednesday,36.06,Grade Celsius,
475,695.26,W/m^2,15:36:25,28/6/17,Day of week:,Wednesday,36.00,Grade Celsius,
475,698.19,W/m^2,15:36:28,28/6/17,Day of week:,Wednesday,36.00,Grade Celsius,
477,699.65,W/m^2,15:36:31,28/6/17,Day of week:,Wednesday,35.88,Grade Celsius,
471,695.26,W/m^2,15:36:34,28/6/17,Day of week:,Wednesday,36.00,Grade Celsius,
476,706.95,W/m^2,15:36:37,28/6/17,Day of week:,Wednesday,36.19,Grade Celsius,
478,696.73,W/m^2,15:36:40,28/6/17,Day of week:,Wednesday,36.38,Grade Celsius,
477,689.42,W/m^2,15:36:43,28/6/17,Day of week:,Wednesday,36.56,Grade Celsius,
476,696.73,W/m^2,15:36:46,28/6/17,Day of week:,Wednesday,36.50,Grade Celsius,
476,695.26,W/m^2,15:36:49,28/6/17,Day of week:,Wednesday,36.69,Grade Celsius,
474,714.25,W/m^2,15:36:53,28/6/17,Day of week:,Wednesday,36.81,Grade Celsius,
477,696.73,W/m^2,15:36:56,28/6/17,Day of week:,Wednesday,37.00,Grade Celsius,
471,695.26,W/m^2,15:36:59,28/6/17,Day of week:,Wednesday,36.88,Grade Celsius,
476,690.88,W/m^2,15:37:02,28/6/17,Day of week:,Wednesday,36.63,Grade Celsius,
474,698.19,W/m^2,15:37:05,28/6/17,Day of week:,Wednesday,36.75,Grade Celsius,
476,698.19,W/m^2,15:37:08,28/6/17,Day of week:,Wednesday,36.50,Grade Celsius,
477,693.80,W/m^2,15:37:11,28/6/17,Day of week:,Wednesday,36.56,Grade Celsius,
472,696.73,W/m^2,15:37:14,28/6/17,Day of week:,Wednesday,36.63,Grade Celsius,
477,698.19,W/m^2,15:37:17,28/6/17,Day of week:,Wednesday,36.81,Grade Celsius,
477,693.80,W/m^2,15:37:20,28/6/17,Day of week:,Wednesday,36.94,Grade Celsius,
462,696.73,W/m^2,15:37:23,28/6/17,Day of week:,Wednesday,36.50,Grade Celsius,
471,695.26,W/m^2,15:37:26,28/6/17,Day of week:,Wednesday,36.31,Grade Celsius,
476,682.12,W/m^2,15:37:29,28/6/17,Day of week:,Wednesday,36.50,Grade Celsius,
475,706.95,W/m^2,15:37:32,28/6/17,Day of week:,Wednesday,36.25,Grade Celsius,
474,698.19,W/m^2,15:37:36,28/6/17,Day of week:,Wednesday,35.88,Grade Celsius,
480,680.66,W/m^2,15:37:39,28/6/17,Day of week:,Wednesday,35.75,Grade Celsius,
460,695.26,W/m^2,15:37:42,28/6/17,Day of week:,Wednesday,35.63,Grade Celsius,
477,699.65,W/m^2,15:37:45,28/6/17,Day of week:,Wednesday,35.44,Grade Celsius,
468,702.57,W/m^2,15:37:48,28/6/17,Day of week:,Wednesday,35.25,Grade Celsius,
475,695.26,W/m^2,15:37:51,28/6/17,Day of week:,Wednesday,34.94,Grade Celsius,
473,696.73,W/m^2,15:37:54,28/6/17,Day of week:,Wednesday,34.75,Grade Celsius,
475,699.65,W/m^2,15:37:57,28/6/17,Day of week:,Wednesday,34.44,Grade Celsius,
475,689.42,W/m^2,15:38:00,28/6/17,Day of week:,Wednesday,34.50,Grade Celsius,
475,682.12,W/m^2,15:38:03,28/6/17,Day of week:,Wednesday,34.50,Grade Celsius,
472,692.34,W/m^2,15:38:06,28/6/17,Day of week:,Wednesday,34.69,Grade Celsius,
471,704.03,W/m^2,15:38:09,28/6/17,Day of week:,Wednesday,34.88,Grade Celsius,
470,714.25,W/m^2,15:38:12,28/6/17,Day of week:,Wednesday,35.00,Grade Celsius,
474,690.88,W/m^2,15:38:15,28/6/17,Day of week:,Wednesday,35.00,Grade Celsius,
476,696.73,W/m^2,15:38:19,28/6/17,Day of week:,Wednesday,35.19,Grade Celsius,
464,714.25,W/m^2,15:38:22,28/6/17,Day of week:,Wednesday,35.31,Grade Celsius,
474,696.73,W/m^2,15:38:25,28/6/17,Day of week:,Wednesday,35.44,Grade Celsius,
475,695.26,W/m^2,15:38:28,28/6/17,Day of week:,Wednesday,35.50,Grade Celsius,
473,702.57,W/m^2,15:38:31,28/6/17,Day of week:,Wednesday,35.38,Grade Celsius,
472,692.34,W/m^2,15:38:34,28/6/17,Day of week:,Wednesday,35.50,Grade Celsius,
473,692.34,W/m^2,15:38:37,28/6/17,Day of week:,Wednesday,35.69,Grade Celsius,
473,695.26,W/m^2,15:38:40,28/6/17,Day of week:,Wednesday,35.81,Grade Celsius,
474,695.26,W/m^2,15:38:43,28/6/17,Day of week:,Wednesday,36.00,Grade Celsius,
472,709.87,W/m^2,15:38:46,28/6/17,Day of week:,Wednesday,35.94,Grade Celsius,
472,698.19,W/m^2,15:38:49,28/6/17,Day of week:,Wednesday,36.13,Grade Celsius,
473,693.80,W/m^2,15:38:52,28/6/17,Day of week:,Wednesday,36.06,Grade Celsius,
485,692.34,W/m^2,15:38:55,28/6/17,Day of week:,Wednesday,36.31,Grade Celsius,
472,690.88,W/m^2,15:38:58,28/6/17,Day of week:,Wednesday,36.44,Grade Celsius,
468,690.88,W/m^2,15:39:01,28/6/17,Day of week:,Wednesday,36.31,Grade Celsius,
471,693.80,W/m^2,15:39:05,28/6/17,Day of week:,Wednesday,36.13,Grade Celsius,
472,690.88,W/m^2,15:39:08,28/6/17,Day of week:,Wednesday,36.31,Grade Celsius,
471,683.58,W/m^2,15:39:11,28/6/17,Day of week:,Wednesday,36.38,Grade Celsius,
472,683.58,W/m^2,15:39:14,28/6/17,Day of week:,Wednesday,36.50,Grade Celsius,
472,687.96,W/m^2,15:39:17,28/6/17,Day of week:,Wednesday,36.69,Grade Celsius,
471,677.74,W/m^2,15:39:20,28/6/17,Day of week:,Wednesday,36.75,Grade Celsius,
470,690.88,W/m^2,15:39:23,28/6/17,Day of week:,Wednesday,36.75,Grade Celsius,
473,698.19,W/m^2,15:39:26,28/6/17,Day of week:,Wednesday,36.94,Grade Celsius,
463,685.04,W/m^2,15:39:29,28/6/17,Day of week:,Wednesday,36.75,Grade Celsius,
468,686.50,W/m^2,15:39:32,28/6/17,Day of week:,Wednesday,36.94,Grade Celsius,
470,673.36,W/m^2,15:39:35,28/6/17,Day of week:,Wednesday,37.13,Grade Celsius,
469,686.50,W/m^2,15:39:38,28/6/17,Day of week:,Wednesday,37.25,Grade Celsius,
482,668.97,W/m^2,15:39:41,28/6/17,Day of week:,Wednesday,37.38,Grade Celsius,
472,692.34,W/m^2,15:39:44,28/6/17,Day of week:,Wednesday,37.56,Grade Celsius,
461,689.42,W/m^2,15:39:47,28/6/17,Day of week:,Wednesday,37.63,Grade Celsius,
455,686.50,W/m^2,15:39:51,28/6/17,Day of week:,Wednesday,37.88,Grade Celsius,
469,690.88,W/m^2,15:39:54,28/6/17,Day of week:,Wednesday,37.63,Grade Celsius,
470,671.89,W/m^2,15:39:57,28/6/17,Day of week:,Wednesday,37.88,Grade Celsius,
471,687.96,W/m^2,15:40:00,28/6/17,Day of week:,Wednesday,37.81,Grade Celsius,
467,695.26,W/m^2,15:40:03,28/6/17,Day of week:,Wednesday,37.75,Grade Celsius,
470,696.73,W/m^2,15:40:06,28/6/17,Day of week:,Wednesday,37.88,Grade Celsius,
471,689.42,W/m^2,15:40:09,28/6/17,Day of week:,Wednesday,37.75,Grade Celsius,
472,666.05,W/m^2,15:40:12,28/6/17,Day of week:,Wednesday,37.81,Grade Celsius,
468,701.11,W/m^2,15:40:15,28/6/17,Day of week:,Wednesday,37.56,Grade Celsius,
469,683.58,W/m^2,15:40:18,28/6/17,Day of week:,Wednesday,37.44,Grade Celsius,
468,689.42,W/m^2,15:40:21,28/6/17,Day of week:,Wednesday,37.38,Grade Celsius,
470,689.42,W/m^2,15:40:24,28/6/17,Day of week:,Wednesday,37.13,Grade Celsius,
462,683.58,W/m^2,15:40:27,28/6/17,Day of week:,Wednesday,37.00,Grade Celsius,
466,683.58,W/m^2,15:40:30,28/6/17,Day of week:,Wednesday,37.00,Grade Celsius,
469,705.49,W/m^2,15:40:34,28/6/17,Day of week:,Wednesday,36.81,Grade Celsius,
466,683.58,W/m^2,15:40:37,28/6/17,Day of week:,Wednesday,36.81,Grade Celsius,
468,677.74,W/m^2,15:40:40,28/6/17,Day of week:,Wednesday,36.75,Grade Celsius,
454,683.58,W/m^2,15:40:43,28/6/17,Day of week:,Wednesday,36.75,Grade Celsius,
467,686.50,W/m^2,15:40:46,28/6/17,Day of week:,Wednesday,36.75,Grade Celsius,
469,686.50,W/m^2,15:40:49,28/6/17,Day of week:,Wednesday,36.75,Grade Celsius,
456,682.12,W/m^2,15:40:52,28/6/17,Day of week:,Wednesday,37.00,Grade Celsius,
469,686.50,W/m^2,15:40:55,28/6/17,Day of week:,Wednesday,37.19,Grade Celsius,
479,683.58,W/m^2,15:40:58,28/6/17,Day of week:,Wednesday,37.44,Grade Celsius,
466,677.74,W/m^2,15:41:01,28/6/17,Day of week:,Wednesday,37.63,Grade Celsius,
465,679.20,W/m^2,15:41:04,28/6/17,Day of week:,Wednesday,37.75,Grade Celsius,
479,679.20,W/m^2,15:41:07,28/6/17,Day of week:,Wednesday,37.75,Grade Celsius,
466,689.42,W/m^2,15:41:10,28/6/17,Day of week:,Wednesday,37.88,Grade Celsius,
463,674.82,W/m^2,15:41:13,28/6/17,Day of week:,Wednesday,37.94,Grade Celsius,
470,680.66,W/m^2,15:41:17,28/6/17,Day of week:,Wednesday,38.00,Grade Celsius,
458,682.12,W/m^2,15:41:20,28/6/17,Day of week:,Wednesday,38.13,Grade Celsius,
464,683.58,W/m^2,15:41:23,28/6/17,Day of week:,Wednesday,38.31,Grade Celsius,
453,682.12,W/m^2,15:41:26,28/6/17,Day of week:,Wednesday,38.38,Grade Celsius,
464,664.59,W/m^2,15:41:29,28/6/17,Day of week:,Wednesday,38.38,Grade Celsius,
464,680.66,W/m^2,15:41:32,28/6/17,Day of week:,Wednesday,38.50,Grade Celsius,
465,683.58,W/m^2,15:41:35,28/6/17,Day of week:,Wednesday,38.63,Grade Celsius,
464,683.58,W/m^2,15:41:38,28/6/17,Day of week:,Wednesday,38.56,Grade Celsius,
466,680.66,W/m^2,15:41:41,28/6/17,Day of week:,Wednesday,38.63,Grade Celsius,
462,677.74,W/m^2,15:41:44,28/6/17,Day of week:,Wednesday,38.44,Grade Celsius,
463,682.12,W/m^2,15:41:47,28/6/17,Day of week:,Wednesday,38.25,Grade Celsius,
464,679.20,W/m^2,15:41:50,28/6/17,Day of week:,Wednesday,38.50,Grade Celsius,
476,674.82,W/m^2,15:41:53,28/6/17,Day of week:,Wednesday,38.50,Grade Celsius,
461,677.74,W/m^2,15:41:56,28/6/17,Day of week:,Wednesday,38.31,Grade Celsius,
462,676.28,W/m^2,15:41:59,28/6/17,Day of week:,Wednesday,38.25,Grade Celsius,
464,679.20,W/m^2,15:42:03,28/6/17,Day of week:,Wednesday,38.19,Grade Celsius,
461,671.89,W/m^2,15:42:06,28/6/17,Day of week:,Wednesday,38.06,Grade Celsius,
458,680.66,W/m^2,15:42:09,28/6/17,Day of week:,Wednesday,38.00,Grade Celsius,
465,670.43,W/m^2,15:42:12,28/6/17,Day of week:,Wednesday,37.81,Grade Celsius,
460,674.82,W/m^2,15:42:15,28/6/17,Day of week:,Wednesday,37.63,Grade Celsius,
460,674.82,W/m^2,15:42:18,28/6/17,Day of week:,Wednesday,37.63,Grade Celsius,
462,677.74,W/m^2,15:42:21,28/6/17,Day of week:,Wednesday,37.63,Grade Celsius,
462,680.66,W/m^2,15:42:24,28/6/17,Day of week:,Wednesday,37.63,Grade Celsius,
460,673.36,W/m^2,15:42:27,28/6/17,Day of week:,Wednesday,37.63,Grade Celsius,
462,677.74,W/m^2,15:42:30,28/6/17,Day of week:,Wednesday,37.63,Grade Celsius,
461,676.28,W/m^2,15:42:33,28/6/17,Day of week:,Wednesday,37.44,Grade Celsius,
461,695.26,W/m^2,15:42:36,28/6/17,Day of week:,Wednesday,37.44,Grade Celsius,
459,673.36,W/m^2,15:42:39,28/6/17,Day of week:,Wednesday,37.31,Grade Celsius,
460,677.74,W/m^2,15:42:42,28/6/17,Day of week:,Wednesday,37.00,Grade Celsius,
461,676.28,W/m^2,15:42:46,28/6/17,Day of week:,Wednesday,36.88,Grade Celsius,
459,670.43,W/m^2,15:42:49,28/6/17,Day of week:,Wednesday,36.94,Grade Celsius,
457,674.82,W/m^2,15:42:52,28/6/17,Day of week:,Wednesday,37.00,Grade Celsius,
459,673.36,W/m^2,15:42:55,28/6/17,Day of week:,Wednesday,37.00,Grade Celsius,
460,671.89,W/m^2,15:42:58,28/6/17,Day of week:,Wednesday,36.94,Grade Celsius,
449,671.89,W/m^2,15:43:01,28/6/17,Day of week:,Wednesday,36.94,Grade Celsius,
461,674.82,W/m^2,15:43:04,28/6/17,Day of week:,Wednesday,36.88,Grade Celsius,
460,674.82,W/m^2,15:43:07,28/6/17,Day of week:,Wednesday,36.75,Grade Celsius,
456,663.13,W/m^2,15:43:10,28/6/17,Day of week:,Wednesday,36.75,Grade Celsius,
464,693.80,W/m^2,15:43:13,28/6/17,Day of week:,Wednesday,36.94,Grade Celsius,
458,677.74,W/m^2,15:43:16,28/6/17,Day of week:,Wednesday,37.06,Grade Celsius,
459,654.37,W/m^2,15:43:19,28/6/17,Day of week:,Wednesday,37.25,Grade Celsius,
459,667.51,W/m^2,15:43:22,28/6/17,Day of week:,Wednesday,37.31,Grade Celsius,
457,671.89,W/m^2,15:43:25,28/6/17,Day of week:,Wednesday,37.31,Grade Celsius,
460,674.82,W/m^2,15:43:28,28/6/17,Day of week:,Wednesday,37.31,Grade Celsius,
454,676.28,W/m^2,15:43:32,28/6/17,Day of week:,Wednesday,37.19,Grade Celsius,
456,660.21,W/m^2,15:43:35,28/6/17,Day of week:,Wednesday,37.13,Grade Celsius,
457,667.51,W/m^2,15:43:38,28/6/17,Day of week:,Wednesday,37.13,Grade Celsius,
448,670.43,W/m^2,15:43:41,28/6/17,Day of week:,Wednesday,37.19,Grade Celsius,
458,667.51,W/m^2,15:43:44,28/6/17,Day of week:,Wednesday,37.19,Grade Celsius,
456,670.43,W/m^2,15:43:47,28/6/17,Day of week:,Wednesday,37.00,Grade Celsius,
455,668.97,W/m^2,15:43:50,28/6/17,Day of week:,Wednesday,36.88,Grade Celsius,
454,674.82,W/m^2,15:43:53,28/6/17,Day of week:,Wednesday,37.00,Grade Celsius,
457,667.51,W/m^2,15:43:56,28/6/17,Day of week:,Wednesday,37.13,Grade Celsius,
455,658.75,W/m^2,15:43:59,28/6/17,Day of week:,Wednesday,37.13,Grade Celsius,
455,667.51,W/m^2,15:44:02,28/6/17,Day of week:,Wednesday,37.25,Grade Celsius,
456,661.67,W/m^2,15:44:05,28/6/17,Day of week:,Wednesday,37.44,Grade Celsius,
441,668.97,W/m^2,15:44:08,28/6/17,Day of week:,Wednesday,37.50,Grade Celsius,
458,670.43,W/m^2,15:44:11,28/6/17,Day of week:,Wednesday,37.63,Grade Celsius,
459,668.97,W/m^2,15:44:15,28/6/17,Day of week:,Wednesday,37.44,Grade Celsius,
463,673.36,W/m^2,15:44:18,28/6/17,Day of week:,Wednesday,37.31,Grade Celsius,
456,668.97,W/m^2,15:44:21,28/6/17,Day of week:,Wednesday,37.06,Grade Celsius,
463,666.05,W/m^2,15:44:24,28/6/17,Day of week:,Wednesday,36.81,Grade Celsius,
455,674.82,W/m^2,15:44:27,28/6/17,Day of week:,Wednesday,36.63,Grade Celsius,
456,666.05,W/m^2,15:44:30,28/6/17,Day of week:,Wednesday,36.50,Grade Celsius,
454,666.05,W/m^2,15:44:33,28/6/17,Day of week:,Wednesday,36.50,Grade Celsius,
460,649.98,W/m^2,15:44:36,28/6/17,Day of week:,Wednesday,36.75,Grade Celsius,
460,666.05,W/m^2,15:44:39,28/6/17,Day of week:,Wednesday,36.88,Grade Celsius,
456,660.21,W/m^2,15:44:42,28/6/17,Day of week:,Wednesday,36.88,Grade Celsius,
466,667.51,W/m^2,15:44:45,28/6/17,Day of week:,Wednesday,37.00,Grade Celsius,
461,667.51,W/m^2,15:44:48,28/6/17,Day of week:,Wednesday,37.25,Grade Celsius,
455,666.05,W/m^2,15:44:51,28/6/17,Day of week:,Wednesday,37.44,Grade Celsius,
452,666.05,W/m^2,15:44:54,28/6/17,Day of week:,Wednesday,37.63,Grade Celsius,
455,666.05,W/m^2,15:44:57,28/6/17,Day of week:,Wednesday,37.75,Grade Celsius,
455,666.05,W/m^2,15:45:01,28/6/17,Day of week:,Wednesday,37.88,Grade Celsius,
455,667.51,W/m^2,15:45:04,28/6/17,Day of week:,Wednesday,37.94,Grade Celsius,
456,664.59,W/m^2,15:45:07,28/6/17,Day of week:,Wednesday,38.06,Grade Celsius,
452,664.59,W/m^2,15:45:10,28/6/17,Day of week:,Wednesday,38.25,Grade Celsius,
454,667.51,W/m^2,15:45:13,28/6/17,Day of week:,Wednesday,38.38,Grade Celsius,
453,666.05,W/m^2,15:45:16,28/6/17,Day of week:,Wednesday,38.56,Grade Celsius,
453,666.05,W/m^2,15:45:19,28/6/17,Day of week:,Wednesday,38.75,Grade Celsius,
454,660.21,W/m^2,15:45:22,28/6/17,Day of week:,Wednesday,38.88,Grade Celsius,
454,657.29,W/m^2,15:45:25,28/6/17,Day of week:,Wednesday,39.00,Grade Celsius,
453,667.51,W/m^2,15:45:28,28/6/17,Day of week:,Wednesday,39.00,Grade Celsius,
455,666.05,W/m^2,15:45:31,28/6/17,Day of week:,Wednesday,38.94,Grade Celsius,
454,661.67,W/m^2,15:45:34,28/6/17,Day of week:,Wednesday,39.06,Grade Celsius,
454,664.59,W/m^2,15:45:38,28/6/17,Day of week:,Wednesday,38.88,Grade Celsius,
454,663.13,W/m^2,15:45:41,28/6/17,Day of week:,Wednesday,39.00,Grade Celsius,
452,658.75,W/m^2,15:45:44,28/6/17,Day of week:,Wednesday,39.19,Grade Celsius,
454,666.05,W/m^2,15:45:47,28/6/17,Day of week:,Wednesday,39.13,Grade Celsius,
454,663.13,W/m^2,15:45:50,28/6/17,Day of week:,Wednesday,38.88,Grade Celsius,
454,664.59,W/m^2,15:45:53,28/6/17,Day of week:,Wednesday,39.00,Grade Celsius,
446,664.59,W/m^2,15:45:56,28/6/17,Day of week:,Wednesday,38.81,Grade Celsius,
442,658.75,W/m^2,15:45:59,28/6/17,Day of week:,Wednesday,39.00,Grade Celsius,
453,666.05,W/m^2,15:46:02,28/6/17,Day of week:,Wednesday,38.69,Grade Celsius,
460,666.05,W/m^2,15:46:05,28/6/17,Day of week:,Wednesday,38.69,Grade Celsius,
453,664.59,W/m^2,15:46:08,28/6/17,Day of week:,Wednesday,38.75,Grade Celsius,
454,667.51,W/m^2,15:46:11,28/6/17,Day of week:,Wednesday,38.69,Grade Celsius,
454,666.05,W/m^2,15:46:14,28/6/17,Day of week:,Wednesday,38.06,Grade Celsius,
452,661.67,W/m^2,15:46:17,28/6/17,Day of week:,Wednesday,37.81,Grade Celsius,
464,663.13,W/m^2,15:46:20,28/6/17,Day of week:,Wednesday,37.69,Grade Celsius,
453,660.21,W/m^2,15:46:24,28/6/17,Day of week:,Wednesday,37.25,Grade Celsius,
454,664.59,W/m^2,15:46:27,28/6/17,Day of week:,Wednesday,37.25,Grade Celsius,
453,660.21,W/m^2,15:46:30,28/6/17,Day of week:,Wednesday,37.25,Grade Celsius,
452,663.13,W/m^2,15:46:33,28/6/17,Day of week:,Wednesday,37.25,Grade Celsius,
442,664.59,W/m^2,15:46:36,28/6/17,Day of week:,Wednesday,37.38,Grade Celsius,
454,668.97,W/m^2,15:46:39,28/6/17,Day of week:,Wednesday,37.50,Grade Celsius,
453,668.97,W/m^2,15:46:42,28/6/17,Day of week:,Wednesday,37.00,Grade Celsius,
452,647.06,W/m^2,15:46:45,28/6/17,Day of week:,Wednesday,37.13,Grade Celsius,
452,664.59,W/m^2,15:46:48,28/6/17,Day of week:,Wednesday,37.13,Grade Celsius,
455,666.05,W/m^2,15:46:51,28/6/17,Day of week:,Wednesday,36.69,Grade Celsius,
452,667.51,W/m^2,15:46:54,28/6/17,Day of week:,Wednesday,36.63,Grade Celsius,
451,680.66,W/m^2,15:46:57,28/6/17,Day of week:,Wednesday,36.31,Grade Celsius,
453,645.60,W/m^2,15:47:00,28/6/17,Day of week:,Wednesday,36.38,Grade Celsius,
451,666.05,W/m^2,15:47:03,28/6/17,Day of week:,Wednesday,36.19,Grade Celsius,
454,667.51,W/m^2,15:47:06,28/6/17,Day of week:,Wednesday,36.00,Grade Celsius,
457,661.67,W/m^2,15:47:10,28/6/17,Day of week:,Wednesday,36.06,Grade Celsius,
452,663.13,W/m^2,15:47:13,28/6/17,Day of week:,Wednesday,36.19,Grade Celsius,
451,661.67,W/m^2,15:47:16,28/6/17,Day of week:,Wednesday,36.19,Grade Celsius,
454,663.13,W/m^2,15:47:19,28/6/17,Day of week:,Wednesday,36.25,Grade Celsius,
452,660.21,W/m^2,15:47:22,28/6/17,Day of week:,Wednesday,36.25,Grade Celsius,
451,660.21,W/m^2,15:47:25,28/6/17,Day of week:,Wednesday,36.38,Grade Celsius,
453,663.13,W/m^2,15:47:28,28/6/17,Day of week:,Wednesday,36.06,Grade Celsius,
450,661.67,W/m^2,15:47:31,28/6/17,Day of week:,Wednesday,35.81,Grade Celsius,
452,658.75,W/m^2,15:47:34,28/6/17,Day of week:,Wednesday,35.69,Grade Celsius,
451,664.59,W/m^2,15:47:37,28/6/17,Day of week:,Wednesday,35.63,Grade Celsius,
452,663.13,W/m^2,15:47:40,28/6/17,Day of week:,Wednesday,35.75,Grade Celsius,
452,663.13,W/m^2,15:47:43,28/6/17,Day of week:,Wednesday,35.75,Grade Celsius,
459,673.36,W/m^2,15:47:46,28/6/17,Day of week:,Wednesday,35.75,Grade Celsius,
459,663.13,W/m^2,15:47:49,28/6/17,Day of week:,Wednesday,35.56,Grade Celsius,
445,661.67,W/m^2,15:47:53,28/6/17,Day of week:,Wednesday,35.38,Grade Celsius,
450,639.76,W/m^2,15:47:56,28/6/17,Day of week:,Wednesday,35.31,Grade Celsius,
452,657.29,W/m^2,15:47:59,28/6/17,Day of week:,Wednesday,35.19,Grade Celsius,
467,663.13,W/m^2,15:48:02,28/6/17,Day of week:,Wednesday,35.31,Grade Celsius,
449,654.37,W/m^2,15:48:05,28/6/17,Day of week:,Wednesday,35.38,Grade Celsius,
452,655.83,W/m^2,15:48:08,28/6/17,Day of week:,Wednesday,35.50,Grade Celsius,
451,663.13,W/m^2,15:48:11,28/6/17,Day of week:,Wednesday,35.50,Grade Celsius,
452,680.66,W/m^2,15:48:14,28/6/17,Day of week:,Wednesday,35.50,Grade Celsius,
450,660.21,W/m^2,15:48:17,28/6/17,Day of week:,Wednesday,35.63,Grade Celsius,
451,664.59,W/m^2,15:48:20,28/6/17,Day of week:,Wednesday,35.69,Grade Celsius,
450,651.45,W/m^2,15:48:23,28/6/17,Day of week:,Wednesday,35.69,Grade Celsius,
450,663.13,W/m^2,15:48:26,28/6/17,Day of week:,Wednesday,35.88,Grade Celsius,
451,663.13,W/m^2,15:48:29,28/6/17,Day of week:,Wednesday,35.94,Grade Celsius,
452,664.59,W/m^2,15:48:32,28/6/17,Day of week:,Wednesday,36.13,Grade Celsius,
454,663.13,W/m^2,15:48:36,28/6/17,Day of week:,Wednesday,35.94,Grade Celsius,
449,658.75,W/m^2,15:48:39,28/6/17,Day of week:,Wednesday,35.94,Grade Celsius,
467,666.05,W/m^2,15:48:42,28/6/17,Day of week:,Wednesday,35.88,Grade Celsius,
448,660.21,W/m^2,15:48:45,28/6/17,Day of week:,Wednesday,36.00,Grade Celsius,
453,666.05,W/m^2,15:48:48,28/6/17,Day of week:,Wednesday,36.06,Grade Celsius,
450,661.67,W/m^2,15:48:51,28/6/17,Day of week:,Wednesday,36.25,Grade Celsius,
450,647.06,W/m^2,15:48:54,28/6/17,Day of week:,Wednesday,36.00,Grade Celsius,
448,658.75,W/m^2,15:48:57,28/6/17,Day of week:,Wednesday,35.75,Grade Celsius,
450,664.59,W/m^2,15:49:00,28/6/17,Day of week:,Wednesday,35.81,Grade Celsius,
435,671.89,W/m^2,15:49:03,28/6/17,Day of week:,Wednesday,35.75,Grade Celsius,
449,660.21,W/m^2,15:49:06,28/6/17,Day of week:,Wednesday,35.75,Grade Celsius,
449,658.75,W/m^2,15:49:09,28/6/17,Day of week:,Wednesday,35.75,Grade Celsius,
450,654.37,W/m^2,15:49:12,28/6/17,Day of week:,Wednesday,35.75,Grade Celsius,
451,660.21,W/m^2,15:49:15,28/6/17,Day of week:,Wednesday,36.00,Grade Celsius,
448,657.29,W/m^2,15:49:18,28/6/17,Day of week:,Wednesday,36.00,Grade Celsius,
450,648.52,W/m^2,15:49:22,28/6/17,Day of week:,Wednesday,35.88,Grade Celsius,
447,660.21,W/m^2,15:49:25,28/6/17,Day of week:,Wednesday,35.88,Grade Celsius,
451,657.29,W/m^2,15:49:28,28/6/17,Day of week:,Wednesday,35.81,Grade Celsius,
440,654.37,W/m^2,15:49:31,28/6/17,Day of week:,Wednesday,36.00,Grade Celsius,
447,654.37,W/m^2,15:49:34,28/6/17,Day of week:,Wednesday,35.94,Grade Celsius,
457,657.29,W/m^2,15:49:37,28/6/17,Day of week:,Wednesday,35.94,Grade Celsius,
448,655.83,W/m^2,15:49:40,28/6/17,Day of week:,Wednesday,36.00,Grade Celsius,
446,654.37,W/m^2,15:49:43,28/6/17,Day of week:,Wednesday,36.00,Grade Celsius,
450,660.21,W/m^2,15:49:46,28/6/17,Day of week:,Wednesday,35.94,Grade Celsius,
445,658.75,W/m^2,15:49:49,28/6/17,Day of week:,Wednesday,36.00,Grade Celsius,
455,655.83,W/m^2,15:49:52,28/6/17,Day of week:,Wednesday,35.94,Grade Celsius,
459,655.83,W/m^2,15:49:55,28/6/17,Day of week:,Wednesday,35.88,Grade Celsius,
457,657.29,W/m^2,15:49:58,28/6/17,Day of week:,Wednesday,35.94,Grade Celsius,
446,654.37,W/m^2,15:50:01,28/6/17,Day of week:,Wednesday,36.13,Grade Celsius,
447,658.75,W/m^2,15:50:04,28/6/17,Day of week:,Wednesday,36.19,Grade Celsius,
448,655.83,W/m^2,15:50:08,28/6/17,Day of week:,Wednesday,35.94,Grade Celsius,
446,657.29,W/m^2,15:50:11,28/6/17,Day of week:,Wednesday,35.69,Grade Celsius,
445,654.37,W/m^2,15:50:14,28/6/17,Day of week:,Wednesday,35.50,Grade Celsius,
447,648.52,W/m^2,15:50:17,28/6/17,Day of week:,Wednesday,35.50,Grade Celsius,
448,657.29,W/m^2,15:50:20,28/6/17,Day of week:,Wednesday,35.50,Grade Celsius,
445,660.21,W/m^2,15:50:23,28/6/17,Day of week:,Wednesday,35.69,Grade Celsius,
447,660.21,W/m^2,15:50:26,28/6/17,Day of week:,Wednesday,35.81,Grade Celsius,
451,657.29,W/m^2,15:50:29,28/6/17,Day of week:,Wednesday,35.75,Grade Celsius,
448,671.89,W/m^2,15:50:32,28/6/17,Day of week:,Wednesday,35.75,Grade Celsius,
446,655.83,W/m^2,15:50:35,28/6/17,Day of week:,Wednesday,35.88,Grade Celsius,
450,660.21,W/m^2,15:50:38,28/6/17,Day of week:,Wednesday,35.75,Grade Celsius,
449,648.52,W/m^2,15:50:41,28/6/17,Day of week:,Wednesday,35.44,Grade Celsius,
443,674.82,W/m^2,15:50:44,28/6/17,Day of week:,Wednesday,35.44,Grade Celsius,
460,657.29,W/m^2,15:50:47,28/6/17,Day of week:,Wednesday,35.50,Grade Celsius,
448,666.05,W/m^2,15:50:51,28/6/17,Day of week:,Wednesday,35.19,Grade Celsius,
449,654.37,W/m^2,15:50:54,28/6/17,Day of week:,Wednesday,34.94,Grade Celsius,
448,658.75,W/m^2,15:50:57,28/6/17,Day of week:,Wednesday,34.75,Grade Celsius,
444,655.83,W/m^2,15:51:00,28/6/17,Day of week:,Wednesday,34.75,Grade Celsius,
432,649.98,W/m^2,15:51:03,28/6/17,Day of week:,Wednesday,34.75,Grade Celsius,
445,651.45,W/m^2,15:51:06,28/6/17,Day of week:,Wednesday,34.63,Grade Celsius,
436,655.83,W/m^2,15:51:09,28/6/17,Day of week:,Wednesday,34.81,Grade Celsius,
445,651.45,W/m^2,15:51:12,28/6/17,Day of week:,Wednesday,34.81,Grade Celsius,
448,654.37,W/m^2,15:51:15,28/6/17,Day of week:,Wednesday,34.94,Grade Celsius,
446,649.98,W/m^2,15:51:18,28/6/17,Day of week:,Wednesday,35.13,Grade Celsius,
446,657.29,W/m^2,15:51:21,28/6/17,Day of week:,Wednesday,35.25,Grade Celsius,
447,652.91,W/m^2,15:51:24,28/6/17,Day of week:,Wednesday,35.44,Grade Celsius,
448,655.83,W/m^2,15:51:27,28/6/17,Day of week:,Wednesday,35.38,Grade Celsius,
447,658.75,W/m^2,15:51:30,28/6/17,Day of week:,Wednesday,35.38,Grade Celsius,
447,655.83,W/m^2,15:51:34,28/6/17,Day of week:,Wednesday,35.13,Grade Celsius,
448,657.29,W/m^2,15:51:37,28/6/17,Day of week:,Wednesday,35.00,Grade Celsius,
447,652.91,W/m^2,15:51:40,28/6/17,Day of week:,Wednesday,34.94,Grade Celsius,
455,644.14,W/m^2,15:51:43,28/6/17,Day of week:,Wednesday,35.00,Grade Celsius,
448,671.89,W/m^2,15:51:46,28/6/17,Day of week:,Wednesday,34.94,Grade Celsius,
437,654.37,W/m^2,15:51:49,28/6/17,Day of week:,Wednesday,34.88,Grade Celsius,
445,657.29,W/m^2,15:51:52,28/6/17,Day of week:,Wednesday,34.75,Grade Celsius,
446,651.45,W/m^2,15:51:55,28/6/17,Day of week:,Wednesday,34.75,Grade Celsius,
453,651.45,W/m^2,15:51:58,28/6/17,Day of week:,Wednesday,34.63,Grade Celsius,
448,655.83,W/m^2,15:52:01,28/6/17,Day of week:,Wednesday,34.56,Grade Celsius,
447,657.29,W/m^2,15:52:04,28/6/17,Day of week:,Wednesday,34.50,Grade Celsius,
448,648.52,W/m^2,15:52:07,28/6/17,Day of week:,Wednesday,34.75,Grade Celsius,
448,654.37,W/m^2,15:52:10,28/6/17,Day of week:,Wednesday,34.81,Grade Celsius,
446,654.37,W/m^2,15:52:13,28/6/17,Day of week:,Wednesday,34.94,Grade Celsius,
447,655.83,W/m^2,15:52:16,28/6/17,Day of week:,Wednesday,35.00,Grade Celsius,
446,647.06,W/m^2,15:52:20,28/6/17,Day of week:,Wednesday,35.00,Grade Celsius,
446,655.83,W/m^2,15:52:23,28/6/17,Day of week:,Wednesday,35.13,Grade Celsius,
436,652.91,W/m^2,15:52:26,28/6/17,Day of week:,Wednesday,35.25,Grade Celsius,
446,655.83,W/m^2,15:52:29,28/6/17,Day of week:,Wednesday,35.25,Grade Celsius,
449,655.83,W/m^2,15:52:32,28/6/17,Day of week:,Wednesday,35.25,Grade Celsius,
447,642.68,W/m^2,15:52:35,28/6/17,Day of week:,Wednesday,35.19,Grade Celsius,
450,652.91,W/m^2,15:52:38,28/6/17,Day of week:,Wednesday,35.25,Grade Celsius,
448,657.29,W/m^2,15:52:41,28/6/17,Day of week:,Wednesday,35.44,Grade Celsius,
443,663.13,W/m^2,15:52:44,28/6/17,Day of week:,Wednesday,35.63,Grade Celsius,
445,652.91,W/m^2,15:52:47,28/6/17,Day of week:,Wednesday,35.81,Grade Celsius,
445,654.37,W/m^2,15:52:50,28/6/17,Day of week:,Wednesday,35.94,Grade Celsius,
459,663.13,W/m^2,15:52:53,28/6/17,Day of week:,Wednesday,36.19,Grade Celsius,
447,657.29,W/m^2,15:52:56,28/6/17,Day of week:,Wednesday,36.38,Grade Celsius,
445,642.68,W/m^2,15:52:59,28/6/17,Day of week:,Wednesday,36.50,Grade Celsius,
445,654.37,W/m^2,15:53:03,28/6/17,Day of week:,Wednesday,36.63,Grade Celsius,
447,652.91,W/m^2,15:53:06,28/6/17,Day of week:,Wednesday,36.50,Grade Celsius,
434,648.52,W/m^2,15:53:09,28/6/17,Day of week:,Wednesday,36.44,Grade Celsius,
445,668.97,W/m^2,15:53:12,28/6/17,Day of week:,Wednesday,36.31,Grade Celsius,
446,664.59,W/m^2,15:53:15,28/6/17,Day of week:,Wednesday,36.25,Grade Celsius,
444,654.37,W/m^2,15:53:18,28/6/17,Day of week:,Wednesday,36.31,Grade Celsius,
454,649.98,W/m^2,15:53:21,28/6/17,Day of week:,Wednesday,36.19,Grade Celsius,
446,655.83,W/m^2,15:53:24,28/6/17,Day of week:,Wednesday,36.13,Grade Celsius,
453,654.37,W/m^2,15:53:27,28/6/17,Day of week:,Wednesday,36.13,Grade Celsius,
443,649.98,W/m^2,15:53:30,28/6/17,Day of week:,Wednesday,35.88,Grade Celsius,
444,651.45,W/m^2,15:53:33,28/6/17,Day of week:,Wednesday,35.94,Grade Celsius,
444,655.83,W/m^2,15:53:36,28/6/17,Day of week:,Wednesday,36.06,Grade Celsius,
446,633.92,W/m^2,15:53:39,28/6/17,Day of week:,Wednesday,35.88,Grade Celsius,
457,641.22,W/m^2,15:53:42,28/6/17,Day of week:,Wednesday,35.75,Grade Celsius,
452,666.05,W/m^2,15:53:45,28/6/17,Day of week:,Wednesday,35.75,Grade Celsius,
446,652.91,W/m^2,15:53:49,28/6/17,Day of week:,Wednesday,35.81,Grade Celsius,
442,644.14,W/m^2,15:53:52,28/6/17,Day of week:,Wednesday,35.63,Grade Celsius,
433,648.52,W/m^2,15:53:55,28/6/17,Day of week:,Wednesday,35.50,Grade Celsius,
434,636.84,W/m^2,15:53:58,28/6/17,Day of week:,Wednesday,35.25,Grade Celsius,
442,657.29,W/m^2,15:54:01,28/6/17,Day of week:,Wednesday,35.31,Grade Celsius,
444,645.60,W/m^2,15:54:04,28/6/17,Day of week:,Wednesday,35.50,Grade Celsius,
442,648.52,W/m^2,15:54:07,28/6/17,Day of week:,Wednesday,35.25,Grade Celsius,
450,651.45,W/m^2,15:54:10,28/6/17,Day of week:,Wednesday,35.19,Grade Celsius,
441,649.98,W/m^2,15:54:13,28/6/17,Day of week:,Wednesday,35.19,Grade Celsius,
443,647.06,W/m^2,15:54:16,28/6/17,Day of week:,Wednesday,35.38,Grade Celsius,
438,648.52,W/m^2,15:54:19,28/6/17,Day of week:,Wednesday,35.13,Grade Celsius,
442,641.22,W/m^2,15:54:22,28/6/17,Day of week:,Wednesday,35.19,Grade Celsius,
442,651.45,W/m^2,15:54:25,28/6/17,Day of week:,Wednesday,35.44,Grade Celsius,
441,645.60,W/m^2,15:54:28,28/6/17,Day of week:,Wednesday,35.50,Grade Celsius,
441,651.45,W/m^2,15:54:32,28/6/17,Day of week:,Wednesday,35.50,Grade Celsius,
442,648.52,W/m^2,15:54:35,28/6/17,Day of week:,Wednesday,35.44,Grade Celsius,
445,649.98,W/m^2,15:54:38,28/6/17,Day of week:,Wednesday,35.44,Grade Celsius,
443,644.14,W/m^2,15:54:41,28/6/17,Day of week:,Wednesday,35.31,Grade Celsius,
441,652.91,W/m^2,15:54:44,28/6/17,Day of week:,Wednesday,35.31,Grade Celsius,
446,645.60,W/m^2,15:54:47,28/6/17,Day of week:,Wednesday,35.38,Grade Celsius,
444,649.98,W/m^2,15:54:50,28/6/17,Day of week:,Wednesday,35.50,Grade Celsius,
443,648.52,W/m^2,15:54:53,28/6/17,Day of week:,Wednesday,35.50,Grade Celsius,
440,648.52,W/m^2,15:54:56,28/6/17,Day of week:,Wednesday,35.63,Grade Celsius,
441,651.45,W/m^2,15:54:59,28/6/17,Day of week:,Wednesday,35.75,Grade Celsius,
447,648.52,W/m^2,15:55:02,28/6/17,Day of week:,Wednesday,35.94,Grade Celsius,
441,667.51,W/m^2,15:55:05,28/6/17,Day of week:,Wednesday,35.94,Grade Celsius,
440,642.68,W/m^2,15:55:08,28/6/17,Day of week:,Wednesday,36.00,Grade Celsius,
440,651.45,W/m^2,15:55:11,28/6/17,Day of week:,Wednesday,35.94,Grade Celsius,
434,628.08,W/m^2,15:55:14,28/6/17,Day of week:,Wednesday,36.13,Grade Celsius,
450,647.06,W/m^2,15:55:18,28/6/17,Day of week:,Wednesday,36.19,Grade Celsius,
452,644.14,W/m^2,15:55:21,28/6/17,Day of week:,Wednesday,36.25,Grade Celsius,
440,648.52,W/m^2,15:55:24,28/6/17,Day of week:,Wednesday,36.25,Grade Celsius,
441,648.52,W/m^2,15:55:27,28/6/17,Day of week:,Wednesday,36.31,Grade Celsius,
442,644.14,W/m^2,15:55:30,28/6/17,Day of week:,Wednesday,36.06,Grade Celsius,
438,648.52,W/m^2,15:55:33,28/6/17,Day of week:,Wednesday,36.06,Grade Celsius,
447,648.52,W/m^2,15:55:36,28/6/17,Day of week:,Wednesday,36.00,Grade Celsius,
428,647.06,W/m^2,15:55:39,28/6/17,Day of week:,Wednesday,36.13,Grade Celsius,
440,645.60,W/m^2,15:55:42,28/6/17,Day of week:,Wednesday,36.00,Grade Celsius,
439,648.52,W/m^2,15:55:45,28/6/17,Day of week:,Wednesday,36.00,Grade Celsius,
436,645.60,W/m^2,15:55:48,28/6/17,Day of week:,Wednesday,35.88,Grade Celsius,
440,642.68,W/m^2,15:55:51,28/6/17,Day of week:,Wednesday,36.00,Grade Celsius,
439,633.92,W/m^2,15:55:54,28/6/17,Day of week:,Wednesday,35.88,Grade Celsius,
440,639.76,W/m^2,15:55:57,28/6/17,Day of week:,Wednesday,36.00,Grade Celsius,
436,644.14,W/m^2,15:56:00,28/6/17,Day of week:,Wednesday,36.06,Grade Celsius,
437,641.22,W/m^2,15:56:04,28/6/17,Day of week:,Wednesday,36.00,Grade Celsius,
439,642.68,W/m^2,15:56:07,28/6/17,Day of week:,Wednesday,36.00,Grade Celsius,
445,648.52,W/m^2,15:56:10,28/6/17,Day of week:,Wednesday,36.13,Grade Celsius,
440,645.60,W/m^2,15:56:13,28/6/17,Day of week:,Wednesday,36.19,Grade Celsius,
425,642.68,W/m^2,15:56:16,28/6/17,Day of week:,Wednesday,36.19,Grade Celsius,
437,641.22,W/m^2,15:56:19,28/6/17,Day of week:,Wednesday,36.31,Grade Celsius,
440,625.15,W/m^2,15:56:22,28/6/17,Day of week:,Wednesday,36.13,Grade Celsius,
440,639.76,W/m^2,15:56:25,28/6/17,Day of week:,Wednesday,36.13,Grade Celsius,
435,638.30,W/m^2,15:56:28,28/6/17,Day of week:,Wednesday,36.25,Grade Celsius,
442,639.76,W/m^2,15:56:31,28/6/17,Day of week:,Wednesday,36.38,Grade Celsius,
437,626.61,W/m^2,15:56:34,28/6/17,Day of week:,Wednesday,36.50,Grade Celsius,
439,641.22,W/m^2,15:56:37,28/6/17,Day of week:,Wednesday,36.69,Grade Celsius,
428,638.30,W/m^2,15:56:41,28/6/17,Day of week:,Wednesday,36.50,Grade Celsius,
436,642.68,W/m^2,15:56:44,28/6/17,Day of week:,Wednesday,36.69,Grade Celsius,
438,655.83,W/m^2,15:56:47,28/6/17,Day of week:,Wednesday,36.88,Grade Celsius,
435,636.84,W/m^2,15:56:50,28/6/17,Day of week:,Wednesday,36.94,Grade Celsius,
436,638.30,W/m^2,15:56:53,28/6/17,Day of week:,Wednesday,37.06,Grade Celsius,
435,639.76,W/m^2,15:56:56,28/6/17,Day of week:,Wednesday,36.75,Grade Celsius,
442,633.92,W/m^2,15:56:59,28/6/17,Day of week:,Wednesday,36.50,Grade Celsius,
434,644.14,W/m^2,15:57:02,28/6/17,Day of week:,Wednesday,36.56,Grade Celsius,
423,635.38,W/m^2,15:57:05,28/6/17,Day of week:,Wednesday,36.38,Grade Celsius,
435,638.30,W/m^2,15:57:08,28/6/17,Day of week:,Wednesday,36.38,Grade Celsius,
436,639.76,W/m^2,15:57:11,28/6/17,Day of week:,Wednesday,36.50,Grade Celsius,
432,633.92,W/m^2,15:57:14,28/6/17,Day of week:,Wednesday,36.31,Grade Celsius,
436,638.30,W/m^2,15:57:17,28/6/17,Day of week:,Wednesday,36.25,Grade Celsius,
436,636.84,W/m^2,15:57:20,28/6/17,Day of week:,Wednesday,36.19,Grade Celsius,
433,638.30,W/m^2,15:57:24,28/6/17,Day of week:,Wednesday,36.13,Grade Celsius,
434,636.84,W/m^2,15:57:27,28/6/17,Day of week:,Wednesday,36.25,Grade Celsius,
437,639.76,W/m^2,15:57:30,28/6/17,Day of week:,Wednesday,36.38,Grade Celsius,
433,631.00,W/m^2,15:57:33,28/6/17,Day of week:,Wednesday,36.44,Grade Celsius,
432,636.84,W/m^2,15:57:36,28/6/17,Day of week:,Wednesday,36.44,Grade Celsius,
421,629.54,W/m^2,15:57:39,28/6/17,Day of week:,Wednesday,36.25,Grade Celsius,
431,617.85,W/m^2,15:57:42,28/6/17,Day of week:,Wednesday,36.13,Grade Celsius,
432,633.92,W/m^2,15:57:45,28/6/17,Day of week:,Wednesday,36.13,Grade Celsius,
433,635.38,W/m^2,15:57:48,28/6/17,Day of week:,Wednesday,36.13,Grade Celsius,
432,612.01,W/m^2,15:57:51,28/6/17,Day of week:,Wednesday,36.31,Grade Celsius,
430,614.93,W/m^2,15:57:54,28/6/17,Day of week:,Wednesday,36.19,Grade Celsius,
432,631.00,W/m^2,15:57:57,28/6/17,Day of week:,Wednesday,36.06,Grade Celsius,
430,631.00,W/m^2,15:58:00,28/6/17,Day of week:,Wednesday,35.81,Grade Celsius,
434,632.46,W/m^2,15:58:03,28/6/17,Day of week:,Wednesday,35.81,Grade Celsius,
431,628.08,W/m^2,15:58:06,28/6/17,Day of week:,Wednesday,35.81,Grade Celsius,
430,610.55,W/m^2,15:58:10,28/6/17,Day of week:,Wednesday,35.75,Grade Celsius,
430,631.00,W/m^2,15:58:13,28/6/17,Day of week:,Wednesday,35.88,Grade Celsius,
432,631.00,W/m^2,15:58:16,28/6/17,Day of week:,Wednesday,36.00,Grade Celsius,
429,629.54,W/m^2,15:58:19,28/6/17,Day of week:,Wednesday,36.13,Grade Celsius,
429,631.00,W/m^2,15:58:22,28/6/17,Day of week:,Wednesday,36.25,Grade Celsius,
440,642.68,W/m^2,15:58:25,28/6/17,Day of week:,Wednesday,36.13,Grade Celsius,
428,628.08,W/m^2,15:58:28,28/6/17,Day of week:,Wednesday,35.94,Grade Celsius,
417,629.54,W/m^2,15:58:31,28/6/17,Day of week:,Wednesday,35.88,Grade Celsius,
431,639.76,W/m^2,15:58:34,28/6/17,Day of week:,Wednesday,35.69,Grade Celsius,
430,628.08,W/m^2,15:58:37,28/6/17,Day of week:,Wednesday,35.50,Grade Celsius,
429,631.00,W/m^2,15:58:40,28/6/17,Day of week:,Wednesday,35.38,Grade Celsius,
431,633.92,W/m^2,15:58:43,28/6/17,Day of week:,Wednesday,35.13,Grade Celsius,
440,629.54,W/m^2,15:58:46,28/6/17,Day of week:,Wednesday,34.94,Grade Celsius,
427,649.98,W/m^2,15:58:49,28/6/17,Day of week:,Wednesday,34.63,Grade Celsius,
441,622.23,W/m^2,15:58:52,28/6/17,Day of week:,Wednesday,34.69,Grade Celsius,
430,629.54,W/m^2,15:58:56,28/6/17,Day of week:,Wednesday,34.69,Grade Celsius,
428,628.08,W/m^2,15:58:59,28/6/17,Day of week:,Wednesday,34.50,Grade Celsius,
431,632.46,W/m^2,15:59:02,28/6/17,Day of week:,Wednesday,34.38,Grade Celsius,
430,628.08,W/m^2,15:59:05,28/6/17,Day of week:,Wednesday,34.25,Grade Celsius,
427,626.61,W/m^2,15:59:08,28/6/17,Day of week:,Wednesday,34.19,Grade Celsius,
429,626.61,W/m^2,15:59:11,28/6/17,Day of week:,Wednesday,34.38,Grade Celsius,
430,631.00,W/m^2,15:59:14,28/6/17,Day of week:,Wednesday,34.38,Grade Celsius,
428,625.15,W/m^2,15:59:17,28/6/17,Day of week:,Wednesday,34.25,Grade Celsius,
426,628.08,W/m^2,15:59:20,28/6/17,Day of week:,Wednesday,34.25,Grade Celsius,
428,629.54,W/m^2,15:59:23,28/6/17,Day of week:,Wednesday,34.25,Grade Celsius,
427,626.61,W/m^2,15:59:26,28/6/17,Day of week:,Wednesday,34.19,Grade Celsius,
430,623.69,W/m^2,15:59:29,28/6/17,Day of week:,Wednesday,34.31,Grade Celsius,
429,628.08,W/m^2,15:59:32,28/6/17,Day of week:,Wednesday,34.31,Grade Celsius,
429,626.61,W/m^2,15:59:35,28/6/17,Day of week:,Wednesday,34.31,Grade Celsius,
429,616.39,W/m^2,15:59:39,28/6/17,Day of week:,Wednesday,34.25,Grade Celsius,
432,639.76,W/m^2,15:59:42,28/6/17,Day of week:,Wednesday,34.19,Grade Celsius,
430,641.22,W/m^2,15:59:45,28/6/17,Day of week:,Wednesday,34.38,Grade Celsius,
429,633.92,W/m^2,15:59:48,28/6/17,Day of week:,Wednesday,34.50,Grade Celsius,
430,632.46,W/m^2,15:59:51,28/6/17,Day of week:,Wednesday,34.50,Grade Celsius,
422,626.61,W/m^2,15:59:54,28/6/17,Day of week:,Wednesday,34.50,Grade Celsius,
439,628.08,W/m^2,15:59:57,28/6/17,Day of week:,Wednesday,34.69,Grade Celsius,
431,620.77,W/m^2,16:00:00,28/6/17,Day of week:,Wednesday,34.69,Grade Celsius,
429,626.61,W/m^2,16:00:03,28/6/17,Day of week:,Wednesday,34.75,Grade Celsius,
436,631.00,W/m^2,16:00:06,28/6/17,Day of week:,Wednesday,34.88,Grade Celsius,
427,631.00,W/m^2,16:00:09,28/6/17,Day of week:,Wednesday,35.00,Grade Celsius,
432,636.84,W/m^2,16:00:12,28/6/17,Day of week:,Wednesday,35.13,Grade Celsius,
433,631.00,W/m^2,16:00:15,28/6/17,Day of week:,Wednesday,35.13,Grade Celsius,
428,633.92,W/m^2,16:00:18,28/6/17,Day of week:,Wednesday,35.13,Grade Celsius,
439,619.31,W/m^2,16:00:21,28/6/17,Day of week:,Wednesday,35.06,Grade Celsius,
429,631.00,W/m^2,16:00:25,28/6/17,Day of week:,Wednesday,35.13,Grade Celsius,
428,631.00,W/m^2,16:00:28,28/6/17,Day of week:,Wednesday,35.25,Grade Celsius,
427,635.38,W/m^2,16:00:31,28/6/17,Day of week:,Wednesday,35.44,Grade Celsius,
432,631.00,W/m^2,16:00:34,28/6/17,Day of week:,Wednesday,35.69,Grade Celsius,
429,628.08,W/m^2,16:00:37,28/6/17,Day of week:,Wednesday,35.88,Grade Celsius,
432,635.38,W/m^2,16:00:40,28/6/17,Day of week:,Wednesday,36.13,Grade Celsius,
430,631.00,W/m^2,16:00:43,28/6/17,Day of week:,Wednesday,36.31,Grade Celsius,
439,633.92,W/m^2,16:00:46,28/6/17,Day of week:,Wednesday,36.50,Grade Celsius,
432,628.08,W/m^2,16:00:49,28/6/17,Day of week:,Wednesday,36.69,Grade Celsius,
432,633.92,W/m^2,16:00:52,28/6/17,Day of week:,Wednesday,36.88,Grade Celsius,
429,628.08,W/m^2,16:00:55,28/6/17,Day of week:,Wednesday,37.06,Grade Celsius,
432,633.92,W/m^2,16:00:58,28/6/17,Day of week:,Wednesday,37.25,Grade Celsius,
431,635.38,W/m^2,16:01:01,28/6/17,Day of week:,Wednesday,37.44,Grade Celsius,
429,642.68,W/m^2,16:01:04,28/6/17,Day of week:,Wednesday,37.56,Grade Celsius,
433,633.92,W/m^2,16:01:07,28/6/17,Day of week:,Wednesday,37.63,Grade Celsius,
430,629.54,W/m^2,16:01:11,28/6/17,Day of week:,Wednesday,37.50,Grade Celsius,
429,631.00,W/m^2,16:01:14,28/6/17,Day of week:,Wednesday,37.50,Grade Celsius,
432,631.00,W/m^2,16:01:17,28/6/17,Day of week:,Wednesday,37.69,Grade Celsius,
423,628.08,W/m^2,16:01:20,28/6/17,Day of week:,Wednesday,37.81,Grade Celsius,
428,633.92,W/m^2,16:01:23,28/6/17,Day of week:,Wednesday,37.81,Grade Celsius,
431,631.00,W/m^2,16:01:26,28/6/17,Day of week:,Wednesday,37.69,Grade Celsius,
428,645.60,W/m^2,16:01:29,28/6/17,Day of week:,Wednesday,37.44,Grade Celsius,
435,626.61,W/m^2,16:01:32,28/6/17,Day of week:,Wednesday,37.25,Grade Celsius,
431,628.08,W/m^2,16:01:35,28/6/17,Day of week:,Wednesday,37.25,Grade Celsius,
432,633.92,W/m^2,16:01:38,28/6/17,Day of week:,Wednesday,37.13,Grade Celsius,
429,628.08,W/m^2,16:01:41,28/6/17,Day of week:,Wednesday,37.13,Grade Celsius,
431,622.23,W/m^2,16:01:44,28/6/17,Day of week:,Wednesday,37.19,Grade Celsius,
429,625.15,W/m^2,16:01:47,28/6/17,Day of week:,Wednesday,37.19,Grade Celsius,
428,628.08,W/m^2,16:01:51,28/6/17,Day of week:,Wednesday,37.38,Grade Celsius,
429,633.92,W/m^2,16:01:54,28/6/17,Day of week:,Wednesday,37.31,Grade Celsius,
430,629.54,W/m^2,16:01:57,28/6/17,Day of week:,Wednesday,37.19,Grade Celsius,
428,628.08,W/m^2,16:02:00,28/6/17,Day of week:,Wednesday,37.38,Grade Celsius,
430,625.15,W/m^2,16:02:03,28/6/17,Day of week:,Wednesday,37.50,Grade Celsius,
443,612.01,W/m^2,16:02:06,28/6/17,Day of week:,Wednesday,37.50,Grade Celsius,
442,609.09,W/m^2,16:02:09,28/6/17,Day of week:,Wednesday,37.56,Grade Celsius,
428,629.54,W/m^2,16:02:12,28/6/17,Day of week:,Wednesday,37.56,Grade Celsius,
429,645.60,W/m^2,16:02:15,28/6/17,Day of week:,Wednesday,37.75,Grade Celsius,
428,628.08,W/m^2,16:02:18,28/6/17,Day of week:,Wednesday,37.88,Grade Celsius,
426,629.54,W/m^2,16:02:21,28/6/17,Day of week:,Wednesday,38.00,Grade Celsius,
430,636.84,W/m^2,16:02:24,28/6/17,Day of week:,Wednesday,38.13,Grade Celsius,
429,626.61,W/m^2,16:02:27,28/6/17,Day of week:,Wednesday,38.25,Grade Celsius,
427,629.54,W/m^2,16:02:30,28/6/17,Day of week:,Wednesday,38.38,Grade Celsius,
428,631.00,W/m^2,16:02:34,28/6/17,Day of week:,Wednesday,38.50,Grade Celsius,
431,632.46,W/m^2,16:02:37,28/6/17,Day of week:,Wednesday,38.63,Grade Celsius,
429,626.61,W/m^2,16:02:40,28/6/17,Day of week:,Wednesday,38.63,Grade Celsius,
429,628.08,W/m^2,16:02:43,28/6/17,Day of week:,Wednesday,38.63,Grade Celsius,
430,612.01,W/m^2,16:02:46,28/6/17,Day of week:,Wednesday,38.56,Grade Celsius,
431,628.08,W/m^2,16:02:49,28/6/17,Day of week:,Wednesday,38.50,Grade Celsius,
429,629.54,W/m^2,16:02:52,28/6/17,Day of week:,Wednesday,38.50,Grade Celsius,
427,626.61,W/m^2,16:02:55,28/6/17,Day of week:,Wednesday,38.44,Grade Celsius,
430,631.00,W/m^2,16:02:58,28/6/17,Day of week:,Wednesday,38.44,Grade Celsius,
439,628.08,W/m^2,16:03:01,28/6/17,Day of week:,Wednesday,38.38,Grade Celsius,
428,631.00,W/m^2,16:03:04,28/6/17,Day of week:,Wednesday,38.38,Grade Celsius,
418,610.55,W/m^2,16:03:07,28/6/17,Day of week:,Wednesday,38.38,Grade Celsius,
429,628.08,W/m^2,16:03:10,28/6/17,Day of week:,Wednesday,38.38,Grade Celsius,
425,625.15,W/m^2,16:03:13,28/6/17,Day of week:,Wednesday,38.31,Grade Celsius,
424,625.15,W/m^2,16:03:16,28/6/17,Day of week:,Wednesday,38.25,Grade Celsius,
441,628.08,W/m^2,16:03:20,28/6/17,Day of week:,Wednesday,38.19,Grade Celsius,
425,620.77,W/m^2,16:03:23,28/6/17,Day of week:,Wednesday,38.13,Grade Celsius,
424,623.69,W/m^2,16:03:26,28/6/17,Day of week:,Wednesday,38.06,Grade Celsius,
426,626.61,W/m^2,16:03:29,28/6/17,Day of week:,Wednesday,38.00,Grade Celsius,
428,625.15,W/m^2,16:03:32,28/6/17,Day of week:,Wednesday,38.00,Grade Celsius,
426,607.63,W/m^2,16:03:35,28/6/17,Day of week:,Wednesday,37.94,Grade Celsius,
424,622.23,W/m^2,16:03:38,28/6/17,Day of week:,Wednesday,37.88,Grade Celsius,
427,641.22,W/m^2,16:03:41,28/6/17,Day of week:,Wednesday,37.88,Grade Celsius,
424,619.31,W/m^2,16:03:44,28/6/17,Day of week:,Wednesday,37.88,Grade Celsius,
421,619.31,W/m^2,16:03:47,28/6/17,Day of week:,Wednesday,37.94,Grade Celsius,
419,614.93,W/m^2,16:03:50,28/6/17,Day of week:,Wednesday,38.00,Grade Celsius,
421,612.01,W/m^2,16:03:53,28/6/17,Day of week:,Wednesday,38.06,Grade Celsius,
415,595.94,W/m^2,16:03:56,28/6/17,Day of week:,Wednesday,38.13,Grade Celsius,
417,614.93,W/m^2,16:03:59,28/6/17,Day of week:,Wednesday,38.25,Grade Celsius,
416,609.09,W/m^2,16:04:02,28/6/17,Day of week:,Wednesday,38.31,Grade Celsius,
419,607.63,W/m^2,16:04:06,28/6/17,Day of week:,Wednesday,38.44,Grade Celsius,
415,609.09,W/m^2,16:04:09,28/6/17,Day of week:,Wednesday,38.19,Grade Celsius,
415,607.63,W/m^2,16:04:12,28/6/17,Day of week:,Wednesday,37.94,Grade Celsius,
418,603.24,W/m^2,16:04:15,28/6/17,Day of week:,Wednesday,38.13,Grade Celsius,
412,601.78,W/m^2,16:04:18,28/6/17,Day of week:,Wednesday,37.69,Grade Celsius,
412,610.55,W/m^2,16:04:21,28/6/17,Day of week:,Wednesday,37.38,Grade Celsius,
410,601.78,W/m^2,16:04:24,28/6/17,Day of week:,Wednesday,37.19,Grade Celsius,
409,600.32,W/m^2,16:04:27,28/6/17,Day of week:,Wednesday,37.00,Grade Celsius,
408,607.63,W/m^2,16:04:30,28/6/17,Day of week:,Wednesday,37.13,Grade Celsius,
403,584.26,W/m^2,16:04:33,28/6/17,Day of week:,Wednesday,37.13,Grade Celsius,
402,593.02,W/m^2,16:04:36,28/6/17,Day of week:,Wednesday,37.00,Grade Celsius,
416,595.94,W/m^2,16:04:39,28/6/17,Day of week:,Wednesday,36.94,Grade Celsius,
414,585.72,W/m^2,16:04:42,28/6/17,Day of week:,Wednesday,36.88,Grade Celsius,
395,582.80,W/m^2,16:04:45,28/6/17,Day of week:,Wednesday,36.81,Grade Celsius,
399,578.41,W/m^2,16:04:49,28/6/17,Day of week:,Wednesday,36.75,Grade Celsius,
396,574.03,W/m^2,16:04:52,28/6/17,Day of week:,Wednesday,36.69,Grade Celsius,
395,578.41,W/m^2,16:04:55,28/6/17,Day of week:,Wednesday,36.75,Grade Celsius,
394,572.57,W/m^2,16:04:58,28/6/17,Day of week:,Wednesday,36.81,Grade Celsius,
386,557.96,W/m^2,16:05:01,28/6/17,Day of week:,Wednesday,36.94,Grade Celsius,
388,565.27,W/m^2,16:05:04,28/6/17,Day of week:,Wednesday,36.94,Grade Celsius,
389,562.35,W/m^2,16:05:07,28/6/17,Day of week:,Wednesday,37.00,Grade Celsius,
382,557.96,W/m^2,16:05:10,28/6/17,Day of week:,Wednesday,37.13,Grade Celsius,
377,555.04,W/m^2,16:05:13,28/6/17,Day of week:,Wednesday,36.88,Grade Celsius,
380,541.90,W/m^2,16:05:16,28/6/17,Day of week:,Wednesday,37.00,Grade Celsius,
379,541.90,W/m^2,16:05:19,28/6/17,Day of week:,Wednesday,37.06,Grade Celsius,
372,544.82,W/m^2,16:05:22,28/6/17,Day of week:,Wednesday,37.13,Grade Celsius,
370,543.36,W/m^2,16:05:25,28/6/17,Day of week:,Wednesday,37.25,Grade Celsius,
367,521.45,W/m^2,16:05:28,28/6/17,Day of week:,Wednesday,37.38,Grade Celsius,
365,531.67,W/m^2,16:05:31,28/6/17,Day of week:,Wednesday,37.25,Grade Celsius,
363,519.99,W/m^2,16:05:35,28/6/17,Day of week:,Wednesday,37.00,Grade Celsius,
359,527.29,W/m^2,16:05:38,28/6/17,Day of week:,Wednesday,36.81,Grade Celsius,
357,525.83,W/m^2,16:05:41,28/6/17,Day of week:,Wednesday,36.56,Grade Celsius,
351,514.15,W/m^2,16:05:44,28/6/17,Day of week:,Wednesday,36.13,Grade Celsius,
349,514.15,W/m^2,16:05:47,28/6/17,Day of week:,Wednesday,36.00,Grade Celsius,
345,509.76,W/m^2,16:05:50,28/6/17,Day of week:,Wednesday,35.81,Grade Celsius,
348,511.22,W/m^2,16:05:53,28/6/17,Day of week:,Wednesday,35.69,Grade Celsius,
354,498.08,W/m^2,16:05:56,28/6/17,Day of week:,Wednesday,35.63,Grade Celsius,
331,518.53,W/m^2,16:05:59,28/6/17,Day of week:,Wednesday,35.75,Grade Celsius,
334,490.78,W/m^2,16:06:02,28/6/17,Day of week:,Wednesday,35.81,Grade Celsius,
329,484.93,W/m^2,16:06:05,28/6/17,Day of week:,Wednesday,35.88,Grade Celsius,
328,480.55,W/m^2,16:06:08,28/6/17,Day of week:,Wednesday,35.88,Grade Celsius,
322,473.25,W/m^2,16:06:11,28/6/17,Day of week:,Wednesday,36.06,Grade Celsius,
323,473.25,W/m^2,16:06:14,28/6/17,Day of week:,Wednesday,35.94,Grade Celsius,
319,467.40,W/m^2,16:06:17,28/6/17,Day of week:,Wednesday,35.88,Grade Celsius,
315,460.10,W/m^2,16:06:21,28/6/17,Day of week:,Wednesday,35.94,Grade Celsius,
309,455.72,W/m^2,16:06:24,28/6/17,Day of week:,Wednesday,35.94,Grade Celsius,
307,455.72,W/m^2,16:06:27,28/6/17,Day of week:,Wednesday,35.94,Grade Celsius,
290,444.03,W/m^2,16:06:30,28/6/17,Day of week:,Wednesday,36.00,Grade Celsius,
300,441.11,W/m^2,16:06:33,28/6/17,Day of week:,Wednesday,36.19,Grade Celsius,
283,435.27,W/m^2,16:06:36,28/6/17,Day of week:,Wednesday,36.31,Grade Celsius,
292,429.43,W/m^2,16:06:39,28/6/17,Day of week:,Wednesday,36.38,Grade Celsius,
288,422.12,W/m^2,16:06:42,28/6/17,Day of week:,Wednesday,36.50,Grade Celsius,
286,422.12,W/m^2,16:06:45,28/6/17,Day of week:,Wednesday,36.50,Grade Celsius,
280,411.90,W/m^2,16:06:48,28/6/17,Day of week:,Wednesday,36.75,Grade Celsius,
278,408.98,W/m^2,16:06:51,28/6/17,Day of week:,Wednesday,36.81,Grade Celsius,
272,416.28,W/m^2,16:06:54,28/6/17,Day of week:,Wednesday,36.69,Grade Celsius,
271,388.53,W/m^2,16:06:58,28/6/17,Day of week:,Wednesday,36.88,Grade Celsius,
267,391.45,W/m^2,16:07:01,28/6/17,Day of week:,Wednesday,36.88,Grade Celsius,
259,385.61,W/m^2,16:07:04,28/6/17,Day of week:,Wednesday,36.81,Grade Celsius,
259,379.77,W/m^2,16:07:07,28/6/17,Day of week:,Wednesday,36.50,Grade Celsius,
246,375.38,W/m^2,16:07:10,28/6/17,Day of week:,Wednesday,36.56,Grade Celsius,
236,365.16,W/m^2,16:07:13,28/6/17,Day of week:,Wednesday,36.50,Grade Celsius,
248,363.70,W/m^2,16:07:16,28/6/17,Day of week:,Wednesday,36.50,Grade Celsius,
241,356.40,W/m^2,16:07:19,28/6/17,Day of week:,Wednesday,36.50,Grade Celsius,
240,353.47,W/m^2,16:07:22,28/6/17,Day of week:,Wednesday,36.63,Grade Celsius,
235,338.87,W/m^2,16:07:25,28/6/17,Day of week:,Wednesday,36.75,Grade Celsius,
232,338.87,W/m^2,16:07:28,28/6/17,Day of week:,Wednesday,36.88,Grade Celsius,
227,341.79,W/m^2,16:07:31,28/6/17,Day of week:,Wednesday,36.94,Grade Celsius,
235,331.57,W/m^2,16:07:34,28/6/17,Day of week:,Wednesday,36.63,Grade Celsius,
219,322.80,W/m^2,16:07:37,28/6/17,Day of week:,Wednesday,36.69,Grade Celsius,
217,319.88,W/m^2,16:07:41,28/6/17,Day of week:,Wednesday,36.50,Grade Celsius,
213,311.12,W/m^2,16:07:44,28/6/17,Day of week:,Wednesday,36.50,Grade Celsius,
208,308.20,W/m^2,16:07:47,28/6/17,Day of week:,Wednesday,36.44,Grade Celsius,
205,300.89,W/m^2,16:07:50,28/6/17,Day of week:,Wednesday,36.13,Grade Celsius,
205,300.89,W/m^2,16:07:53,28/6/17,Day of week:,Wednesday,36.19,Grade Celsius,
198,293.59,W/m^2,16:07:56,28/6/17,Day of week:,Wednesday,36.06,Grade Celsius,
195,287.75,W/m^2,16:07:59,28/6/17,Day of week:,Wednesday,36.06,Grade Celsius,
193,281.90,W/m^2,16:08:02,28/6/17,Day of week:,Wednesday,36.19,Grade Celsius,
188,270.22,W/m^2,16:08:05,28/6/17,Day of week:,Wednesday,36.19,Grade Celsius,
185,283.36,W/m^2,16:08:08,28/6/17,Day of week:,Wednesday,36.13,Grade Celsius,
195,271.68,W/m^2,16:08:11,28/6/17,Day of week:,Wednesday,36.06,Grade Celsius,
179,262.92,W/m^2,16:08:14,28/6/17,Day of week:,Wednesday,36.13,Grade Celsius,
164,245.39,W/m^2,16:08:17,28/6/17,Day of week:,Wednesday,36.19,Grade Celsius,
174,257.07,W/m^2,16:08:20,28/6/17,Day of week:,Wednesday,36.25,Grade Celsius,
168,251.23,W/m^2,16:08:23,28/6/17,Day of week:,Wednesday,36.25,Grade Celsius,
167,227.86,W/m^2,16:08:27,28/6/17,Day of week:,Wednesday,36.25,Grade Celsius,
163,224.94,W/m^2,16:08:30,28/6/17,Day of week:,Wednesday,36.19,Grade Celsius,
162,236.62,W/m^2,16:08:33,28/6/17,Day of week:,Wednesday,36.13,Grade Celsius,
153,216.17,W/m^2,16:08:36,28/6/17,Day of week:,Wednesday,36.19,Grade Celsius,
152,233.70,W/m^2,16:08:39,28/6/17,Day of week:,Wednesday,35.88,Grade Celsius,
153,222.02,W/m^2,16:08:42,28/6/17,Day of week:,Wednesday,35.56,Grade Celsius,
162,219.10,W/m^2,16:08:45,28/6/17,Day of week:,Wednesday,35.38,Grade Celsius,
147,222.02,W/m^2,16:08:48,28/6/17,Day of week:,Wednesday,35.38,Grade Celsius,
146,216.17,W/m^2,16:08:51,28/6/17,Day of week:,Wednesday,35.19,Grade Celsius,
153,210.33,W/m^2,16:08:54,28/6/17,Day of week:,Wednesday,35.13,Grade Celsius,
141,230.78,W/m^2,16:08:57,28/6/17,Day of week:,Wednesday,35.00,Grade Celsius,
139,213.25,W/m^2,16:09:00,28/6/17,Day of week:,Wednesday,34.88,Grade Celsius,
136,213.25,W/m^2,16:09:03,28/6/17,Day of week:,Wednesday,34.81,Grade Celsius,
136,198.65,W/m^2,16:09:06,28/6/17,Day of week:,Wednesday,34.56,Grade Celsius,
135,195.73,W/m^2,16:09:10,28/6/17,Day of week:,Wednesday,34.38,Grade Celsius,
129,188.42,W/m^2,16:09:13,28/6/17,Day of week:,Wednesday,34.38,Grade Celsius,
115,192.80,W/m^2,16:09:16,28/6/17,Day of week:,Wednesday,34.50,Grade Celsius,
128,188.42,W/m^2,16:09:19,28/6/17,Day of week:,Wednesday,34.63,Grade Celsius,
123,182.58,W/m^2,16:09:22,28/6/17,Day of week:,Wednesday,34.75,Grade Celsius,
135,184.04,W/m^2,16:09:25,28/6/17,Day of week:,Wednesday,34.88,Grade Celsius,
123,169.43,W/m^2,16:09:28,28/6/17,Day of week:,Wednesday,34.88,Grade Celsius,
120,172.36,W/m^2,16:09:31,28/6/17,Day of week:,Wednesday,35.00,Grade Celsius,
113,179.66,W/m^2,16:09:34,28/6/17,Day of week:,Wednesday,35.06,Grade Celsius,
111,175.28,W/m^2,16:09:37,28/6/17,Day of week:,Wednesday,35.19,Grade Celsius,
113,170.89,W/m^2,16:09:40,28/6/17,Day of week:,Wednesday,35.25,Grade Celsius,
114,163.59,W/m^2,16:09:43,28/6/17,Day of week:,Wednesday,35.44,Grade Celsius,
112,163.59,W/m^2,16:09:46,28/6/17,Day of week:,Wednesday,35.63,Grade Celsius,
111,162.13,W/m^2,16:09:49,28/6/17,Day of week:,Wednesday,35.75,Grade Celsius,
119,163.59,W/m^2,16:09:52,28/6/17,Day of week:,Wednesday,35.75,Grade Celsius,
109,140.22,W/m^2,16:09:56,28/6/17,Day of week:,Wednesday,35.94,Grade Celsius,
106,156.29,W/m^2,16:09:59,28/6/17,Day of week:,Wednesday,36.06,Grade Celsius,
106,157.75,W/m^2,16:10:02,28/6/17,Day of week:,Wednesday,36.19,Grade Celsius,
104,163.59,W/m^2,16:10:05,28/6/17,Day of week:,Wednesday,36.13,Grade Celsius,
100,172.36,W/m^2,16:10:08,28/6/17,Day of week:,Wednesday,35.88,Grade Celsius,
103,154.83,W/m^2,16:10:11,28/6/17,Day of week:,Wednesday,36.06,Grade Celsius,
103,151.91,W/m^2,16:10:14,28/6/17,Day of week:,Wednesday,36.00,Grade Celsius,
88,131.46,W/m^2,16:10:17,28/6/17,Day of week:,Wednesday,36.00,Grade Celsius,
100,148.99,W/m^2,16:10:20,28/6/17,Day of week:,Wednesday,35.88,Grade Celsius,
95,157.75,W/m^2,16:10:23,28/6/17,Day of week:,Wednesday,36.00,Grade Celsius,
98,146.06,W/m^2,16:10:26,28/6/17,Day of week:,Wednesday,36.00,Grade Celsius,
97,143.14,W/m^2,16:10:29,28/6/17,Day of week:,Wednesday,35.88,Grade Celsius,
105,140.22,W/m^2,16:10:32,28/6/17,Day of week:,Wednesday,35.75,Grade Celsius,
97,146.06,W/m^2,16:10:35,28/6/17,Day of week:,Wednesday,35.69,Grade Celsius,
88,141.68,W/m^2,16:10:38,28/6/17,Day of week:,Wednesday,35.69,Grade Celsius,
95,154.83,W/m^2,16:10:42,28/6/17,Day of week:,Wednesday,35.56,Grade Celsius,
99,143.14,W/m^2,16:10:45,28/6/17,Day of week:,Wednesday,35.38,Grade Celsius,
96,141.68,W/m^2,16:10:48,28/6/17,Day of week:,Wednesday,35.19,Grade Celsius,
96,140.22,W/m^2,16:10:51,28/6/17,Day of week:,Wednesday,34.94,Grade Celsius,
97,140.22,W/m^2,16:10:54,28/6/17,Day of week:,Wednesday,34.75,Grade Celsius,
100,140.22,W/m^2,16:10:57,28/6/17,Day of week:,Wednesday,34.56,Grade Celsius,
95,140.22,W/m^2,16:11:00,28/6/17,Day of week:,Wednesday,34.44,Grade Celsius,
94,140.22,W/m^2,16:11:03,28/6/17,Day of week:,Wednesday,34.44,Grade Celsius,
92,134.38,W/m^2,16:11:06,28/6/17,Day of week:,Wednesday,34.56,Grade Celsius,
91,153.37,W/m^2,16:11:09,28/6/17,Day of week:,Wednesday,34.69,Grade Celsius,
93,140.22,W/m^2,16:11:12,28/6/17,Day of week:,Wednesday,34.81,Grade Celsius,
91,140.22,W/m^2,16:11:15,28/6/17,Day of week:,Wednesday,35.00,Grade Celsius,
89,134.38,W/m^2,16:11:18,28/6/17,Day of week:,Wednesday,35.00,Grade Celsius,
91,135.84,W/m^2,16:11:21,28/6/17,Day of week:,Wednesday,35.06,Grade Celsius,
96,144.60,W/m^2,16:11:24,28/6/17,Day of week:,Wednesday,35.06,Grade Celsius,
82,140.22,W/m^2,16:11:28,28/6/17,Day of week:,Wednesday,35.13,Grade Celsius,
93,146.06,W/m^2,16:11:31,28/6/17,Day of week:,Wednesday,35.13,Grade Celsius,
85,128.54,W/m^2,16:11:34,28/6/17,Day of week:,Wednesday,35.06,Grade Celsius,
100,134.38,W/m^2,16:11:37,28/6/17,Day of week:,Wednesday,35.13,Grade Celsius,
91,140.22,W/m^2,16:11:40,28/6/17,Day of week:,Wednesday,35.19,Grade Celsius,
105,135.84,W/m^2,16:11:43,28/6/17,Day of week:,Wednesday,35.25,Grade Celsius,
90,140.22,W/m^2,16:11:46,28/6/17,Day of week:,Wednesday,35.13,Grade Celsius,
90,147.52,W/m^2,16:11:49,28/6/17,Day of week:,Wednesday,35.00,Grade Celsius,
93,134.38,W/m^2,16:11:52,28/6/17,Day of week:,Wednesday,35.13,Grade Celsius,
95,131.46,W/m^2,16:11:55,28/6/17,Day of week:,Wednesday,35.00,Grade Celsius,
98,140.22,W/m^2,16:11:58,28/6/17,Day of week:,Wednesday,34.94,Grade Celsius,
93,134.38,W/m^2,16:12:01,28/6/17,Day of week:,Wednesday,34.88,Grade Celsius,
79,134.38,W/m^2,16:12:04,28/6/17,Day of week:,Wednesday,34.94,Grade Celsius,
94,151.91,W/m^2,16:12:07,28/6/17,Day of week:,Wednesday,34.94,Grade Celsius,
88,134.38,W/m^2,16:12:11,28/6/17,Day of week:,Wednesday,34.94,Grade Celsius,
93,140.22,W/m^2,16:12:14,28/6/17,Day of week:,Wednesday,35.00,Grade Celsius,
80,153.37,W/m^2,16:12:17,28/6/17,Day of week:,Wednesday,35.06,Grade Celsius,
91,131.46,W/m^2,16:12:20,28/6/17,Day of week:,Wednesday,35.13,Grade Celsius,
90,124.15,W/m^2,16:12:23,28/6/17,Day of week:,Wednesday,35.06,Grade Celsius,
91,140.22,W/m^2,16:12:26,28/6/17,Day of week:,Wednesday,35.13,Grade Celsius,
90,134.38,W/m^2,16:12:29,28/6/17,Day of week:,Wednesday,35.25,Grade Celsius,
94,128.54,W/m^2,16:12:32,28/6/17,Day of week:,Wednesday,35.25,Grade Celsius,
92,140.22,W/m^2,16:12:35,28/6/17,Day of week:,Wednesday,35.31,Grade Celsius,
87,134.38,W/m^2,16:12:38,28/6/17,Day of week:,Wednesday,35.44,Grade Celsius,
91,134.38,W/m^2,16:12:41,28/6/17,Day of week:,Wednesday,35.38,Grade Celsius,
89,134.38,W/m^2,16:12:44,28/6/17,Day of week:,Wednesday,35.31,Grade Celsius,
94,140.22,W/m^2,16:12:47,28/6/17,Day of week:,Wednesday,35.25,Grade Celsius,
90,146.06,W/m^2,16:12:50,28/6/17,Day of week:,Wednesday,35.19,Grade Celsius,
94,140.22,W/m^2,16:12:54,28/6/17,Day of week:,Wednesday,35.19,Grade Celsius,
81,134.38,W/m^2,16:12:57,28/6/17,Day of week:,Wednesday,35.13,Grade Celsius,
82,140.22,W/m^2,16:13:00,28/6/17,Day of week:,Wednesday,35.19,Grade Celsius,
94,130.00,W/m^2,16:13:03,28/6/17,Day of week:,Wednesday,35.19,Grade Celsius,
92,134.38,W/m^2,16:13:06,28/6/17,Day of week:,Wednesday,35.19,Grade Celsius,
91,134.38,W/m^2,16:13:09,28/6/17,Day of week:,Wednesday,35.25,Grade Celsius,
92,134.38,W/m^2,16:13:12,28/6/17,Day of week:,Wednesday,35.25,Grade Celsius,
91,135.84,W/m^2,16:13:15,28/6/17,Day of week:,Wednesday,35.25,Grade Celsius,
93,143.14,W/m^2,16:13:18,28/6/17,Day of week:,Wednesday,35.31,Grade Celsius,
94,140.22,W/m^2,16:13:21,28/6/17,Day of week:,Wednesday,35.38,Grade Celsius,
91,132.92,W/m^2,16:13:24,28/6/17,Day of week:,Wednesday,35.38,Grade Celsius,
89,135.84,W/m^2,16:13:27,28/6/17,Day of week:,Wednesday,35.50,Grade Celsius,
82,134.38,W/m^2,16:13:30,28/6/17,Day of week:,Wednesday,35.50,Grade Celsius,
89,151.91,W/m^2,16:13:33,28/6/17,Day of week:,Wednesday,35.50,Grade Celsius,
93,140.22,W/m^2,16:13:36,28/6/17,Day of week:,Wednesday,35.63,Grade Celsius,
93,134.38,W/m^2,16:13:40,28/6/17,Day of week:,Wednesday,35.75,Grade Celsius,
94,134.38,W/m^2,16:13:43,28/6/17,Day of week:,Wednesday,35.81,Grade Celsius,
91,140.22,W/m^2,16:13:46,28/6/17,Day of week:,Wednesday,35.88,Grade Celsius,
91,134.38,W/m^2,16:13:49,28/6/17,Day of week:,Wednesday,35.75,Grade Celsius,
81,140.22,W/m^2,16:13:52,28/6/17,Day of week:,Wednesday,35.63,Grade Celsius,
89,134.38,W/m^2,16:13:55,28/6/17,Day of week:,Wednesday,35.56,Grade Celsius,
81,128.54,W/m^2,16:13:58,28/6/17,Day of week:,Wednesday,35.44,Grade Celsius,
93,134.38,W/m^2,16:14:01,28/6/17,Day of week:,Wednesday,35.50,Grade Celsius,
91,122.69,W/m^2,16:14:04,28/6/17,Day of week:,Wednesday,35.56,Grade Celsius,
82,134.38,W/m^2,16:14:07,28/6/17,Day of week:,Wednesday,35.63,Grade Celsius,
90,134.38,W/m^2,16:14:10,28/6/17,Day of week:,Wednesday,35.63,Grade Celsius,
91,134.38,W/m^2,16:14:13,28/6/17,Day of week:,Wednesday,35.69,Grade Celsius,
92,140.22,W/m^2,16:14:16,28/6/17,Day of week:,Wednesday,35.50,Grade Celsius,
90,134.38,W/m^2,16:14:19,28/6/17,Day of week:,Wednesday,35.44,Grade Celsius,
88,118.31,W/m^2,16:14:22,28/6/17,Day of week:,Wednesday,35.06,Grade Celsius,
94,140.22,W/m^2,16:14:26,28/6/17,Day of week:,Wednesday,34.94,Grade Celsius,
105,127.08,W/m^2,16:14:29,28/6/17,Day of week:,Wednesday,34.81,Grade Celsius,
90,134.38,W/m^2,16:14:32,28/6/17,Day of week:,Wednesday,34.81,Grade Celsius,
91,134.38,W/m^2,16:14:35,28/6/17,Day of week:,Wednesday,34.81,Grade Celsius,
100,135.84,W/m^2,16:14:38,28/6/17,Day of week:,Wednesday,34.63,Grade Celsius,
90,134.38,W/m^2,16:14:41,28/6/17,Day of week:,Wednesday,34.56,Grade Celsius,
80,140.22,W/m^2,16:14:44,28/6/17,Day of week:,Wednesday,34.63,Grade Celsius,
97,134.38,W/m^2,16:14:47,28/6/17,Day of week:,Wednesday,34.44,Grade Celsius,
92,135.84,W/m^2,16:14:50,28/6/17,Day of week:,Wednesday,34.50,Grade Celsius,
87,125.62,W/m^2,16:14:53,28/6/17,Day of week:,Wednesday,34.38,Grade Celsius,
93,131.46,W/m^2,16:14:56,28/6/17,Day of week:,Wednesday,34.31,Grade Celsius,
97,137.30,W/m^2,16:14:59,28/6/17,Day of week:,Wednesday,34.13,Grade Celsius,
91,134.38,W/m^2,16:15:02,28/6/17,Day of week:,Wednesday,34.00,Grade Celsius,
90,134.38,W/m^2,16:15:05,28/6/17,Day of week:,Wednesday,34.00,Grade Celsius,
97,134.38,W/m^2,16:15:08,28/6/17,Day of week:,Wednesday,34.00,Grade Celsius,
91,134.38,W/m^2,16:15:12,28/6/17,Day of week:,Wednesday,33.94,Grade Celsius,
91,134.38,W/m^2,16:15:15,28/6/17,Day of week:,Wednesday,34.00,Grade Celsius,
81,131.46,W/m^2,16:15:18,28/6/17,Day of week:,Wednesday,34.00,Grade Celsius,
79,128.54,W/m^2,16:15:21,28/6/17,Day of week:,Wednesday,34.19,Grade Celsius,
91,151.91,W/m^2,16:15:24,28/6/17,Day of week:,Wednesday,34.25,Grade Celsius,
90,140.22,W/m^2,16:15:27,28/6/17,Day of week:,Wednesday,34.38,Grade Celsius,
91,131.46,W/m^2,16:15:30,28/6/17,Day of week:,Wednesday,34.50,Grade Celsius,
89,122.69,W/m^2,16:15:33,28/6/17,Day of week:,Wednesday,34.56,Grade Celsius,
93,121.23,W/m^2,16:15:36,28/6/17,Day of week:,Wednesday,34.63,Grade Celsius,
91,135.84,W/m^2,16:15:39,28/6/17,Day of week:,Wednesday,34.75,Grade Celsius,
88,130.00,W/m^2,16:15:42,28/6/17,Day of week:,Wednesday,34.81,Grade Celsius,
90,134.38,W/m^2,16:15:45,28/6/17,Day of week:,Wednesday,34.69,Grade Celsius,
91,134.38,W/m^2,16:15:48,28/6/17,Day of week:,Wednesday,34.63,Grade Celsius,
91,134.38,W/m^2,16:15:51,28/6/17,Day of week:,Wednesday,34.50,Grade Celsius,
90,116.85,W/m^2,16:15:54,28/6/17,Day of week:,Wednesday,34.56,Grade Celsius,
82,143.14,W/m^2,16:15:58,28/6/17,Day of week:,Wednesday,34.44,Grade Celsius,
91,134.38,W/m^2,16:16:01,28/6/17,Day of week:,Wednesday,34.38,Grade Celsius,
88,131.46,W/m^2,16:16:04,28/6/17,Day of week:,Wednesday,34.25,Grade Celsius,
89,122.69,W/m^2,16:16:07,28/6/17,Day of week:,Wednesday,34.31,Grade Celsius,
89,146.06,W/m^2,16:16:10,28/6/17,Day of week:,Wednesday,34.38,Grade Celsius,
89,143.14,W/m^2,16:16:13,28/6/17,Day of week:,Wednesday,34.50,Grade Celsius,
90,134.38,W/m^2,16:16:16,28/6/17,Day of week:,Wednesday,34.50,Grade Celsius,
90,130.00,W/m^2,16:16:19,28/6/17,Day of week:,Wednesday,34.44,Grade Celsius,
89,134.38,W/m^2,16:16:22,28/6/17,Day of week:,Wednesday,34.50,Grade Celsius,
99,134.38,W/m^2,16:16:25,28/6/17,Day of week:,Wednesday,34.50,Grade Celsius,
91,132.92,W/m^2,16:16:28,28/6/17,Day of week:,Wednesday,34.50,Grade Celsius,
91,134.38,W/m^2,16:16:31,28/6/17,Day of week:,Wednesday,34.63,Grade Celsius,
84,119.77,W/m^2,16:16:34,28/6/17,Day of week:,Wednesday,34.69,Grade Celsius,
100,140.22,W/m^2,16:16:37,28/6/17,Day of week:,Wednesday,34.75,Grade Celsius,
81,137.30,W/m^2,16:16:40,28/6/17,Day of week:,Wednesday,34.75,Grade Celsius,
92,134.38,W/m^2,16:16:44,28/6/17,Day of week:,Wednesday,34.75,Grade Celsius,
84,134.38,W/m^2,16:16:47,28/6/17,Day of week:,Wednesday,34.75,Grade Celsius,
88,130.00,W/m^2,16:16:50,28/6/17,Day of week:,Wednesday,34.75,Grade Celsius,
92,134.38,W/m^2,16:16:53,28/6/17,Day of week:,Wednesday,34.69,Grade Celsius,
87,131.46,W/m^2,16:16:56,28/6/17,Day of week:,Wednesday,34.81,Grade Celsius,
89,131.46,W/m^2,16:16:59,28/6/17,Day of week:,Wednesday,34.81,Grade Celsius,
89,134.38,W/m^2,16:17:02,28/6/17,Day of week:,Wednesday,34.88,Grade Celsius,
91,134.38,W/m^2,16:17:05,28/6/17,Day of week:,Wednesday,34.94,Grade Celsius,
90,134.38,W/m^2,16:17:08,28/6/17,Day of week:,Wednesday,34.88,Grade Celsius,
90,131.46,W/m^2,16:17:11,28/6/17,Day of week:,Wednesday,34.63,Grade Celsius,
88,116.85,W/m^2,16:17:14,28/6/17,Day of week:,Wednesday,34.69,Grade Celsius,
100,134.38,W/m^2,16:17:17,28/6/17,Day of week:,Wednesday,34.44,Grade Celsius,
91,134.38,W/m^2,16:17:20,28/6/17,Day of week:,Wednesday,34.25,Grade Celsius,
91,134.38,W/m^2,16:17:23,28/6/17,Day of week:,Wednesday,34.25,Grade Celsius,
89,116.85,W/m^2,16:17:26,28/6/17,Day of week:,Wednesday,34.38,Grade Celsius,
91,131.46,W/m^2,16:17:30,28/6/17,Day of week:,Wednesday,34.38,Grade Celsius,
88,131.46,W/m^2,16:17:33,28/6/17,Day of week:,Wednesday,34.38,Grade Celsius,
87,134.38,W/m^2,16:17:36,28/6/17,Day of week:,Wednesday,34.38,Grade Celsius,
89,134.38,W/m^2,16:17:39,28/6/17,Day of week:,Wednesday,34.44,Grade Celsius,
80,140.22,W/m^2,16:17:42,28/6/17,Day of week:,Wednesday,34.44,Grade Celsius,
92,124.15,W/m^2,16:17:45,28/6/17,Day of week:,Wednesday,34.50,Grade Celsius,
82,134.38,W/m^2,16:17:48,28/6/17,Day of week:,Wednesday,34.56,Grade Celsius,
90,134.38,W/m^2,16:17:51,28/6/17,Day of week:,Wednesday,34.56,Grade Celsius,
90,131.46,W/m^2,16:17:54,28/6/17,Day of week:,Wednesday,34.63,Grade Celsius,
89,140.22,W/m^2,16:17:57,28/6/17,Day of week:,Wednesday,34.56,Grade Celsius,
90,134.38,W/m^2,16:18:00,28/6/17,Day of week:,Wednesday,34.63,Grade Celsius,
103,134.38,W/m^2,16:18:03,28/6/17,Day of week:,Wednesday,34.63,Grade Celsius,
97,131.46,W/m^2,16:18:07,28/6/17,Day of week:,Wednesday,34.63,Grade Celsius,
81,134.38,W/m^2,16:18:10,28/6/17,Day of week:,Wednesday,34.69,Grade Celsius,
91,134.38,W/m^2,16:18:13,28/6/17,Day of week:,Wednesday,34.75,Grade Celsius,
91,134.38,W/m^2,16:18:16,28/6/17,Day of week:,Wednesday,34.75,Grade Celsius,
86,141.68,W/m^2,16:18:19,28/6/17,Day of week:,Wednesday,34.56,Grade Celsius,
101,131.46,W/m^2,16:18:22,28/6/17,Day of week:,Wednesday,34.63,Grade Celsius,
91,140.22,W/m^2,16:18:25,28/6/17,Day of week:,Wednesday,34.56,Grade Celsius,
89,128.54,W/m^2,16:18:28,28/6/17,Day of week:,Wednesday,34.56,Grade Celsius,
89,134.38,W/m^2,16:18:31,28/6/17,Day of week:,Wednesday,34.56,Grade Celsius,
90,131.46,W/m^2,16:18:34,28/6/17,Day of week:,Wednesday,34.56,Grade Celsius,
98,140.22,W/m^2,16:18:37,28/6/17,Day of week:,Wednesday,34.50,Grade Celsius,
90,131.46,W/m^2,16:18:40,28/6/17,Day of week:,Wednesday,34.56,Grade Celsius,
91,134.38,W/m^2,16:18:43,28/6/17,Day of week:,Wednesday,34.63,Grade Celsius,
91,134.38,W/m^2,16:18:46,28/6/17,Day of week:,Wednesday,34.44,Grade Celsius,
89,140.22,W/m^2,16:18:49,28/6/17,Day of week:,Wednesday,34.44,Grade Celsius,
88,131.46,W/m^2,16:18:53,28/6/17,Day of week:,Wednesday,34.50,Grade Celsius,
89,131.46,W/m^2,16:18:56,28/6/17,Day of week:,Wednesday,34.50,Grade Celsius,
99,134.38,W/m^2,16:18:59,28/6/17,Day of week:,Wednesday,34.56,Grade Celsius,
93,131.46,W/m^2,16:19:02,28/6/17,Day of week:,Wednesday,34.31,Grade Celsius,
89,131.46,W/m^2,16:19:05,28/6/17,Day of week:,Wednesday,34.19,Grade Celsius,
93,134.38,W/m^2,16:19:08,28/6/17,Day of week:,Wednesday,34.19,Grade Celsius,
89,122.69,W/m^2,16:19:11,28/6/17,Day of week:,Wednesday,34.13,Grade Celsius,
91,140.22,W/m^2,16:19:14,28/6/17,Day of week:,Wednesday,34.13,Grade Celsius,
88,131.46,W/m^2,16:19:17,28/6/17,Day of week:,Wednesday,34.00,Grade Celsius,
91,134.38,W/m^2,16:19:20,28/6/17,Day of week:,Wednesday,34.06,Grade Celsius,
100,119.77,W/m^2,16:19:23,28/6/17,Day of week:,Wednesday,34.13,Grade Celsius,
89,131.46,W/m^2,16:19:26,28/6/17,Day of week:,Wednesday,34.00,Grade Celsius,
95,134.38,W/m^2,16:19:29,28/6/17,Day of week:,Wednesday,34.06,Grade Celsius,
89,131.46,W/m^2,16:19:32,28/6/17,Day of week:,Wednesday,34.13,Grade Celsius,
91,124.15,W/m^2,16:19:35,28/6/17,Day of week:,Wednesday,34.19,Grade Celsius,
91,131.46,W/m^2,16:19:39,28/6/17,Day of week:,Wednesday,34.13,Grade Celsius,
89,128.54,W/m^2,16:19:42,28/6/17,Day of week:,Wednesday,34.19,Grade Celsius,
96,153.37,W/m^2,16:19:45,28/6/17,Day of week:,Wednesday,34.25,Grade Celsius,
90,134.38,W/m^2,16:19:48,28/6/17,Day of week:,Wednesday,34.31,Grade Celsius,
90,140.22,W/m^2,16:19:51,28/6/17,Day of week:,Wednesday,34.44,Grade Celsius,
86,131.46,W/m^2,16:19:54,28/6/17,Day of week:,Wednesday,34.50,Grade Celsius,
90,140.22,W/m^2,16:19:57,28/6/17,Day of week:,Wednesday,34.63,Grade Celsius,
79,134.38,W/m^2,16:20:00,28/6/17,Day of week:,Wednesday,34.50,Grade Celsius,
77,118.31,W/m^2,16:20:03,28/6/17,Day of week:,Wednesday,34.50,Grade Celsius,
88,140.22,W/m^2,16:20:06,28/6/17,Day of week:,Wednesday,34.56,Grade Celsius,
94,134.38,W/m^2,16:20:09,28/6/17,Day of week:,Wednesday,34.63,Grade Celsius,
101,134.38,W/m^2,16:20:12,28/6/17,Day of week:,Wednesday,34.56,Grade Celsius,
90,151.91,W/m^2,16:20:15,28/6/17,Day of week:,Wednesday,34.56,Grade Celsius,
89,134.38,W/m^2,16:20:18,28/6/17,Day of week:,Wednesday,34.56,Grade Celsius,
103,134.38,W/m^2,16:20:21,28/6/17,Day of week:,Wednesday,34.56,Grade Celsius,
79,131.46,W/m^2,16:20:25,28/6/17,Day of week:,Wednesday,34.56,Grade Celsius,
90,132.92,W/m^2,16:20:28,28/6/17,Day of week:,Wednesday,34.63,Grade Celsius,
89,116.85,W/m^2,16:20:31,28/6/17,Day of week:,Wednesday,34.56,Grade Celsius,
90,140.22,W/m^2,16:20:34,28/6/17,Day of week:,Wednesday,34.50,Grade Celsius,
91,131.46,W/m^2,16:20:37,28/6/17,Day of week:,Wednesday,34.50,Grade Celsius,
90,131.46,W/m^2,16:20:40,28/6/17,Day of week:,Wednesday,34.50,Grade Celsius,
90,131.46,W/m^2,16:20:43,28/6/17,Day of week:,Wednesday,34.50,Grade Celsius,
89,140.22,W/m^2,16:20:46,28/6/17,Day of week:,Wednesday,34.63,Grade Celsius,
88,119.77,W/m^2,16:20:49,28/6/17,Day of week:,Wednesday,34.69,Grade Celsius,
90,131.46,W/m^2,16:20:52,28/6/17,Day of week:,Wednesday,34.63,Grade Celsius,
89,131.46,W/m^2,16:20:55,28/6/17,Day of week:,Wednesday,34.69,Grade Celsius,
91,134.38,W/m^2,16:20:58,28/6/17,Day of week:,Wednesday,34.75,Grade Celsius,
93,134.38,W/m^2,16:21:01,28/6/17,Day of week:,Wednesday,34.69,Grade Celsius,
102,134.38,W/m^2,16:21:04,28/6/17,Day of week:,Wednesday,34.81,Grade Celsius,
77,131.46,W/m^2,16:21:07,28/6/17,Day of week:,Wednesday,34.81,Grade Celsius,
90,116.85,W/m^2,16:21:11,28/6/17,Day of week:,Wednesday,34.69,Grade Celsius,
80,143.14,W/m^2,16:21:14,28/6/17,Day of week:,Wednesday,34.75,Grade Celsius,
81,130.00,W/m^2,16:21:17,28/6/17,Day of week:,Wednesday,34.75,Grade Celsius,
89,134.38,W/m^2,16:21:20,28/6/17,Day of week:,Wednesday,34.81,Grade Celsius,
91,134.38,W/m^2,16:21:23,28/6/17,Day of week:,Wednesday,34.81,Grade Celsius,
89,140.22,W/m^2,16:21:26,28/6/17,Day of week:,Wednesday,34.81,Grade Celsius,
89,119.77,W/m^2,16:21:29,28/6/17,Day of week:,Wednesday,34.88,Grade Celsius,
97,122.69,W/m^2,16:21:32,28/6/17,Day of week:,Wednesday,34.88,Grade Celsius,
84,112.47,W/m^2,16:21:35,28/6/17,Day of week:,Wednesday,34.81,Grade Celsius,
90,134.38,W/m^2,16:21:38,28/6/17,Day of week:,Wednesday,34.81,Grade Celsius,
89,134.38,W/m^2,16:21:41,28/6/17,Day of week:,Wednesday,34.81,Grade Celsius,
88,113.93,W/m^2,16:21:44,28/6/17,Day of week:,Wednesday,34.81,Grade Celsius,
99,125.62,W/m^2,16:21:47,28/6/17,Day of week:,Wednesday,34.81,Grade Celsius,
90,135.84,W/m^2,16:21:50,28/6/17,Day of week:,Wednesday,34.75,Grade Celsius,
90,134.38,W/m^2,16:21:54,28/6/17,Day of week:,Wednesday,34.75,Grade Celsius,
90,131.46,W/m^2,16:21:57,28/6/17,Day of week:,Wednesday,34.69,Grade Celsius,
84,131.46,W/m^2,16:22:00,28/6/17,Day of week:,Wednesday,34.75,Grade Celsius,
89,134.38,W/m^2,16:22:03,28/6/17,Day of week:,Wednesday,34.75,Grade Celsius,
90,134.38,W/m^2,16:22:06,28/6/17,Day of week:,Wednesday,34.69,Grade Celsius,
89,116.85,W/m^2,16:22:09,28/6/17,Day of week:,Wednesday,34.69,Grade Celsius,
89,131.46,W/m^2,16:22:12,28/6/17,Day of week:,Wednesday,34.63,Grade Celsius,
86,146.06,W/m^2,16:22:15,28/6/17,Day of week:,Wednesday,34.69,Grade Celsius,
90,134.38,W/m^2,16:22:18,28/6/17,Day of week:,Wednesday,34.69,Grade Celsius,
86,131.46,W/m^2,16:22:21,28/6/17,Day of week:,Wednesday,34.75,Grade Celsius,
88,131.46,W/m^2,16:22:24,28/6/17,Day of week:,Wednesday,34.69,Grade Celsius,
90,131.46,W/m^2,16:22:27,28/6/17,Day of week:,Wednesday,34.63,Grade Celsius,
85,148.99,W/m^2,16:22:30,28/6/17,Day of week:,Wednesday,34.50,Grade Celsius,
95,131.46,W/m^2,16:22:33,28/6/17,Day of week:,Wednesday,34.50,Grade Celsius,
90,134.38,W/m^2,16:22:36,28/6/17,Day of week:,Wednesday,34.50,Grade Celsius,
87,124.15,W/m^2,16:22:40,28/6/17,Day of week:,Wednesday,34.56,Grade Celsius,
85,140.22,W/m^2,16:22:43,28/6/17,Day of week:,Wednesday,34.63,Grade Celsius,
89,131.46,W/m^2,16:22:46,28/6/17,Day of week:,Wednesday,34.63,Grade Celsius,
101,131.46,W/m^2,16:22:49,28/6/17,Day of week:,Wednesday,34.69,Grade Celsius,
94,134.38,W/m^2,16:22:52,28/6/17,Day of week:,Wednesday,34.69,Grade Celsius,
86,134.38,W/m^2,16:22:55,28/6/17,Day of week:,Wednesday,34.75,Grade Celsius,
100,128.54,W/m^2,16:22:58,28/6/17,Day of week:,Wednesday,34.69,Grade Celsius,
100,131.46,W/m^2,16:23:01,28/6/17,Day of week:,Wednesday,34.75,Grade Celsius,
89,128.54,W/m^2,16:23:04,28/6/17,Day of week:,Wednesday,34.75,Grade Celsius,
90,130.00,W/m^2,16:23:07,28/6/17,Day of week:,Wednesday,34.69,Grade Celsius,
87,128.54,W/m^2,16:23:10,28/6/17,Day of week:,Wednesday,34.69,Grade Celsius,
86,130.00,W/m^2,16:23:13,28/6/17,Day of week:,Wednesday,34.69,Grade Celsius,
79,134.38,W/m^2,16:23:16,28/6/17,Day of week:,Wednesday,34.63,Grade Celsius,
88,140.22,W/m^2,16:23:19,28/6/17,Day of week:,Wednesday,34.50,Grade Celsius,
86,130.00,W/m^2,16:23:23,28/6/17,Day of week:,Wednesday,34.50,Grade Celsius,
88,132.92,W/m^2,16:23:26,28/6/17,Day of week:,Wednesday,34.31,Grade Celsius,
85,127.08,W/m^2,16:23:29,28/6/17,Day of week:,Wednesday,34.19,Grade Celsius,
88,128.54,W/m^2,16:23:32,28/6/17,Day of week:,Wednesday,34.13,Grade Celsius,
92,131.46,W/m^2,16:23:35,28/6/17,Day of week:,Wednesday,34.00,Grade Celsius,
87,128.54,W/m^2,16:23:38,28/6/17,Day of week:,Wednesday,34.00,Grade Celsius,
89,134.38,W/m^2,16:23:41,28/6/17,Day of week:,Wednesday,33.94,Grade Celsius,
88,146.06,W/m^2,16:23:44,28/6/17,Day of week:,Wednesday,33.94,Grade Celsius,
87,131.46,W/m^2,16:23:47,28/6/17,Day of week:,Wednesday,33.94,Grade Celsius,
77,134.38,W/m^2,16:23:50,28/6/17,Day of week:,Wednesday,33.94,Grade Celsius,
89,140.22,W/m^2,16:23:53,28/6/17,Day of week:,Wednesday,33.88,Grade Celsius,
89,128.54,W/m^2,16:23:56,28/6/17,Day of week:,Wednesday,33.88,Grade Celsius,
99,128.54,W/m^2,16:23:59,28/6/17,Day of week:,Wednesday,33.94,Grade Celsius,
84,130.00,W/m^2,16:24:02,28/6/17,Day of week:,Wednesday,34.00,Grade Celsius,
95,131.46,W/m^2,16:24:05,28/6/17,Day of week:,Wednesday,34.06,Grade Celsius,
93,128.54,W/m^2,16:24:09,28/6/17,Day of week:,Wednesday,34.06,Grade Celsius,
87,128.54,W/m^2,16:24:12,28/6/17,Day of week:,Wednesday,34.13,Grade Celsius,
87,122.69,W/m^2,16:24:15,28/6/17,Day of week:,Wednesday,34.19,Grade Celsius,
87,131.46,W/m^2,16:24:18,28/6/17,Day of week:,Wednesday,34.19,Grade Celsius,
89,118.31,W/m^2,16:24:21,28/6/17,Day of week:,Wednesday,34.00,Grade Celsius,
95,131.46,W/m^2,16:24:24,28/6/17,Day of week:,Wednesday,34.00,Grade Celsius,
87,128.54,W/m^2,16:24:27,28/6/17,Day of week:,Wednesday,33.88,Grade Celsius,
89,128.54,W/m^2,16:24:30,28/6/17,Day of week:,Wednesday,33.88,Grade Celsius,
87,131.46,W/m^2,16:24:33,28/6/17,Day of week:,Wednesday,33.88,Grade Celsius,
88,118.31,W/m^2,16:24:36,28/6/17,Day of week:,Wednesday,33.88,Grade Celsius,
95,122.69,W/m^2,16:24:39,28/6/17,Day of week:,Wednesday,33.94,Grade Celsius,
87,128.54,W/m^2,16:24:42,28/6/17,Day of week:,Wednesday,33.94,Grade Celsius,
88,131.46,W/m^2,16:24:45,28/6/17,Day of week:,Wednesday,33.88,Grade Celsius,
88,116.85,W/m^2,16:24:48,28/6/17,Day of week:,Wednesday,33.81,Grade Celsius,
96,119.77,W/m^2,16:24:51,28/6/17,Day of week:,Wednesday,33.81,Grade Celsius,
80,128.54,W/m^2,16:24:55,28/6/17,Day of week:,Wednesday,33.75,Grade Celsius,
86,131.46,W/m^2,16:24:58,28/6/17,Day of week:,Wednesday,33.75,Grade Celsius,
100,135.84,W/m^2,16:25:01,28/6/17,Day of week:,Wednesday,33.75,Grade Celsius,
89,143.14,W/m^2,16:25:04,28/6/17,Day of week:,Wednesday,33.75,Grade Celsius,
90,128.54,W/m^2,16:25:07,28/6/17,Day of week:,Wednesday,33.81,Grade Celsius,
91,130.00,W/m^2,16:25:10,28/6/17,Day of week:,Wednesday,33.88,Grade Celsius,
90,134.38,W/m^2,16:25:13,28/6/17,Day of week:,Wednesday,33.94,Grade Celsius,
88,130.00,W/m^2,16:25:16,28/6/17,Day of week:,Wednesday,33.88,Grade Celsius,
90,128.54,W/m^2,16:25:19,28/6/17,Day of week:,Wednesday,33.81,Grade Celsius,
86,131.46,W/m^2,16:25:22,28/6/17,Day of week:,Wednesday,33.81,Grade Celsius,
88,134.38,W/m^2,16:25:25,28/6/17,Day of week:,Wednesday,33.94,Grade Celsius,
87,128.54,W/m^2,16:25:28,28/6/17,Day of week:,Wednesday,33.94,Grade Celsius,
84,128.54,W/m^2,16:25:31,28/6/17,Day of week:,Wednesday,33.94,Grade Celsius,
83,124.15,W/m^2,16:25:34,28/6/17,Day of week:,Wednesday,33.94,Grade Celsius,
90,131.46,W/m^2,16:25:37,28/6/17,Day of week:,Wednesday,33.88,Grade Celsius,
94,146.06,W/m^2,16:25:41,28/6/17,Day of week:,Wednesday,33.88,Grade Celsius,
86,122.69,W/m^2,16:25:44,28/6/17,Day of week:,Wednesday,33.75,Grade Celsius,
86,128.54,W/m^2,16:25:47,28/6/17,Day of week:,Wednesday,33.81,Grade Celsius,
86,130.00,W/m^2,16:25:50,28/6/17,Day of week:,Wednesday,33.75,Grade Celsius,
86,116.85,W/m^2,16:25:53,28/6/17,Day of week:,Wednesday,33.75,Grade Celsius,
87,128.54,W/m^2,16:25:56,28/6/17,Day of week:,Wednesday,33.69,Grade Celsius,
87,128.54,W/m^2,16:25:59,28/6/17,Day of week:,Wednesday,33.75,Grade Celsius,
87,125.62,W/m^2,16:26:02,28/6/17,Day of week:,Wednesday,33.69,Grade Celsius,
86,140.22,W/m^2,16:26:05,28/6/17,Day of week:,Wednesday,33.69,Grade Celsius,
87,128.54,W/m^2,16:26:08,28/6/17,Day of week:,Wednesday,33.75,Grade Celsius,
86,125.62,W/m^2,16:26:11,28/6/17,Day of week:,Wednesday,33.75,Grade Celsius,
85,122.69,W/m^2,16:26:14,28/6/17,Day of week:,Wednesday,33.69,Grade Celsius,
84,125.62,W/m^2,16:26:17,28/6/17,Day of week:,Wednesday,33.75,Grade Celsius,
85,140.22,W/m^2,16:26:20,28/6/17,Day of week:,Wednesday,33.69,Grade Celsius,
88,128.54,W/m^2,16:26:23,28/6/17,Day of week:,Wednesday,33.75,Grade Celsius,
87,128.54,W/m^2,16:26:27,28/6/17,Day of week:,Wednesday,33.75,Grade Celsius,
86,124.15,W/m^2,16:26:30,28/6/17,Day of week:,Wednesday,33.69,Grade Celsius,
85,128.54,W/m^2,16:26:33,28/6/17,Day of week:,Wednesday,33.69,Grade Celsius,
83,128.54,W/m^2,16:26:36,28/6/17,Day of week:,Wednesday,33.69,Grade Celsius,
73,130.00,W/m^2,16:26:39,28/6/17,Day of week:,Wednesday,33.75,Grade Celsius,
84,128.54,W/m^2,16:26:42,28/6/17,Day of week:,Wednesday,33.75,Grade Celsius,
87,125.62,W/m^2,16:26:45,28/6/17,Day of week:,Wednesday,33.81,Grade Celsius,
84,143.14,W/m^2,16:26:48,28/6/17,Day of week:,Wednesday,33.81,Grade Celsius,
86,134.38,W/m^2,16:26:51,28/6/17,Day of week:,Wednesday,33.88,Grade Celsius,
73,127.08,W/m^2,16:26:54,28/6/17,Day of week:,Wednesday,33.94,Grade Celsius,
86,128.54,W/m^2,16:26:57,28/6/17,Day of week:,Wednesday,33.88,Grade Celsius,
86,124.15,W/m^2,16:27:00,28/6/17,Day of week:,Wednesday,33.81,Grade Celsius,
85,134.38,W/m^2,16:27:03,28/6/17,Day of week:,Wednesday,33.81,Grade Celsius,
86,128.54,W/m^2,16:27:06,28/6/17,Day of week:,Wednesday,33.81,Grade Celsius,
86,131.46,W/m^2,16:27:10,28/6/17,Day of week:,Wednesday,33.88,Grade Celsius,
84,116.85,W/m^2,16:27:13,28/6/17,Day of week:,Wednesday,33.81,Grade Celsius,
74,122.69,W/m^2,16:27:16,28/6/17,Day of week:,Wednesday,33.75,Grade Celsius,
85,128.54,W/m^2,16:27:19,28/6/17,Day of week:,Wednesday,33.69,Grade Celsius,
87,128.54,W/m^2,16:27:22,28/6/17,Day of week:,Wednesday,33.69,Grade Celsius,
86,128.54,W/m^2,16:27:25,28/6/17,Day of week:,Wednesday,33.63,Grade Celsius,
92,125.62,W/m^2,16:27:28,28/6/17,Day of week:,Wednesday,33.63,Grade Celsius,
85,125.62,W/m^2,16:27:31,28/6/17,Day of week:,Wednesday,33.63,Grade Celsius,
96,119.77,W/m^2,16:27:34,28/6/17,Day of week:,Wednesday,33.69,Grade Celsius,
85,128.54,W/m^2,16:27:37,28/6/17,Day of week:,Wednesday,33.75,Grade Celsius,
85,128.54,W/m^2,16:27:40,28/6/17,Day of week:,Wednesday,33.75,Grade Celsius,
86,128.54,W/m^2,16:27:43,28/6/17,Day of week:,Wednesday,33.81,Grade Celsius,
81,128.54,W/m^2,16:27:46,28/6/17,Day of week:,Wednesday,33.88,Grade Celsius,
89,128.54,W/m^2,16:27:49,28/6/17,Day of week:,Wednesday,33.81,Grade Celsius,
88,128.54,W/m^2,16:27:52,28/6/17,Day of week:,Wednesday,33.81,Grade Celsius,
88,128.54,W/m^2,16:27:56,28/6/17,Day of week:,Wednesday,33.75,Grade Celsius,
86,128.54,W/m^2,16:27:59,28/6/17,Day of week:,Wednesday,33.75,Grade Celsius,
85,134.38,W/m^2,16:28:02,28/6/17,Day of week:,Wednesday,33.75,Grade Celsius,
75,118.31,W/m^2,16:28:05,28/6/17,Day of week:,Wednesday,33.75,Grade Celsius,
93,128.54,W/m^2,16:28:08,28/6/17,Day of week:,Wednesday,33.81,Grade Celsius,
87,140.22,W/m^2,16:28:11,28/6/17,Day of week:,Wednesday,33.81,Grade Celsius,
87,128.54,W/m^2,16:28:14,28/6/17,Day of week:,Wednesday,33.88,Grade Celsius,
82,128.54,W/m^2,16:28:17,28/6/17,Day of week:,Wednesday,33.88,Grade Celsius,
97,125.62,W/m^2,16:28:20,28/6/17,Day of week:,Wednesday,33.94,Grade Celsius,
87,128.54,W/m^2,16:28:23,28/6/17,Day of week:,Wednesday,33.94,Grade Celsius,
83,128.54,W/m^2,16:28:26,28/6/17,Day of week:,Wednesday,34.00,Grade Celsius,
87,130.00,W/m^2,16:28:29,28/6/17,Day of week:,Wednesday,33.88,Grade Celsius,
93,128.54,W/m^2,16:28:32,28/6/17,Day of week:,Wednesday,33.94,Grade Celsius,
83,128.54,W/m^2,16:28:36,28/6/17,Day of week:,Wednesday,33.94,Grade Celsius,
97,115.39,W/m^2,16:28:39,28/6/17,Day of week:,Wednesday,33.94,Grade Celsius,
87,130.00,W/m^2,16:28:42,28/6/17,Day of week:,Wednesday,33.94,Grade Celsius,
90,130.00,W/m^2,16:28:45,28/6/17,Day of week:,Wednesday,33.94,Grade Celsius,
84,128.54,W/m^2,16:28:48,28/6/17,Day of week:,Wednesday,34.00,Grade Celsius,
86,128.54,W/m^2,16:28:51,28/6/17,Day of week:,Wednesday,34.00,Grade Celsius,
86,128.54,W/m^2,16:28:54,28/6/17,Day of week:,Wednesday,34.06,Grade Celsius,
86,128.54,W/m^2,16:28:57,28/6/17,Day of week:,Wednesday,34.06,Grade Celsius,
78,130.00,W/m^2,16:29:00,28/6/17,Day of week:,Wednesday,34.06,Grade Celsius,
81,128.54,W/m^2,16:29:03,28/6/17,Day of week:,Wednesday,34.06,Grade Celsius,
76,128.54,W/m^2,16:29:06,28/6/17,Day of week:,Wednesday,34.06,Grade Celsius,
88,131.46,W/m^2,16:29:09,28/6/17,Day of week:,Wednesday,34.06,Grade Celsius,
88,128.54,W/m^2,16:29:12,28/6/17,Day of week:,Wednesday,34.00,Grade Celsius,
83,131.46,W/m^2,16:29:15,28/6/17,Day of week:,Wednesday,33.94,Grade Celsius,
86,125.62,W/m^2,16:29:19,28/6/17,Day of week:,Wednesday,33.88,Grade Celsius,
86,128.54,W/m^2,16:29:22,28/6/17,Day of week:,Wednesday,33.88,Grade Celsius,
93,131.46,W/m^2,16:29:25,28/6/17,Day of week:,Wednesday,33.75,Grade Celsius,
81,130.00,W/m^2,16:29:28,28/6/17,Day of week:,Wednesday,33.75,Grade Celsius,
79,128.54,W/m^2,16:29:31,28/6/17,Day of week:,Wednesday,33.75,Grade Celsius,
87,128.54,W/m^2,16:29:34,28/6/17,Day of week:,Wednesday,33.75,Grade Celsius,
86,125.62,W/m^2,16:29:37,28/6/17,Day of week:,Wednesday,33.81,Grade Celsius,
90,131.46,W/m^2,16:29:40,28/6/17,Day of week:,Wednesday,33.75,Grade Celsius,
89,131.46,W/m^2,16:29:43,28/6/17,Day of week:,Wednesday,33.81,Grade Celsius,
88,125.62,W/m^2,16:29:46,28/6/17,Day of week:,Wednesday,33.88,Grade Celsius,
87,128.54,W/m^2,16:29:49,28/6/17,Day of week:,Wednesday,33.88,Grade Celsius,
87,116.85,W/m^2,16:29:52,28/6/17,Day of week:,Wednesday,33.94,Grade Celsius,
89,131.46,W/m^2,16:29:55,28/6/17,Day of week:,Wednesday,34.00,Grade Celsius,
81,147.52,W/m^2,16:29:58,28/6/17,Day of week:,Wednesday,34.00,Grade Celsius,
89,135.84,W/m^2,16:30:01,28/6/17,Day of week:,Wednesday,34.06,Grade Celsius,
91,130.00,W/m^2,16:30:05,28/6/17,Day of week:,Wednesday,34.06,Grade Celsius,
89,128.54,W/m^2,16:30:08,28/6/17,Day of week:,Wednesday,34.13,Grade Celsius,
88,140.22,W/m^2,16:30:11,28/6/17,Day of week:,Wednesday,34.19,Grade Celsius,
101,147.52,W/m^2,16:30:14,28/6/17,Day of week:,Wednesday,34.19,Grade Celsius,
90,134.38,W/m^2,16:30:17,28/6/17,Day of week:,Wednesday,34.13,Grade Celsius,
84,130.00,W/m^2,16:30:20,28/6/17,Day of week:,Wednesday,34.13,Grade Celsius,
86,128.54,W/m^2,16:30:23,28/6/17,Day of week:,Wednesday,34.19,Grade Celsius,
88,131.46,W/m^2,16:30:26,28/6/17,Day of week:,Wednesday,34.25,Grade Celsius,
89,131.46,W/m^2,16:30:29,28/6/17,Day of week:,Wednesday,34.25,Grade Celsius,
87,130.00,W/m^2,16:30:32,28/6/17,Day of week:,Wednesday,34.19,Grade Celsius,
89,122.69,W/m^2,16:30:35,28/6/17,Day of week:,Wednesday,34.25,Grade Celsius,
97,128.54,W/m^2,16:30:38,28/6/17,Day of week:,Wednesday,34.19,Grade Celsius,
99,131.46,W/m^2,16:30:41,28/6/17,Day of week:,Wednesday,34.06,Grade Celsius,
84,131.46,W/m^2,16:30:44,28/6/17,Day of week:,Wednesday,34.06,Grade Celsius,
98,128.54,W/m^2,16:30:47,28/6/17,Day of week:,Wednesday,33.94,Grade Celsius,
89,134.38,W/m^2,16:30:51,28/6/17,Day of week:,Wednesday,33.88,Grade Celsius,
91,140.22,W/m^2,16:30:54,28/6/17,Day of week:,Wednesday,33.81,Grade Celsius,
90,134.38,W/m^2,16:30:57,28/6/17,Day of week:,Wednesday,33.81,Grade Celsius,
91,131.46,W/m^2,16:31:00,28/6/17,Day of week:,Wednesday,33.81,Grade Celsius,
89,130.00,W/m^2,16:31:03,28/6/17,Day of week:,Wednesday,33.81,Grade Celsius,
88,131.46,W/m^2,16:31:06,28/6/17,Day of week:,Wednesday,33.81,Grade Celsius,
79,130.00,W/m^2,16:31:09,28/6/17,Day of week:,Wednesday,33.88,Grade Celsius,
90,130.00,W/m^2,16:31:12,28/6/17,Day of week:,Wednesday,33.88,Grade Celsius,
81,134.38,W/m^2,16:31:15,28/6/17,Day of week:,Wednesday,33.88,Grade Celsius,
90,130.00,W/m^2,16:31:18,28/6/17,Day of week:,Wednesday,33.94,Grade Celsius,
87,134.38,W/m^2,16:31:21,28/6/17,Day of week:,Wednesday,34.00,Grade Celsius,
91,140.22,W/m^2,16:31:24,28/6/17,Day of week:,Wednesday,34.06,Grade Celsius,
91,130.00,W/m^2,16:31:27,28/6/17,Day of week:,Wednesday,34.00,Grade Celsius,
79,140.22,W/m^2,16:31:30,28/6/17,Day of week:,Wednesday,34.00,Grade Celsius,
83,130.00,W/m^2,16:31:33,28/6/17,Day of week:,Wednesday,34.13,Grade Celsius,
89,131.46,W/m^2,16:31:37,28/6/17,Day of week:,Wednesday,34.19,Grade Celsius,
91,131.46,W/m^2,16:31:40,28/6/17,Day of week:,Wednesday,34.25,Grade Celsius,
89,134.38,W/m^2,16:31:43,28/6/17,Day of week:,Wednesday,34.25,Grade Celsius,
85,122.69,W/m^2,16:31:46,28/6/17,Day of week:,Wednesday,34.38,Grade Celsius,
91,130.00,W/m^2,16:31:49,28/6/17,Day of week:,Wednesday,34.38,Grade Celsius,
93,134.38,W/m^2,16:31:52,28/6/17,Day of week:,Wednesday,34.38,Grade Celsius,
91,116.85,W/m^2,16:31:55,28/6/17,Day of week:,Wednesday,34.44,Grade Celsius,
90,131.46,W/m^2,16:31:58,28/6/17,Day of week:,Wednesday,34.50,Grade Celsius,
88,130.00,W/m^2,16:32:01,28/6/17,Day of week:,Wednesday,34.50,Grade Celsius,
89,147.52,W/m^2,16:32:04,28/6/17,Day of week:,Wednesday,34.56,Grade Celsius,
90,131.46,W/m^2,16:32:07,28/6/17,Day of week:,Wednesday,34.63,Grade Celsius,
89,132.92,W/m^2,16:32:10,28/6/17,Day of week:,Wednesday,34.63,Grade Celsius,
79,130.00,W/m^2,16:32:13,28/6/17,Day of week:,Wednesday,34.69,Grade Celsius,
86,128.54,W/m^2,16:32:16,28/6/17,Day of week:,Wednesday,34.75,Grade Celsius,
87,134.38,W/m^2,16:32:20,28/6/17,Day of week:,Wednesday,34.75,Grade Celsius,
87,131.46,W/m^2,16:32:23,28/6/17,Day of week:,Wednesday,34.81,Grade Celsius,
90,134.38,W/m^2,16:32:26,28/6/17,Day of week:,Wednesday,34.81,Grade Celsius,
77,130.00,W/m^2,16:32:29,28/6/17,Day of week:,Wednesday,34.88,Grade Celsius,
85,130.00,W/m^2,16:32:32,28/6/17,Day of week:,Wednesday,34.88,Grade Celsius,
89,132.92,W/m^2,16:32:35,28/6/17,Day of week:,Wednesday,34.94,Grade Celsius,
88,134.38,W/m^2,16:32:38,28/6/17,Day of week:,Wednesday,34.94,Grade Celsius,
90,118.31,W/m^2,16:32:41,28/6/17,Day of week:,Wednesday,34.94,Grade Celsius,
90,116.85,W/m^2,16:32:44,28/6/17,Day of week:,Wednesday,35.00,Grade Celsius,
78,131.46,W/m^2,16:32:47,28/6/17,Day of week:,Wednesday,35.00,Grade Celsius,
88,125.62,W/m^2,16:32:50,28/6/17,Day of week:,Wednesday,34.88,Grade Celsius,
91,128.54,W/m^2,16:32:53,28/6/17,Day of week:,Wednesday,34.88,Grade Celsius,
89,134.38,W/m^2,16:32:56,28/6/17,Day of week:,Wednesday,34.75,Grade Celsius,
91,143.14,W/m^2,16:32:59,28/6/17,Day of week:,Wednesday,34.81,Grade Celsius,
88,130.00,W/m^2,16:33:02,28/6/17,Day of week:,Wednesday,34.75,Grade Celsius,
89,131.46,W/m^2,16:33:06,28/6/17,Day of week:,Wednesday,34.81,Grade Celsius,
89,148.99,W/m^2,16:33:09,28/6/17,Day of week:,Wednesday,34.75,Grade Celsius,
90,125.62,W/m^2,16:33:12,28/6/17,Day of week:,Wednesday,34.75,Grade Celsius,
90,130.00,W/m^2,16:33:15,28/6/17,Day of week:,Wednesday,34.69,Grade Celsius,
91,116.85,W/m^2,16:33:18,28/6/17,Day of week:,Wednesday,34.63,Grade Celsius,
90,140.22,W/m^2,16:33:21,28/6/17,Day of week:,Wednesday,34.69,Grade Celsius,
86,131.46,W/m^2,16:33:24,28/6/17,Day of week:,Wednesday,34.69,Grade Celsius,
89,128.54,W/m^2,16:33:27,28/6/17,Day of week:,Wednesday,34.69,Grade Celsius,
88,131.46,W/m^2,16:33:30,28/6/17,Day of week:,Wednesday,34.75,Grade Celsius,
87,119.77,W/m^2,16:33:33,28/6/17,Day of week:,Wednesday,34.81,Grade Celsius,
92,143.14,W/m^2,16:33:36,28/6/17,Day of week:,Wednesday,34.81,Grade Celsius,
92,131.46,W/m^2,16:33:39,28/6/17,Day of week:,Wednesday,34.81,Grade Celsius,
90,134.38,W/m^2,16:33:42,28/6/17,Day of week:,Wednesday,34.94,Grade Celsius,
90,132.92,W/m^2,16:33:45,28/6/17,Day of week:,Wednesday,34.94,Grade Celsius,
87,140.22,W/m^2,16:33:49,28/6/17,Day of week:,Wednesday,35.00,Grade Celsius,
90,140.22,W/m^2,16:33:52,28/6/17,Day of week:,Wednesday,35.00,Grade Celsius,
93,140.22,W/m^2,16:33:55,28/6/17,Day of week:,Wednesday,35.06,Grade Celsius,
94,140.22,W/m^2,16:33:58,28/6/17,Day of week:,Wednesday,35.06,Grade Celsius,
94,140.22,W/m^2,16:34:01,28/6/17,Day of week:,Wednesday,34.81,Grade Celsius,
93,134.38,W/m^2,16:34:04,28/6/17,Day of week:,Wednesday,34.75,Grade Celsius,
92,140.22,W/m^2,16:34:07,28/6/17,Day of week:,Wednesday,34.81,Grade Celsius,
92,140.22,W/m^2,16:34:10,28/6/17,Day of week:,Wednesday,34.88,Grade Celsius,
91,140.22,W/m^2,16:34:13,28/6/17,Day of week:,Wednesday,34.88,Grade Celsius,
95,140.22,W/m^2,16:34:16,28/6/17,Day of week:,Wednesday,34.94,Grade Celsius,
96,140.22,W/m^2,16:34:19,28/6/17,Day of week:,Wednesday,34.94,Grade Celsius,
83,140.22,W/m^2,16:34:22,28/6/17,Day of week:,Wednesday,35.00,Grade Celsius,
85,140.22,W/m^2,16:34:25,28/6/17,Day of week:,Wednesday,35.06,Grade Celsius,
93,128.54,W/m^2,16:34:28,28/6/17,Day of week:,Wednesday,35.13,Grade Celsius,
93,140.22,W/m^2,16:34:31,28/6/17,Day of week:,Wednesday,35.13,Grade Celsius,
92,140.22,W/m^2,16:34:35,28/6/17,Day of week:,Wednesday,35.13,Grade Celsius,
94,140.22,W/m^2,16:34:38,28/6/17,Day of week:,Wednesday,35.25,Grade Celsius,
105,131.46,W/m^2,16:34:41,28/6/17,Day of week:,Wednesday,35.25,Grade Celsius,
88,140.22,W/m^2,16:34:44,28/6/17,Day of week:,Wednesday,35.19,Grade Celsius,
93,140.22,W/m^2,16:34:47,28/6/17,Day of week:,Wednesday,35.19,Grade Celsius,
92,140.22,W/m^2,16:34:50,28/6/17,Day of week:,Wednesday,35.19,Grade Celsius,
93,122.69,W/m^2,16:34:53,28/6/17,Day of week:,Wednesday,35.13,Grade Celsius,
96,135.84,W/m^2,16:34:56,28/6/17,Day of week:,Wednesday,35.13,Grade Celsius,
93,140.22,W/m^2,16:34:59,28/6/17,Day of week:,Wednesday,35.13,Grade Celsius,
93,140.22,W/m^2,16:35:02,28/6/17,Day of week:,Wednesday,35.13,Grade Celsius,
93,140.22,W/m^2,16:35:05,28/6/17,Day of week:,Wednesday,35.13,Grade Celsius,
95,140.22,W/m^2,16:35:08,28/6/17,Day of week:,Wednesday,35.19,Grade Celsius,
92,128.54,W/m^2,16:35:11,28/6/17,Day of week:,Wednesday,35.19,Grade Celsius,
89,134.38,W/m^2,16:35:14,28/6/17,Day of week:,Wednesday,35.19,Grade Celsius,
81,140.22,W/m^2,16:35:17,28/6/17,Day of week:,Wednesday,35.19,Grade Celsius,
92,140.22,W/m^2,16:35:21,28/6/17,Day of week:,Wednesday,35.19,Grade Celsius,
93,141.68,W/m^2,16:35:24,28/6/17,Day of week:,Wednesday,35.25,Grade Celsius,
95,140.22,W/m^2,16:35:27,28/6/17,Day of week:,Wednesday,35.19,Grade Celsius,
93,140.22,W/m^2,16:35:30,28/6/17,Day of week:,Wednesday,35.25,Grade Celsius,
93,140.22,W/m^2,16:35:33,28/6/17,Day of week:,Wednesday,35.25,Grade Celsius,
94,140.22,W/m^2,16:35:36,28/6/17,Day of week:,Wednesday,35.25,Grade Celsius,
93,140.22,W/m^2,16:35:39,28/6/17,Day of week:,Wednesday,35.19,Grade Celsius,
108,140.22,W/m^2,16:35:42,28/6/17,Day of week:,Wednesday,35.13,Grade Celsius,
96,140.22,W/m^2,16:35:45,28/6/17,Day of week:,Wednesday,35.13,Grade Celsius,
92,128.54,W/m^2,16:35:48,28/6/17,Day of week:,Wednesday,35.13,Grade Celsius,
94,140.22,W/m^2,16:35:51,28/6/17,Day of week:,Wednesday,35.13,Grade Celsius,
93,134.38,W/m^2,16:35:54,28/6/17,Day of week:,Wednesday,35.13,Grade Celsius,
93,130.00,W/m^2,16:35:57,28/6/17,Day of week:,Wednesday,35.13,Grade Celsius,
92,140.22,W/m^2,16:36:00,28/6/17,Day of week:,Wednesday,35.06,Grade Celsius,
92,140.22,W/m^2,16:36:03,28/6/17,Day of week:,Wednesday,35.00,Grade Celsius,
92,140.22,W/m^2,16:36:07,28/6/17,Day of week:,Wednesday,34.88,Grade Celsius,
94,140.22,W/m^2,16:36:10,28/6/17,Day of week:,Wednesday,34.81,Grade Celsius,
94,135.84,W/m^2,16:36:13,28/6/17,Day of week:,Wednesday,34.75,Grade Celsius,
93,116.85,W/m^2,16:36:16,28/6/17,Day of week:,Wednesday,34.63,Grade Celsius,
94,140.22,W/m^2,16:36:19,28/6/17,Day of week:,Wednesday,34.63,Grade Celsius,
93,131.46,W/m^2,16:36:22,28/6/17,Day of week:,Wednesday,34.56,Grade Celsius,
91,134.38,W/m^2,16:36:25,28/6/17,Day of week:,Wednesday,34.50,Grade Celsius,
91,146.06,W/m^2,16:36:28,28/6/17,Day of week:,Wednesday,34.50,Grade Celsius,
93,140.22,W/m^2,16:36:31,28/6/17,Day of week:,Wednesday,34.50,Grade Celsius,
86,153.37,W/m^2,16:36:34,28/6/17,Day of week:,Wednesday,34.31,Grade Celsius,
92,140.22,W/m^2,16:36:37,28/6/17,Day of week:,Wednesday,34.19,Grade Celsius,
91,119.77,W/m^2,16:36:40,28/6/17,Day of week:,Wednesday,34.19,Grade Celsius,
93,143.14,W/m^2,16:36:43,28/6/17,Day of week:,Wednesday,34.19,Grade Celsius,
91,130.00,W/m^2,16:36:46,28/6/17,Day of week:,Wednesday,34.19,Grade Celsius,
91,134.38,W/m^2,16:36:50,28/6/17,Day of week:,Wednesday,34.13,Grade Celsius,
91,141.68,W/m^2,16:36:53,28/6/17,Day of week:,Wednesday,34.00,Grade Celsius,
93,140.22,W/m^2,16:36:56,28/6/17,Day of week:,Wednesday,33.94,Grade Celsius,
91,140.22,W/m^2,16:36:59,28/6/17,Day of week:,Wednesday,33.88,Grade Celsius,
91,140.22,W/m^2,16:37:02,28/6/17,Day of week:,Wednesday,33.88,Grade Celsius,
96,128.54,W/m^2,16:37:05,28/6/17,Day of week:,Wednesday,33.88,Grade Celsius,
90,134.38,W/m^2,16:37:08,28/6/17,Day of week:,Wednesday,33.88,Grade Celsius,
104,140.22,W/m^2,16:37:11,28/6/17,Day of week:,Wednesday,33.94,Grade Celsius,
91,131.46,W/m^2,16:37:14,28/6/17,Day of week:,Wednesday,33.94,Grade Celsius,
92,128.54,W/m^2,16:37:17,28/6/17,Day of week:,Wednesday,34.00,Grade Celsius,
83,119.77,W/m^2,16:37:20,28/6/17,Day of week:,Wednesday,34.00,Grade Celsius,
93,137.30,W/m^2,16:37:23,28/6/17,Day of week:,Wednesday,34.06,Grade Celsius,
89,137.30,W/m^2,16:37:26,28/6/17,Day of week:,Wednesday,34.13,Grade Celsius,
90,134.38,W/m^2,16:37:29,28/6/17,Day of week:,Wednesday,34.19,Grade Celsius,
106,135.84,W/m^2,16:37:32,28/6/17,Day of week:,Wednesday,34.25,Grade Celsius,
92,146.06,W/m^2,16:37:36,28/6/17,Day of week:,Wednesday,34.31,Grade Celsius,
93,134.38,W/m^2,16:37:39,28/6/17,Day of week:,Wednesday,34.31,Grade Celsius,
92,151.91,W/m^2,16:37:42,28/6/17,Day of week:,Wednesday,34.38,Grade Celsius,
90,134.38,W/m^2,16:37:45,28/6/17,Day of week:,Wednesday,34.44,Grade Celsius,
91,140.22,W/m^2,16:37:48,28/6/17,Day of week:,Wednesday,34.50,Grade Celsius,
92,140.22,W/m^2,16:37:51,28/6/17,Day of week:,Wednesday,34.63,Grade Celsius,
91,131.46,W/m^2,16:37:54,28/6/17,Day of week:,Wednesday,34.63,Grade Celsius,
90,128.54,W/m^2,16:37:57,28/6/17,Day of week:,Wednesday,34.63,Grade Celsius,
97,147.52,W/m^2,16:38:00,28/6/17,Day of week:,Wednesday,34.63,Grade Celsius,
85,128.54,W/m^2,16:38:03,28/6/17,Day of week:,Wednesday,34.69,Grade Celsius,
90,128.54,W/m^2,16:38:06,28/6/17,Day of week:,Wednesday,34.75,Grade Celsius,
93,134.38,W/m^2,16:38:09,28/6/17,Day of week:,Wednesday,34.81,Grade Celsius,
92,131.46,W/m^2,16:38:12,28/6/17,Day of week:,Wednesday,34.88,Grade Celsius,
89,151.91,W/m^2,16:38:15,28/6/17,Day of week:,Wednesday,34.88,Grade Celsius,
89,134.38,W/m^2,16:38:18,28/6/17,Day of week:,Wednesday,34.94,Grade Celsius,
89,134.38,W/m^2,16:38:22,28/6/17,Day of week:,Wednesday,34.94,Grade Celsius,
91,124.15,W/m^2,16:38:25,28/6/17,Day of week:,Wednesday,34.94,Grade Celsius,
89,134.38,W/m^2,16:38:28,28/6/17,Day of week:,Wednesday,34.94,Grade Celsius,
90,131.46,W/m^2,16:38:31,28/6/17,Day of week:,Wednesday,34.81,Grade Celsius,
79,131.46,W/m^2,16:38:34,28/6/17,Day of week:,Wednesday,34.75,Grade Celsius,
89,134.38,W/m^2,16:38:37,28/6/17,Day of week:,Wednesday,34.63,Grade Celsius,
95,134.38,W/m^2,16:38:40,28/6/17,Day of week:,Wednesday,34.56,Grade Celsius,
91,119.77,W/m^2,16:38:43,28/6/17,Day of week:,Wednesday,34.50,Grade Celsius,
89,151.91,W/m^2,16:38:46,28/6/17,Day of week:,Wednesday,34.50,Grade Celsius,
80,131.46,W/m^2,16:38:49,28/6/17,Day of week:,Wednesday,34.50,Grade Celsius,
97,151.91,W/m^2,16:38:52,28/6/17,Day of week:,Wednesday,34.56,Grade Celsius,
90,130.00,W/m^2,16:38:55,28/6/17,Day of week:,Wednesday,34.63,Grade Celsius,
88,140.22,W/m^2,16:38:59,28/6/17,Day of week:,Wednesday,34.44,Grade Celsius,
91,143.14,W/m^2,16:39:02,28/6/17,Day of week:,Wednesday,34.50,Grade Celsius,
90,131.46,W/m^2,16:39:05,28/6/17,Day of week:,Wednesday,34.44,Grade Celsius,
89,131.46,W/m^2,16:39:08,28/6/17,Day of week:,Wednesday,34.50,Grade Celsius,
91,147.52,W/m^2,16:39:11,28/6/17,Day of week:,Wednesday,34.50,Grade Celsius,
91,140.22,W/m^2,16:39:14,28/6/17,Day of week:,Wednesday,34.50,Grade Celsius,
91,131.46,W/m^2,16:39:17,28/6/17,Day of week:,Wednesday,34.50,Grade Celsius,
89,134.38,W/m^2,16:39:20,28/6/17,Day of week:,Wednesday,34.44,Grade Celsius,
89,130.00,W/m^2,16:39:23,28/6/17,Day of week:,Wednesday,34.25,Grade Celsius,
89,118.31,W/m^2,16:39:26,28/6/17,Day of week:,Wednesday,34.25,Grade Celsius,
80,134.38,W/m^2,16:39:29,28/6/17,Day of week:,Wednesday,34.25,Grade Celsius,
91,131.46,W/m^2,16:39:32,28/6/17,Day of week:,Wednesday,34.19,Grade Celsius,
89,131.46,W/m^2,16:39:35,28/6/17,Day of week:,Wednesday,34.13,Grade Celsius,
89,128.54,W/m^2,16:39:38,28/6/17,Day of week:,Wednesday,34.19,Grade Celsius,
77,131.46,W/m^2,16:39:41,28/6/17,Day of week:,Wednesday,34.19,Grade Celsius,
91,140.22,W/m^2,16:39:45,28/6/17,Day of week:,Wednesday,34.19,Grade Celsius,
91,134.38,W/m^2,16:39:48,28/6/17,Day of week:,Wednesday,34.19,Grade Celsius,
91,134.38,W/m^2,16:39:51,28/6/17,Day of week:,Wednesday,34.13,Grade Celsius,
91,131.46,W/m^2,16:39:54,28/6/17,Day of week:,Wednesday,34.13,Grade Celsius,
91,132.92,W/m^2,16:39:57,28/6/17,Day of week:,Wednesday,34.00,Grade Celsius,
91,134.38,W/m^2,16:40:00,28/6/17,Day of week:,Wednesday,33.94,Grade Celsius,
91,140.22,W/m^2,16:40:03,28/6/17,Day of week:,Wednesday,33.88,Grade Celsius,
93,148.99,W/m^2,16:40:06,28/6/17,Day of week:,Wednesday,33.75,Grade Celsius,
91,122.69,W/m^2,16:40:09,28/6/17,Day of week:,Wednesday,33.69,Grade Celsius,
90,134.38,W/m^2,16:40:12,28/6/17,Day of week:,Wednesday,33.63,Grade Celsius,
99,118.31,W/m^2,16:40:15,28/6/17,Day of week:,Wednesday,33.63,Grade Celsius,
91,132.92,W/m^2,16:40:18,28/6/17,Day of week:,Wednesday,33.75,Grade Celsius,
90,134.38,W/m^2,16:40:21,28/6/17,Day of week:,Wednesday,33.81,Grade Celsius,
91,118.31,W/m^2,16:40:24,28/6/17,Day of week:,Wednesday,33.75,Grade Celsius,
92,146.06,W/m^2,16:40:27,28/6/17,Day of week:,Wednesday,33.81,Grade Celsius,
103,140.22,W/m^2,16:40:31,28/6/17,Day of week:,Wednesday,33.88,Grade Celsius,
90,134.38,W/m^2,16:40:34,28/6/17,Day of week:,Wednesday,33.94,Grade Celsius,
91,134.38,W/m^2,16:40:37,28/6/17,Day of week:,Wednesday,34.00,Grade Celsius,
90,141.68,W/m^2,16:40:40,28/6/17,Day of week:,Wednesday,34.06,Grade Celsius,
88,140.22,W/m^2,16:40:43,28/6/17,Day of week:,Wednesday,34.06,Grade Celsius,
93,128.54,W/m^2,16:40:46,28/6/17,Day of week:,Wednesday,34.06,Grade Celsius,
85,135.84,W/m^2,16:40:49,28/6/17,Day of week:,Wednesday,34.19,Grade Celsius,
91,118.31,W/m^2,16:40:52,28/6/17,Day of week:,Wednesday,34.19,Grade Celsius,
93,140.22,W/m^2,16:40:55,28/6/17,Day of week:,Wednesday,34.25,Grade Celsius,
93,140.22,W/m^2,16:40:58,28/6/17,Day of week:,Wednesday,34.31,Grade Celsius,
93,140.22,W/m^2,16:41:01,28/6/17,Day of week:,Wednesday,34.38,Grade Celsius,
93,140.22,W/m^2,16:41:04,28/6/17,Day of week:,Wednesday,34.38,Grade Celsius,
91,134.38,W/m^2,16:41:07,28/6/17,Day of week:,Wednesday,34.44,Grade Celsius,
93,134.38,W/m^2,16:41:10,28/6/17,Day of week:,Wednesday,34.44,Grade Celsius,
88,140.22,W/m^2,16:41:13,28/6/17,Day of week:,Wednesday,34.44,Grade Celsius,
93,135.84,W/m^2,16:41:17,28/6/17,Day of week:,Wednesday,34.50,Grade Celsius,
89,140.22,W/m^2,16:41:20,28/6/17,Day of week:,Wednesday,34.38,Grade Celsius,
92,134.38,W/m^2,16:41:23,28/6/17,Day of week:,Wednesday,34.44,Grade Celsius,
91,134.38,W/m^2,16:41:26,28/6/17,Day of week:,Wednesday,34.44,Grade Celsius,
94,140.22,W/m^2,16:41:29,28/6/17,Day of week:,Wednesday,34.44,Grade Celsius,
93,119.77,W/m^2,16:41:32,28/6/17,Day of week:,Wednesday,34.44,Grade Celsius,
91,134.38,W/m^2,16:41:35,28/6/17,Day of week:,Wednesday,34.44,Grade Celsius,
90,134.38,W/m^2,16:41:38,28/6/17,Day of week:,Wednesday,34.50,Grade Celsius,
91,140.22,W/m^2,16:41:41,28/6/17,Day of week:,Wednesday,34.44,Grade Celsius,
92,130.00,W/m^2,16:41:44,28/6/17,Day of week:,Wednesday,34.50,Grade Celsius,
88,119.77,W/m^2,16:41:47,28/6/17,Day of week:,Wednesday,34.50,Grade Celsius,
93,135.84,W/m^2,16:41:50,28/6/17,Day of week:,Wednesday,34.44,Grade Celsius,
103,140.22,W/m^2,16:41:53,28/6/17,Day of week:,Wednesday,34.38,Grade Celsius,
93,135.84,W/m^2,16:41:56,28/6/17,Day of week:,Wednesday,34.44,Grade Celsius,
91,134.38,W/m^2,16:41:59,28/6/17,Day of week:,Wednesday,34.44,Grade Celsius,
104,140.22,W/m^2,16:42:03,28/6/17,Day of week:,Wednesday,34.38,Grade Celsius,
101,140.22,W/m^2,16:42:06,28/6/17,Day of week:,Wednesday,34.44,Grade Celsius,
91,134.38,W/m^2,16:42:09,28/6/17,Day of week:,Wednesday,34.44,Grade Celsius,
88,134.38,W/m^2,16:42:12,28/6/17,Day of week:,Wednesday,34.38,Grade Celsius,
92,146.06,W/m^2,16:42:15,28/6/17,Day of week:,Wednesday,34.44,Grade Celsius,
91,140.22,W/m^2,16:42:18,28/6/17,Day of week:,Wednesday,34.31,Grade Celsius,
100,137.30,W/m^2,16:42:21,28/6/17,Day of week:,Wednesday,34.38,Grade Celsius,
90,140.22,W/m^2,16:42:24,28/6/17,Day of week:,Wednesday,34.31,Grade Celsius,
90,132.92,W/m^2,16:42:27,28/6/17,Day of week:,Wednesday,34.19,Grade Celsius,
90,140.22,W/m^2,16:42:30,28/6/17,Day of week:,Wednesday,34.25,Grade Celsius,
98,135.84,W/m^2,16:42:33,28/6/17,Day of week:,Wednesday,34.25,Grade Celsius,
89,132.92,W/m^2,16:42:36,28/6/17,Day of week:,Wednesday,34.13,Grade Celsius,
91,134.38,W/m^2,16:42:39,28/6/17,Day of week:,Wednesday,33.94,Grade Celsius,
91,128.54,W/m^2,16:42:42,28/6/17,Day of week:,Wednesday,33.88,Grade Celsius,
91,140.22,W/m^2,16:42:45,28/6/17,Day of week:,Wednesday,33.94,Grade Celsius,
103,134.38,W/m^2,16:42:49,28/6/17,Day of week:,Wednesday,33.94,Grade Celsius,
90,131.46,W/m^2,16:42:52,28/6/17,Day of week:,Wednesday,33.88,Grade Celsius,
90,140.22,W/m^2,16:42:55,28/6/17,Day of week:,Wednesday,33.94,Grade Celsius,
91,140.22,W/m^2,16:42:58,28/6/17,Day of week:,Wednesday,33.94,Grade Celsius,
91,128.54,W/m^2,16:43:01,28/6/17,Day of week:,Wednesday,34.00,Grade Celsius,
88,134.38,W/m^2,16:43:04,28/6/17,Day of week:,Wednesday,34.00,Grade Celsius,
89,134.38,W/m^2,16:43:07,28/6/17,Day of week:,Wednesday,34.00,Grade Celsius,
88,134.38,W/m^2,16:43:10,28/6/17,Day of week:,Wednesday,34.00,Grade Celsius,
103,140.22,W/m^2,16:43:13,28/6/17,Day of week:,Wednesday,34.00,Grade Celsius,
89,119.77,W/m^2,16:43:16,28/6/17,Day of week:,Wednesday,33.94,Grade Celsius,
79,134.38,W/m^2,16:43:19,28/6/17,Day of week:,Wednesday,33.88,Grade Celsius,
91,134.38,W/m^2,16:43:22,28/6/17,Day of week:,Wednesday,33.88,Grade Celsius,
101,132.92,W/m^2,16:43:25,28/6/17,Day of week:,Wednesday,33.94,Grade Celsius,
85,131.46,W/m^2,16:43:28,28/6/17,Day of week:,Wednesday,34.00,Grade Celsius,
87,122.69,W/m^2,16:43:31,28/6/17,Day of week:,Wednesday,34.06,Grade Celsius,
88,134.38,W/m^2,16:43:35,28/6/17,Day of week:,Wednesday,34.13,Grade Celsius,
96,128.54,W/m^2,16:43:38,28/6/17,Day of week:,Wednesday,34.06,Grade Celsius,
80,128.54,W/m^2,16:43:41,28/6/17,Day of week:,Wednesday,34.00,Grade Celsius,
90,119.77,W/m^2,16:43:44,28/6/17,Day of week:,Wednesday,34.00,Grade Celsius,
90,118.31,W/m^2,16:43:47,28/6/17,Day of week:,Wednesday,33.94,Grade Celsius,
89,128.54,W/m^2,16:43:50,28/6/17,Day of week:,Wednesday,33.88,Grade Celsius,
87,128.54,W/m^2,16:43:53,28/6/17,Day of week:,Wednesday,33.88,Grade Celsius,
77,134.38,W/m^2,16:43:56,28/6/17,Day of week:,Wednesday,33.94,Grade Celsius,
80,134.38,W/m^2,16:43:59,28/6/17,Day of week:,Wednesday,33.88,Grade Celsius,
95,146.06,W/m^2,16:44:02,28/6/17,Day of week:,Wednesday,33.94,Grade Celsius,
86,122.69,W/m^2,16:44:05,28/6/17,Day of week:,Wednesday,34.00,Grade Celsius,
89,131.46,W/m^2,16:44:08,28/6/17,Day of week:,Wednesday,34.06,Grade Celsius,
89,130.00,W/m^2,16:44:11,28/6/17,Day of week:,Wednesday,34.13,Grade Celsius,
80,128.54,W/m^2,16:44:14,28/6/17,Day of week:,Wednesday,34.13,Grade Celsius,
86,132.92,W/m^2,16:44:17,28/6/17,Day of week:,Wednesday,34.19,Grade Celsius,
85,128.54,W/m^2,16:44:21,28/6/17,Day of week:,Wednesday,34.19,Grade Celsius,
89,131.46,W/m^2,16:44:24,28/6/17,Day of week:,Wednesday,34.25,Grade Celsius,
87,131.46,W/m^2,16:44:27,28/6/17,Day of week:,Wednesday,34.25,Grade Celsius,
84,125.62,W/m^2,16:44:30,28/6/17,Day of week:,Wednesday,34.31,Grade Celsius,
94,134.38,W/m^2,16:44:33,28/6/17,Day of week:,Wednesday,34.38,Grade Celsius,
87,125.62,W/m^2,16:44:36,28/6/17,Day of week:,Wednesday,34.44,Grade Celsius,
85,128.54,W/m^2,16:44:39,28/6/17,Day of week:,Wednesday,34.50,Grade Celsius,
85,125.62,W/m^2,16:44:42,28/6/17,Day of week:,Wednesday,34.50,Grade Celsius,
93,128.54,W/m^2,16:44:45,28/6/17,Day of week:,Wednesday,34.50,Grade Celsius,
77,113.93,W/m^2,16:44:48,28/6/17,Day of week:,Wednesday,34.44,Grade Celsius,
84,116.85,W/m^2,16:44:51,28/6/17,Day of week:,Wednesday,34.44,Grade Celsius,
86,128.54,W/m^2,16:44:54,28/6/17,Day of week:,Wednesday,34.50,Grade Celsius,
85,122.69,W/m^2,16:44:57,28/6/17,Day of week:,Wednesday,34.50,Grade Celsius,
85,124.15,W/m^2,16:45:01,28/6/17,Day of week:,Wednesday,34.56,Grade Celsius,
82,111.01,W/m^2,16:45:04,28/6/17,Day of week:,Wednesday,34.56,Grade Celsius,
83,125.62,W/m^2,16:45:07,28/6/17,Day of week:,Wednesday,34.56,Grade Celsius,
86,128.54,W/m^2,16:45:10,28/6/17,Day of week:,Wednesday,34.63,Grade Celsius,
82,122.69,W/m^2,16:45:13,28/6/17,Day of week:,Wednesday,34.63,Grade Celsius,
83,128.54,W/m^2,16:45:16,28/6/17,Day of week:,Wednesday,34.63,Grade Celsius,
85,119.77,W/m^2,16:45:19,28/6/17,Day of week:,Wednesday,34.56,Grade Celsius,
96,128.54,W/m^2,16:45:22,28/6/17,Day of week:,Wednesday,34.50,Grade Celsius,
82,116.85,W/m^2,16:45:25,28/6/17,Day of week:,Wednesday,34.50,Grade Celsius,
78,122.69,W/m^2,16:45:28,28/6/17,Day of week:,Wednesday,34.44,Grade Celsius,
83,122.69,W/m^2,16:45:31,28/6/17,Day of week:,Wednesday,34.50,Grade Celsius,
83,102.24,W/m^2,16:45:34,28/6/17,Day of week:,Wednesday,34.44,Grade Celsius,
81,116.85,W/m^2,16:45:37,28/6/17,Day of week:,Wednesday,34.44,Grade Celsius,
83,122.69,W/m^2,16:45:40,28/6/17,Day of week:,Wednesday,34.50,Grade Celsius,
80,122.69,W/m^2,16:45:43,28/6/17,Day of week:,Wednesday,34.56,Grade Celsius,
83,122.69,W/m^2,16:45:46,28/6/17,Day of week:,Wednesday,34.56,Grade Celsius,
79,122.69,W/m^2,16:45:50,28/6/17,Day of week:,Wednesday,34.50,Grade Celsius,
80,118.31,W/m^2,16:45:53,28/6/17,Day of week:,Wednesday,34.50,Grade Celsius,
80,119.77,W/m^2,16:45:56,28/6/17,Day of week:,Wednesday,34.50,Grade Celsius,
83,119.77,W/m^2,16:45:59,28/6/17,Day of week:,Wednesday,34.50,Grade Celsius,
84,128.54,W/m^2,16:46:02,28/6/17,Day of week:,Wednesday,34.50,Grade Celsius,
80,122.69,W/m^2,16:46:05,28/6/17,Day of week:,Wednesday,34.50,Grade Celsius,
71,116.85,W/m^2,16:46:08,28/6/17,Day of week:,Wednesday,34.44,Grade Celsius,
82,111.01,W/m^2,16:46:11,28/6/17,Day of week:,Wednesday,34.31,Grade Celsius,
80,134.38,W/m^2,16:46:14,28/6/17,Day of week:,Wednesday,34.31,Grade Celsius,
77,116.85,W/m^2,16:46:17,28/6/17,Day of week:,Wednesday,34.31,Grade Celsius,
78,130.00,W/m^2,16:46:20,28/6/17,Day of week:,Wednesday,34.25,Grade Celsius,
78,118.31,W/m^2,16:46:23,28/6/17,Day of week:,Wednesday,34.25,Grade Celsius,
79,134.38,W/m^2,16:46:26,28/6/17,Day of week:,Wednesday,34.19,Grade Celsius,
78,116.85,W/m^2,16:46:29,28/6/17,Day of week:,Wednesday,34.19,Grade Celsius,
77,116.85,W/m^2,16:46:33,28/6/17,Day of week:,Wednesday,34.13,Grade Celsius,
69,116.85,W/m^2,16:46:36,28/6/17,Day of week:,Wednesday,34.06,Grade Celsius,
85,108.09,W/m^2,16:46:39,28/6/17,Day of week:,Wednesday,34.06,Grade Celsius,
84,116.85,W/m^2,16:46:42,28/6/17,Day of week:,Wednesday,34.06,Grade Celsius,
75,116.85,W/m^2,16:46:45,28/6/17,Day of week:,Wednesday,34.06,Grade Celsius,
73,116.85,W/m^2,16:46:48,28/6/17,Day of week:,Wednesday,34.13,Grade Celsius,
77,128.54,W/m^2,16:46:51,28/6/17,Day of week:,Wednesday,34.19,Grade Celsius,
77,116.85,W/m^2,16:46:54,28/6/17,Day of week:,Wednesday,34.25,Grade Celsius,
75,111.01,W/m^2,16:46:57,28/6/17,Day of week:,Wednesday,34.25,Grade Celsius,
77,116.85,W/m^2,16:47:00,28/6/17,Day of week:,Wednesday,34.25,Grade Celsius,
73,116.85,W/m^2,16:47:03,28/6/17,Day of week:,Wednesday,34.25,Grade Celsius,
75,116.85,W/m^2,16:47:06,28/6/17,Day of week:,Wednesday,34.31,Grade Celsius,
75,111.01,W/m^2,16:47:09,28/6/17,Day of week:,Wednesday,34.31,Grade Celsius,
75,119.77,W/m^2,16:47:12,28/6/17,Day of week:,Wednesday,34.38,Grade Celsius,
76,116.85,W/m^2,16:47:15,28/6/17,Day of week:,Wednesday,34.38,Grade Celsius,
84,111.01,W/m^2,16:47:19,28/6/17,Day of week:,Wednesday,34.31,Grade Celsius,
73,113.93,W/m^2,16:47:22,28/6/17,Day of week:,Wednesday,34.31,Grade Celsius,
78,111.01,W/m^2,16:47:25,28/6/17,Day of week:,Wednesday,34.31,Grade Celsius,
69,116.85,W/m^2,16:47:28,28/6/17,Day of week:,Wednesday,34.25,Grade Celsius,
76,118.31,W/m^2,16:47:31,28/6/17,Day of week:,Wednesday,34.25,Grade Celsius,
75,116.85,W/m^2,16:47:34,28/6/17,Day of week:,Wednesday,34.25,Grade Celsius,
73,109.55,W/m^2,16:47:37,28/6/17,Day of week:,Wednesday,34.25,Grade Celsius,
71,122.69,W/m^2,16:47:40,28/6/17,Day of week:,Wednesday,34.31,Grade Celsius,
66,109.55,W/m^2,16:47:43,28/6/17,Day of week:,Wednesday,34.31,Grade Celsius,
74,116.85,W/m^2,16:47:46,28/6/17,Day of week:,Wednesday,34.31,Grade Celsius,
76,111.01,W/m^2,16:47:49,28/6/17,Day of week:,Wednesday,34.38,Grade Celsius,
75,111.01,W/m^2,16:47:52,28/6/17,Day of week:,Wednesday,34.31,Grade Celsius,
75,108.09,W/m^2,16:47:55,28/6/17,Day of week:,Wednesday,34.31,Grade Celsius,
72,111.01,W/m^2,16:47:58,28/6/17,Day of week:,Wednesday,34.31,Grade Celsius,
75,100.78,W/m^2,16:48:01,28/6/17,Day of week:,Wednesday,34.38,Grade Celsius,
73,111.01,W/m^2,16:48:05,28/6/17,Day of week:,Wednesday,34.38,Grade Celsius,
66,111.01,W/m^2,16:48:08,28/6/17,Day of week:,Wednesday,34.44,Grade Celsius,
73,105.17,W/m^2,16:48:11,28/6/17,Day of week:,Wednesday,34.44,Grade Celsius,
82,108.09,W/m^2,16:48:14,28/6/17,Day of week:,Wednesday,34.44,Grade Celsius,
73,99.32,W/m^2,16:48:17,28/6/17,Day of week:,Wednesday,34.38,Grade Celsius,
74,122.69,W/m^2,16:48:20,28/6/17,Day of week:,Wednesday,34.44,Grade Celsius,
84,124.15,W/m^2,16:48:23,28/6/17,Day of week:,Wednesday,34.44,Grade Celsius,
74,108.09,W/m^2,16:48:26,28/6/17,Day of week:,Wednesday,34.50,Grade Celsius,
73,102.24,W/m^2,16:48:29,28/6/17,Day of week:,Wednesday,34.50,Grade Celsius,
81,106.63,W/m^2,16:48:32,28/6/17,Day of week:,Wednesday,34.56,Grade Celsius,
73,111.01,W/m^2,16:48:35,28/6/17,Day of week:,Wednesday,34.63,Grade Celsius,
70,106.63,W/m^2,16:48:38,28/6/17,Day of week:,Wednesday,34.69,Grade Celsius,
73,105.17,W/m^2,16:48:41,28/6/17,Day of week:,Wednesday,34.69,Grade Celsius,
73,105.17,W/m^2,16:48:44,28/6/17,Day of week:,Wednesday,34.75,Grade Celsius,
64,105.17,W/m^2,16:48:47,28/6/17,Day of week:,Wednesday,34.75,Grade Celsius,
72,108.09,W/m^2,16:48:51,28/6/17,Day of week:,Wednesday,34.81,Grade Celsius,
73,111.01,W/m^2,16:48:54,28/6/17,Day of week:,Wednesday,34.88,Grade Celsius,
72,108.09,W/m^2,16:48:57,28/6/17,Day of week:,Wednesday,34.81,Grade Celsius,
71,105.17,W/m^2,16:49:00,28/6/17,Day of week:,Wednesday,34.75,Grade Celsius,
73,105.17,W/m^2,16:49:03,28/6/17,Day of week:,Wednesday,34.69,Grade Celsius,
60,111.01,W/m^2,16:49:06,28/6/17,Day of week:,Wednesday,34.69,Grade Celsius,
73,111.01,W/m^2,16:49:09,28/6/17,Day of week:,Wednesday,34.63,Grade Celsius,
71,102.24,W/m^2,16:49:12,28/6/17,Day of week:,Wednesday,34.56,Grade Celsius,
72,116.85,W/m^2,16:49:15,28/6/17,Day of week:,Wednesday,34.50,Grade Celsius,
73,106.63,W/m^2,16:49:18,28/6/17,Day of week:,Wednesday,34.31,Grade Celsius,
84,106.63,W/m^2,16:49:21,28/6/17,Day of week:,Wednesday,34.25,Grade Celsius,
72,108.09,W/m^2,16:49:24,28/6/17,Day of week:,Wednesday,34.19,Grade Celsius,
71,118.31,W/m^2,16:49:27,28/6/17,Day of week:,Wednesday,34.19,Grade Celsius,
69,108.09,W/m^2,16:49:30,28/6/17,Day of week:,Wednesday,34.25,Grade Celsius,
73,108.09,W/m^2,16:49:33,28/6/17,Day of week:,Wednesday,34.19,Grade Celsius,
67,119.77,W/m^2,16:49:37,28/6/17,Day of week:,Wednesday,34.25,Grade Celsius,
71,116.85,W/m^2,16:49:40,28/6/17,Day of week:,Wednesday,34.25,Grade Celsius,
69,105.17,W/m^2,16:49:43,28/6/17,Day of week:,Wednesday,34.31,Grade Celsius,
70,105.17,W/m^2,16:49:46,28/6/17,Day of week:,Wednesday,34.38,Grade Celsius,
70,106.63,W/m^2,16:49:49,28/6/17,Day of week:,Wednesday,34.38,Grade Celsius,
71,105.17,W/m^2,16:49:52,28/6/17,Day of week:,Wednesday,34.44,Grade Celsius,
69,105.17,W/m^2,16:49:55,28/6/17,Day of week:,Wednesday,34.44,Grade Celsius,
61,105.17,W/m^2,16:49:58,28/6/17,Day of week:,Wednesday,34.50,Grade Celsius,
71,93.48,W/m^2,16:50:01,28/6/17,Day of week:,Wednesday,34.50,Grade Celsius,
77,102.24,W/m^2,16:50:04,28/6/17,Day of week:,Wednesday,34.56,Grade Celsius,
71,105.17,W/m^2,16:50:07,28/6/17,Day of week:,Wednesday,34.56,Grade Celsius,
64,93.48,W/m^2,16:50:10,28/6/17,Day of week:,Wednesday,34.63,Grade Celsius,
70,118.31,W/m^2,16:50:14,28/6/17,Day of week:,Wednesday,34.63,Grade Celsius,
71,116.85,W/m^2,16:50:17,28/6/17,Day of week:,Wednesday,34.69,Grade Celsius,
71,105.17,W/m^2,16:50:20,28/6/17,Day of week:,Wednesday,34.69,Grade Celsius,
69,105.17,W/m^2,16:50:23,28/6/17,Day of week:,Wednesday,34.69,Grade Celsius,
69,108.09,W/m^2,16:50:26,28/6/17,Day of week:,Wednesday,34.75,Grade Celsius,
67,105.17,W/m^2,16:50:29,28/6/17,Day of week:,Wednesday,34.75,Grade Celsius,
75,105.17,W/m^2,16:50:32,28/6/17,Day of week:,Wednesday,34.75,Grade Celsius,
69,99.32,W/m^2,16:50:35,28/6/17,Day of week:,Wednesday,34.75,Grade Celsius,
70,102.24,W/m^2,16:50:38,28/6/17,Day of week:,Wednesday,34.75,Grade Celsius,
69,105.17,W/m^2,16:50:41,28/6/17,Day of week:,Wednesday,34.69,Grade Celsius,
68,116.85,W/m^2,16:50:44,28/6/17,Day of week:,Wednesday,34.63,Grade Celsius,
71,105.17,W/m^2,16:50:47,28/6/17,Day of week:,Wednesday,34.56,Grade Celsius,
73,105.17,W/m^2,16:50:50,28/6/17,Day of week:,Wednesday,34.50,Grade Celsius,
64,105.17,W/m^2,16:50:53,28/6/17,Day of week:,Wednesday,34.50,Grade Celsius,
69,105.17,W/m^2,16:50:56,28/6/17,Day of week:,Wednesday,34.44,Grade Celsius,
78,105.17,W/m^2,16:51:00,28/6/17,Day of week:,Wednesday,34.44,Grade Celsius,
69,96.40,W/m^2,16:51:03,28/6/17,Day of week:,Wednesday,34.44,Grade Celsius,
70,105.17,W/m^2,16:51:06,28/6/17,Day of week:,Wednesday,34.44,Grade Celsius,
69,105.17,W/m^2,16:51:09,28/6/17,Day of week:,Wednesday,34.44,Grade Celsius,
69,106.63,W/m^2,16:51:12,28/6/17,Day of week:,Wednesday,34.50,Grade Celsius,
69,105.17,W/m^2,16:51:15,28/6/17,Day of week:,Wednesday,34.50,Grade Celsius,
69,100.78,W/m^2,16:51:18,28/6/17,Day of week:,Wednesday,34.50,Grade Celsius,
69,102.24,W/m^2,16:51:21,28/6/17,Day of week:,Wednesday,34.56,Grade Celsius,
69,105.17,W/m^2,16:51:24,28/6/17,Day of week:,Wednesday,34.63,Grade Celsius,
69,105.17,W/m^2,16:51:27,28/6/17,Day of week:,Wednesday,34.63,Grade Celsius,
70,102.24,W/m^2,16:51:30,28/6/17,Day of week:,Wednesday,34.56,Grade Celsius,
70,100.78,W/m^2,16:51:33,28/6/17,Day of week:,Wednesday,34.56,Grade Celsius,
69,93.48,W/m^2,16:51:36,28/6/17,Day of week:,Wednesday,34.50,Grade Celsius,
68,100.78,W/m^2,16:51:39,28/6/17,Day of week:,Wednesday,34.44,Grade Celsius,
71,105.17,W/m^2,16:51:42,28/6/17,Day of week:,Wednesday,34.44,Grade Celsius,
75,105.17,W/m^2,16:51:46,28/6/17,Day of week:,Wednesday,34.50,Grade Celsius,
69,102.24,W/m^2,16:51:49,28/6/17,Day of week:,Wednesday,34.50,Grade Celsius,
71,105.17,W/m^2,16:51:52,28/6/17,Day of week:,Wednesday,34.44,Grade Celsius,
71,96.40,W/m^2,16:51:55,28/6/17,Day of week:,Wednesday,34.38,Grade Celsius,
67,99.32,W/m^2,16:51:58,28/6/17,Day of week:,Wednesday,34.25,Grade Celsius,
69,116.85,W/m^2,16:52:01,28/6/17,Day of week:,Wednesday,34.19,Grade Celsius,
59,94.94,W/m^2,16:52:04,28/6/17,Day of week:,Wednesday,34.13,Grade Celsius,
68,105.17,W/m^2,16:52:07,28/6/17,Day of week:,Wednesday,34.06,Grade Celsius,
70,100.78,W/m^2,16:52:10,28/6/17,Day of week:,Wednesday,34.06,Grade Celsius,
69,108.09,W/m^2,16:52:13,28/6/17,Day of week:,Wednesday,34.06,Grade Celsius,
66,99.32,W/m^2,16:52:16,28/6/17,Day of week:,Wednesday,34.06,Grade Celsius,
68,100.78,W/m^2,16:52:19,28/6/17,Day of week:,Wednesday,34.13,Grade Celsius,
61,106.63,W/m^2,16:52:22,28/6/17,Day of week:,Wednesday,34.13,Grade Celsius,
67,102.24,W/m^2,16:52:25,28/6/17,Day of week:,Wednesday,34.13,Grade Celsius,
67,96.40,W/m^2,16:52:28,28/6/17,Day of week:,Wednesday,34.19,Grade Celsius,
70,89.10,W/m^2,16:52:32,28/6/17,Day of week:,Wednesday,34.19,Grade Celsius,
69,105.17,W/m^2,16:52:35,28/6/17,Day of week:,Wednesday,34.25,Grade Celsius,
67,102.24,W/m^2,16:52:38,28/6/17,Day of week:,Wednesday,34.25,Grade Celsius,
78,99.32,W/m^2,16:52:41,28/6/17,Day of week:,Wednesday,34.25,Grade Celsius,
67,111.01,W/m^2,16:52:44,28/6/17,Day of week:,Wednesday,34.25,Grade Celsius,
67,99.32,W/m^2,16:52:47,28/6/17,Day of week:,Wednesday,34.25,Grade Celsius,
65,102.24,W/m^2,16:52:50,28/6/17,Day of week:,Wednesday,34.25,Grade Celsius,
69,105.17,W/m^2,16:52:53,28/6/17,Day of week:,Wednesday,34.25,Grade Celsius,
69,105.17,W/m^2,16:52:56,28/6/17,Day of week:,Wednesday,34.31,Grade Celsius,
67,96.40,W/m^2,16:52:59,28/6/17,Day of week:,Wednesday,34.31,Grade Celsius,
62,93.48,W/m^2,16:53:02,28/6/17,Day of week:,Wednesday,34.31,Grade Celsius,
68,105.17,W/m^2,16:53:05,28/6/17,Day of week:,Wednesday,34.25,Grade Celsius,
68,102.24,W/m^2,16:53:08,28/6/17,Day of week:,Wednesday,34.13,Grade Celsius,
68,93.48,W/m^2,16:53:11,28/6/17,Day of week:,Wednesday,34.13,Grade Celsius,
72,100.78,W/m^2,16:53:14,28/6/17,Day of week:,Wednesday,34.00,Grade Celsius,
70,112.47,W/m^2,16:53:18,28/6/17,Day of week:,Wednesday,34.00,Grade Celsius,
73,93.48,W/m^2,16:53:21,28/6/17,Day of week:,Wednesday,34.00,Grade Celsius,
68,105.17,W/m^2,16:53:24,28/6/17,Day of week:,Wednesday,34.00,Grade Celsius,
67,99.32,W/m^2,16:53:27,28/6/17,Day of week:,Wednesday,34.06,Grade Celsius,
67,105.17,W/m^2,16:53:30,28/6/17,Day of week:,Wednesday,34.06,Grade Celsius,
69,105.17,W/m^2,16:53:33,28/6/17,Day of week:,Wednesday,34.13,Grade Celsius,
70,100.78,W/m^2,16:53:36,28/6/17,Day of week:,Wednesday,33.94,Grade Celsius,
68,100.78,W/m^2,16:53:39,28/6/17,Day of week:,Wednesday,33.94,Grade Celsius,
75,100.78,W/m^2,16:53:42,28/6/17,Day of week:,Wednesday,33.88,Grade Celsius,
67,100.78,W/m^2,16:53:45,28/6/17,Day of week:,Wednesday,33.88,Grade Celsius,
70,105.17,W/m^2,16:53:48,28/6/17,Day of week:,Wednesday,33.94,Grade Celsius,
69,105.17,W/m^2,16:53:51,28/6/17,Day of week:,Wednesday,33.94,Grade Celsius,
65,99.32,W/m^2,16:53:54,28/6/17,Day of week:,Wednesday,33.81,Grade Celsius,
67,99.32,W/m^2,16:53:57,28/6/17,Day of week:,Wednesday,33.88,Grade Celsius,
68,105.17,W/m^2,16:54:00,28/6/17,Day of week:,Wednesday,33.94,Grade Celsius,
67,100.78,W/m^2,16:54:04,28/6/17,Day of week:,Wednesday,33.94,Grade Celsius,
68,105.17,W/m^2,16:54:07,28/6/17,Day of week:,Wednesday,34.00,Grade Celsius,
69,108.09,W/m^2,16:54:10,28/6/17,Day of week:,Wednesday,34.06,Grade Celsius,
69,99.32,W/m^2,16:54:13,28/6/17,Day of week:,Wednesday,34.06,Grade Celsius,
64,116.85,W/m^2,16:54:16,28/6/17,Day of week:,Wednesday,34.13,Grade Celsius,
67,116.85,W/m^2,16:54:19,28/6/17,Day of week:,Wednesday,34.13,Grade Celsius,
72,105.17,W/m^2,16:54:22,28/6/17,Day of week:,Wednesday,34.13,Grade Celsius,
67,86.18,W/m^2,16:54:25,28/6/17,Day of week:,Wednesday,34.13,Grade Celsius,
69,99.32,W/m^2,16:54:28,28/6/17,Day of week:,Wednesday,34.06,Grade Celsius,
65,105.17,W/m^2,16:54:31,28/6/17,Day of week:,Wednesday,34.13,Grade Celsius,
57,105.17,W/m^2,16:54:34,28/6/17,Day of week:,Wednesday,33.94,Grade Celsius,
68,102.24,W/m^2,16:54:37,28/6/17,Day of week:,Wednesday,33.94,Grade Celsius,
69,100.78,W/m^2,16:54:40,28/6/17,Day of week:,Wednesday,33.88,Grade Celsius,
67,100.78,W/m^2,16:54:43,28/6/17,Day of week:,Wednesday,33.75,Grade Celsius,
72,99.32,W/m^2,16:54:46,28/6/17,Day of week:,Wednesday,33.63,Grade Celsius,
67,108.09,W/m^2,16:54:50,28/6/17,Day of week:,Wednesday,33.56,Grade Celsius,
67,116.85,W/m^2,16:54:53,28/6/17,Day of week:,Wednesday,33.50,Grade Celsius,
71,100.78,W/m^2,16:54:56,28/6/17,Day of week:,Wednesday,33.50,Grade Celsius,
68,105.17,W/m^2,16:54:59,28/6/17,Day of week:,Wednesday,33.50,Grade Celsius,
67,97.86,W/m^2,16:55:02,28/6/17,Day of week:,Wednesday,33.50,Grade Celsius,
67,100.78,W/m^2,16:55:05,28/6/17,Day of week:,Wednesday,33.56,Grade Celsius,
64,111.01,W/m^2,16:55:08,28/6/17,Day of week:,Wednesday,33.63,Grade Celsius,
78,105.17,W/m^2,16:55:11,28/6/17,Day of week:,Wednesday,33.63,Grade Celsius,
62,105.17,W/m^2,16:55:14,28/6/17,Day of week:,Wednesday,33.69,Grade Celsius,
68,100.78,W/m^2,16:55:17,28/6/17,Day of week:,Wednesday,33.75,Grade Celsius,
66,99.32,W/m^2,16:55:20,28/6/17,Day of week:,Wednesday,33.75,Grade Celsius,
65,102.24,W/m^2,16:55:23,28/6/17,Day of week:,Wednesday,33.75,Grade Celsius,
67,102.24,W/m^2,16:55:26,28/6/17,Day of week:,Wednesday,33.69,Grade Celsius,
73,105.17,W/m^2,16:55:29,28/6/17,Day of week:,Wednesday,33.69,Grade Celsius,
69,99.32,W/m^2,16:55:33,28/6/17,Day of week:,Wednesday,33.63,Grade Celsius,
69,102.24,W/m^2,16:55:36,28/6/17,Day of week:,Wednesday,33.63,Grade Celsius,
67,99.32,W/m^2,16:55:39,28/6/17,Day of week:,Wednesday,33.63,Grade Celsius,
66,105.17,W/m^2,16:55:42,28/6/17,Day of week:,Wednesday,33.69,Grade Celsius,
64,105.17,W/m^2,16:55:45,28/6/17,Day of week:,Wednesday,33.69,Grade Celsius,
68,111.01,W/m^2,16:55:48,28/6/17,Day of week:,Wednesday,33.69,Grade Celsius,
68,102.24,W/m^2,16:55:51,28/6/17,Day of week:,Wednesday,33.69,Grade Celsius,
71,87.64,W/m^2,16:55:54,28/6/17,Day of week:,Wednesday,33.69,Grade Celsius,
55,96.40,W/m^2,16:55:57,28/6/17,Day of week:,Wednesday,33.69,Grade Celsius,
71,102.24,W/m^2,16:56:00,28/6/17,Day of week:,Wednesday,33.69,Grade Celsius,
75,99.32,W/m^2,16:56:03,28/6/17,Day of week:,Wednesday,33.75,Grade Celsius,
69,105.17,W/m^2,16:56:06,28/6/17,Day of week:,Wednesday,33.75,Grade Celsius,
64,102.24,W/m^2,16:56:09,28/6/17,Day of week:,Wednesday,33.81,Grade Celsius,
74,99.32,W/m^2,16:56:12,28/6/17,Day of week:,Wednesday,33.81,Grade Celsius,
72,105.17,W/m^2,16:56:15,28/6/17,Day of week:,Wednesday,33.75,Grade Celsius,
67,96.40,W/m^2,16:56:19,28/6/17,Day of week:,Wednesday,33.75,Grade Celsius,
68,84.72,W/m^2,16:56:22,28/6/17,Day of week:,Wednesday,33.75,Grade Celsius,
67,99.32,W/m^2,16:56:25,28/6/17,Day of week:,Wednesday,33.75,Grade Celsius,
65,97.86,W/m^2,16:56:28,28/6/17,Day of week:,Wednesday,33.75,Grade Celsius,
66,87.64,W/m^2,16:56:31,28/6/17,Day of week:,Wednesday,33.75,Grade Celsius,
67,87.64,W/m^2,16:56:34,28/6/17,Day of week:,Wednesday,33.81,Grade Celsius,
67,94.94,W/m^2,16:56:37,28/6/17,Day of week:,Wednesday,33.88,Grade Celsius,
67,94.94,W/m^2,16:56:40,28/6/17,Day of week:,Wednesday,33.88,Grade Celsius,
67,83.26,W/m^2,16:56:43,28/6/17,Day of week:,Wednesday,33.88,Grade Celsius,
67,111.01,W/m^2,16:56:46,28/6/17,Day of week:,Wednesday,33.88,Grade Celsius,
66,105.17,W/m^2,16:56:49,28/6/17,Day of week:,Wednesday,33.94,Grade Celsius,
59,99.32,W/m^2,16:56:52,28/6/17,Day of week:,Wednesday,33.94,Grade Celsius,
71,93.48,W/m^2,16:56:55,28/6/17,Day of week:,Wednesday,33.94,Grade Celsius,
63,80.34,W/m^2,16:56:58,28/6/17,Day of week:,Wednesday,34.00,Grade Celsius,
65,100.78,W/m^2,16:57:01,28/6/17,Day of week:,Wednesday,34.00,Grade Celsius,
68,99.32,W/m^2,16:57:05,28/6/17,Day of week:,Wednesday,34.06,Grade Celsius,
67,97.86,W/m^2,16:57:08,28/6/17,Day of week:,Wednesday,34.13,Grade Celsius,
67,99.32,W/m^2,16:57:11,28/6/17,Day of week:,Wednesday,34.13,Grade Celsius,
65,96.40,W/m^2,16:57:14,28/6/17,Day of week:,Wednesday,34.13,Grade Celsius,
67,96.40,W/m^2,16:57:17,28/6/17,Day of week:,Wednesday,34.13,Grade Celsius,
76,96.40,W/m^2,16:57:20,28/6/17,Day of week:,Wednesday,34.13,Grade Celsius,
68,96.40,W/m^2,16:57:23,28/6/17,Day of week:,Wednesday,34.13,Grade Celsius,
64,99.32,W/m^2,16:57:26,28/6/17,Day of week:,Wednesday,34.13,Grade Celsius,
59,93.48,W/m^2,16:57:29,28/6/17,Day of week:,Wednesday,34.13,Grade Celsius,
65,96.40,W/m^2,16:57:32,28/6/17,Day of week:,Wednesday,34.13,Grade Celsius,
70,84.72,W/m^2,16:57:35,28/6/17,Day of week:,Wednesday,34.19,Grade Celsius,
69,96.40,W/m^2,16:57:38,28/6/17,Day of week:,Wednesday,34.19,Grade Celsius,
65,96.40,W/m^2,16:57:41,28/6/17,Day of week:,Wednesday,34.19,Grade Celsius,
68,99.32,W/m^2,16:57:44,28/6/17,Day of week:,Wednesday,34.06,Grade Celsius,
59,99.32,W/m^2,16:57:47,28/6/17,Day of week:,Wednesday,33.94,Grade Celsius,
73,99.32,W/m^2,16:57:51,28/6/17,Day of week:,Wednesday,33.88,Grade Celsius,
73,96.40,W/m^2,16:57:54,28/6/17,Day of week:,Wednesday,33.81,Grade Celsius,
60,81.80,W/m^2,16:57:57,28/6/17,Day of week:,Wednesday,33.81,Grade Celsius,
75,93.48,W/m^2,16:58:00,28/6/17,Day of week:,Wednesday,33.81,Grade Celsius,
65,99.32,W/m^2,16:58:03,28/6/17,Day of week:,Wednesday,33.81,Grade Celsius,
66,113.93,W/m^2,16:58:06,28/6/17,Day of week:,Wednesday,33.88,Grade Celsius,
65,99.32,W/m^2,16:58:09,28/6/17,Day of week:,Wednesday,33.88,Grade Celsius,
61,116.85,W/m^2,16:58:12,28/6/17,Day of week:,Wednesday,33.88,Grade Celsius,
65,108.09,W/m^2,16:58:15,28/6/17,Day of week:,Wednesday,33.88,Grade Celsius,
59,94.94,W/m^2,16:58:18,28/6/17,Day of week:,Wednesday,33.88,Grade Celsius,
65,99.32,W/m^2,16:58:21,28/6/17,Day of week:,Wednesday,33.94,Grade Celsius,
65,96.40,W/m^2,16:58:24,28/6/17,Day of week:,Wednesday,33.94,Grade Celsius,
65,97.86,W/m^2,16:58:27,28/6/17,Day of week:,Wednesday,33.88,Grade Celsius,
67,116.85,W/m^2,16:58:30,28/6/17,Day of week:,Wednesday,33.88,Grade Celsius,
64,94.94,W/m^2,16:58:33,28/6/17,Day of week:,Wednesday,33.88,Grade Celsius,
69,94.94,W/m^2,16:58:37,28/6/17,Day of week:,Wednesday,33.88,Grade Celsius,
64,99.32,W/m^2,16:58:40,28/6/17,Day of week:,Wednesday,33.88,Grade Celsius,
68,112.47,W/m^2,16:58:43,28/6/17,Day of week:,Wednesday,33.88,Grade Celsius,
63,87.64,W/m^2,16:58:46,28/6/17,Day of week:,Wednesday,33.88,Grade Celsius,
73,93.48,W/m^2,16:58:49,28/6/17,Day of week:,Wednesday,33.81,Grade Celsius,
65,93.48,W/m^2,16:58:52,28/6/17,Day of week:,Wednesday,33.81,Grade Celsius,
74,96.40,W/m^2,16:58:55,28/6/17,Day of week:,Wednesday,33.81,Grade Celsius,
66,100.78,W/m^2,16:58:58,28/6/17,Day of week:,Wednesday,33.81,Grade Celsius,
64,93.48,W/m^2,16:59:01,28/6/17,Day of week:,Wednesday,33.88,Grade Celsius,
54,87.64,W/m^2,16:59:04,28/6/17,Day of week:,Wednesday,33.88,Grade Celsius,
59,99.32,W/m^2,16:59:07,28/6/17,Day of week:,Wednesday,33.88,Grade Celsius,
64,93.48,W/m^2,16:59:10,28/6/17,Day of week:,Wednesday,33.88,Grade Celsius,
66,93.48,W/m^2,16:59:13,28/6/17,Day of week:,Wednesday,33.94,Grade Celsius,
64,99.32,W/m^2,16:59:16,28/6/17,Day of week:,Wednesday,34.00,Grade Celsius,
65,93.48,W/m^2,16:59:19,28/6/17,Day of week:,Wednesday,33.94,Grade Celsius,
65,87.64,W/m^2,16:59:23,28/6/17,Day of week:,Wednesday,34.00,Grade Celsius,
65,87.64,W/m^2,16:59:26,28/6/17,Day of week:,Wednesday,34.00,Grade Celsius,
65,84.72,W/m^2,16:59:29,28/6/17,Day of week:,Wednesday,34.00,Grade Celsius,
61,96.40,W/m^2,16:59:32,28/6/17,Day of week:,Wednesday,34.06,Grade Celsius,
64,100.78,W/m^2,16:59:35,28/6/17,Day of week:,Wednesday,34.00,Grade Celsius,
65,96.40,W/m^2,16:59:38,28/6/17,Day of week:,Wednesday,34.00,Grade Celsius,
58,81.80,W/m^2,16:59:41,28/6/17,Day of week:,Wednesday,34.00,Grade Celsius,
63,93.48,W/m^2,16:59:44,28/6/17,Day of week:,Wednesday,34.00,Grade Celsius,
65,97.86,W/m^2,16:59:47,28/6/17,Day of week:,Wednesday,33.94,Grade Celsius,
66,96.40,W/m^2,16:59:50,28/6/17,Day of week:,Wednesday,33.94,Grade Celsius,
64,96.40,W/m^2,16:59:53,28/6/17,Day of week:,Wednesday,33.88,Grade Celsius,
57,93.48,W/m^2,16:59:56,28/6/17,Day of week:,Wednesday,33.81,Grade Celsius,
55,99.32,W/m^2,16:59:59,28/6/17,Day of week:,Wednesday,33.75,Grade Celsius,
68,99.32,W/m^2,17:00:02,28/6/17,Day of week:,Wednesday,33.81,Grade Celsius,
55,84.72,W/m^2,17:00:05,28/6/17,Day of week:,Wednesday,33.69,Grade Celsius,
63,93.48,W/m^2,17:00:09,28/6/17,Day of week:,Wednesday,33.63,Grade Celsius,
64,111.01,W/m^2,17:00:12,28/6/17,Day of week:,Wednesday,33.63,Grade Celsius,
56,93.48,W/m^2,17:00:15,28/6/17,Day of week:,Wednesday,33.63,Grade Celsius,
65,93.48,W/m^2,17:00:18,28/6/17,Day of week:,Wednesday,33.63,Grade Celsius,
76,93.48,W/m^2,17:00:21,28/6/17,Day of week:,Wednesday,33.63,Grade Celsius,
63,105.17,W/m^2,17:00:24,28/6/17,Day of week:,Wednesday,33.63,Grade Celsius,
66,97.86,W/m^2,17:00:27,28/6/17,Day of week:,Wednesday,33.56,Grade Celsius,
65,108.09,W/m^2,17:00:30,28/6/17,Day of week:,Wednesday,33.50,Grade Celsius,
64,106.63,W/m^2,17:00:33,28/6/17,Day of week:,Wednesday,33.38,Grade Celsius,
70,96.40,W/m^2,17:00:36,28/6/17,Day of week:,Wednesday,33.44,Grade Celsius,
63,89.10,W/m^2,17:00:39,28/6/17,Day of week:,Wednesday,33.31,Grade Celsius,
73,96.40,W/m^2,17:00:42,28/6/17,Day of week:,Wednesday,33.31,Grade Celsius,
65,93.48,W/m^2,17:00:45,28/6/17,Day of week:,Wednesday,33.25,Grade Celsius,
64,90.56,W/m^2,17:00:49,28/6/17,Day of week:,Wednesday,33.19,Grade Celsius,
64,105.17,W/m^2,17:00:52,28/6/17,Day of week:,Wednesday,33.19,Grade Celsius,
64,93.48,W/m^2,17:00:55,28/6/17,Day of week:,Wednesday,33.19,Grade Celsius,
65,93.48,W/m^2,17:00:58,28/6/17,Day of week:,Wednesday,33.13,Grade Celsius,
65,87.64,W/m^2,17:01:01,28/6/17,Day of week:,Wednesday,33.06,Grade Celsius,
60,93.48,W/m^2,17:01:04,28/6/17,Day of week:,Wednesday,33.13,Grade Celsius,
64,97.86,W/m^2,17:01:07,28/6/17,Day of week:,Wednesday,33.19,Grade Celsius,
64,108.09,W/m^2,17:01:10,28/6/17,Day of week:,Wednesday,33.19,Grade Celsius,
67,94.94,W/m^2,17:01:13,28/6/17,Day of week:,Wednesday,33.19,Grade Celsius,
75,93.48,W/m^2,17:01:16,28/6/17,Day of week:,Wednesday,33.25,Grade Celsius,
63,93.48,W/m^2,17:01:19,28/6/17,Day of week:,Wednesday,33.31,Grade Celsius,
63,96.40,W/m^2,17:01:22,28/6/17,Day of week:,Wednesday,33.38,Grade Celsius,
65,96.40,W/m^2,17:01:25,28/6/17,Day of week:,Wednesday,33.38,Grade Celsius,
64,93.48,W/m^2,17:01:28,28/6/17,Day of week:,Wednesday,33.44,Grade Celsius,
64,94.94,W/m^2,17:01:32,28/6/17,Day of week:,Wednesday,33.44,Grade Celsius,
64,96.40,W/m^2,17:01:35,28/6/17,Day of week:,Wednesday,33.44,Grade Celsius,
65,97.86,W/m^2,17:01:38,28/6/17,Day of week:,Wednesday,33.50,Grade Celsius,
53,93.48,W/m^2,17:01:41,28/6/17,Day of week:,Wednesday,33.50,Grade Celsius,
52,96.40,W/m^2,17:01:44,28/6/17,Day of week:,Wednesday,33.56,Grade Celsius,
67,94.94,W/m^2,17:01:47,28/6/17,Day of week:,Wednesday,33.63,Grade Celsius,
65,99.32,W/m^2,17:01:50,28/6/17,Day of week:,Wednesday,33.63,Grade Celsius,
64,93.48,W/m^2,17:01:53,28/6/17,Day of week:,Wednesday,33.69,Grade Celsius,
66,93.48,W/m^2,17:01:56,28/6/17,Day of week:,Wednesday,33.75,Grade Celsius,
61,100.78,W/m^2,17:01:59,28/6/17,Day of week:,Wednesday,33.75,Grade Celsius,
63,93.48,W/m^2,17:02:02,28/6/17,Day of week:,Wednesday,33.69,Grade Celsius,
64,93.48,W/m^2,17:02:05,28/6/17,Day of week:,Wednesday,33.63,Grade Celsius,
62,93.48,W/m^2,17:02:08,28/6/17,Day of week:,Wednesday,33.56,Grade Celsius,
69,81.80,W/m^2,17:02:11,28/6/17,Day of week:,Wednesday,33.63,Grade Celsius,
70,93.48,W/m^2,17:02:14,28/6/17,Day of week:,Wednesday,33.63,Grade Celsius,
64,93.48,W/m^2,17:02:18,28/6/17,Day of week:,Wednesday,33.63,Grade Celsius,
65,87.64,W/m^2,17:02:21,28/6/17,Day of week:,Wednesday,33.63,Grade Celsius,
55,93.48,W/m^2,17:02:24,28/6/17,Day of week:,Wednesday,33.69,Grade Celsius,
61,93.48,W/m^2,17:02:27,28/6/17,Day of week:,Wednesday,33.69,Grade Celsius,
61,93.48,W/m^2,17:02:30,28/6/17,Day of week:,Wednesday,33.69,Grade Celsius,
54,105.17,W/m^2,17:02:33,28/6/17,Day of week:,Wednesday,33.63,Grade Celsius,
64,96.40,W/m^2,17:02:36,28/6/17,Day of week:,Wednesday,33.63,Grade Celsius,
59,93.48,W/m^2,17:02:39,28/6/17,Day of week:,Wednesday,33.63,Grade Celsius,
62,102.24,W/m^2,17:02:42,28/6/17,Day of week:,Wednesday,33.56,Grade Celsius,
61,93.48,W/m^2,17:02:45,28/6/17,Day of week:,Wednesday,33.50,Grade Celsius,
61,93.48,W/m^2,17:02:48,28/6/17,Day of week:,Wednesday,33.50,Grade Celsius,
64,100.78,W/m^2,17:02:51,28/6/17,Day of week:,Wednesday,33.50,Grade Celsius,
61,93.48,W/m^2,17:02:54,28/6/17,Day of week:,Wednesday,33.50,Grade Celsius,
64,96.40,W/m^2,17:02:57,28/6/17,Day of week:,Wednesday,33.56,Grade Celsius,
64,93.48,W/m^2,17:03:00,28/6/17,Day of week:,Wednesday,33.63,Grade Celsius,
61,93.48,W/m^2,17:03:04,28/6/17,Day of week:,Wednesday,33.63,Grade Celsius,
60,93.48,W/m^2,17:03:07,28/6/17,Day of week:,Wednesday,33.69,Grade Celsius,
60,89.10,W/m^2,17:03:10,28/6/17,Day of week:,Wednesday,33.69,Grade Celsius,
61,93.48,W/m^2,17:03:13,28/6/17,Day of week:,Wednesday,33.56,Grade Celsius,
62,93.48,W/m^2,17:03:16,28/6/17,Day of week:,Wednesday,33.50,Grade Celsius,
64,94.94,W/m^2,17:03:19,28/6/17,Day of week:,Wednesday,33.56,Grade Celsius,
63,93.48,W/m^2,17:03:22,28/6/17,Day of week:,Wednesday,33.50,Grade Celsius,
62,89.10,W/m^2,17:03:25,28/6/17,Day of week:,Wednesday,33.50,Grade Celsius,
60,93.48,W/m^2,17:03:28,28/6/17,Day of week:,Wednesday,33.56,Grade Celsius,
54,93.48,W/m^2,17:03:31,28/6/17,Day of week:,Wednesday,33.56,Grade Celsius,
52,93.48,W/m^2,17:03:34,28/6/17,Day of week:,Wednesday,33.56,Grade Celsius,
61,93.48,W/m^2,17:03:37,28/6/17,Day of week:,Wednesday,33.50,Grade Celsius,
62,83.26,W/m^2,17:03:40,28/6/17,Day of week:,Wednesday,33.56,Grade Celsius,
62,99.32,W/m^2,17:03:43,28/6/17,Day of week:,Wednesday,33.56,Grade Celsius,
61,93.48,W/m^2,17:03:46,28/6/17,Day of week:,Wednesday,33.56,Grade Celsius,
61,83.26,W/m^2,17:03:49,28/6/17,Day of week:,Wednesday,33.63,Grade Celsius,
67,94.94,W/m^2,17:03:53,28/6/17,Day of week:,Wednesday,33.63,Grade Celsius,
60,93.48,W/m^2,17:03:56,28/6/17,Day of week:,Wednesday,33.69,Grade Celsius,
61,93.48,W/m^2,17:03:59,28/6/17,Day of week:,Wednesday,33.75,Grade Celsius,
64,93.48,W/m^2,17:04:02,28/6/17,Day of week:,Wednesday,33.75,Grade Celsius,
61,93.48,W/m^2,17:04:05,28/6/17,Day of week:,Wednesday,33.81,Grade Celsius,
63,99.32,W/m^2,17:04:08,28/6/17,Day of week:,Wednesday,33.88,Grade Celsius,
60,93.48,W/m^2,17:04:11,28/6/17,Day of week:,Wednesday,33.88,Grade Celsius,
61,93.48,W/m^2,17:04:14,28/6/17,Day of week:,Wednesday,33.94,Grade Celsius,
72,94.94,W/m^2,17:04:17,28/6/17,Day of week:,Wednesday,34.00,Grade Celsius,
62,93.48,W/m^2,17:04:20,28/6/17,Day of week:,Wednesday,34.00,Grade Celsius,
64,93.48,W/m^2,17:04:23,28/6/17,Day of week:,Wednesday,34.06,Grade Celsius,
50,99.32,W/m^2,17:04:26,28/6/17,Day of week:,Wednesday,34.06,Grade Celsius,
57,89.10,W/m^2,17:04:29,28/6/17,Day of week:,Wednesday,34.06,Grade Celsius,
60,93.48,W/m^2,17:04:32,28/6/17,Day of week:,Wednesday,34.06,Grade Celsius,
61,93.48,W/m^2,17:04:35,28/6/17,Day of week:,Wednesday,34.06,Grade Celsius,
62,106.63,W/m^2,17:04:39,28/6/17,Day of week:,Wednesday,34.13,Grade Celsius,
62,99.32,W/m^2,17:04:42,28/6/17,Day of week:,Wednesday,34.06,Grade Celsius,
62,96.40,W/m^2,17:04:45,28/6/17,Day of week:,Wednesday,34.13,Grade Celsius,
61,87.64,W/m^2,17:04:48,28/6/17,Day of week:,Wednesday,34.13,Grade Celsius,
61,84.72,W/m^2,17:04:51,28/6/17,Day of week:,Wednesday,34.13,Grade Celsius,
63,93.48,W/m^2,17:04:54,28/6/17,Day of week:,Wednesday,34.13,Grade Celsius,
62,93.48,W/m^2,17:04:57,28/6/17,Day of week:,Wednesday,34.13,Grade Celsius,
69,83.26,W/m^2,17:05:00,28/6/17,Day of week:,Wednesday,34.06,Grade Celsius,
59,93.48,W/m^2,17:05:03,28/6/17,Day of week:,Wednesday,34.00,Grade Celsius,
61,93.48,W/m^2,17:05:06,28/6/17,Day of week:,Wednesday,34.00,Grade Celsius,
63,89.10,W/m^2,17:05:09,28/6/17,Day of week:,Wednesday,34.00,Grade Celsius,
63,93.48,W/m^2,17:05:12,28/6/17,Day of week:,Wednesday,34.00,Grade Celsius,
62,94.94,W/m^2,17:05:15,28/6/17,Day of week:,Wednesday,34.00,Grade Celsius,
61,93.48,W/m^2,17:05:18,28/6/17,Day of week:,Wednesday,34.00,Grade Celsius,
59,93.48,W/m^2,17:05:21,28/6/17,Day of week:,Wednesday,34.00,Grade Celsius,
70,93.48,W/m^2,17:05:25,28/6/17,Day of week:,Wednesday,34.00,Grade Celsius,
63,108.09,W/m^2,17:05:28,28/6/17,Day of week:,Wednesday,34.00,Grade Celsius,
60,87.64,W/m^2,17:05:31,28/6/17,Day of week:,Wednesday,34.13,Grade Celsius,
62,93.48,W/m^2,17:05:34,28/6/17,Day of week:,Wednesday,34.06,Grade Celsius,
62,93.48,W/m^2,17:05:37,28/6/17,Day of week:,Wednesday,34.13,Grade Celsius,
63,87.64,W/m^2,17:05:40,28/6/17,Day of week:,Wednesday,34.13,Grade Celsius,
53,75.95,W/m^2,17:05:43,28/6/17,Day of week:,Wednesday,34.19,Grade Celsius,
62,87.64,W/m^2,17:05:46,28/6/17,Day of week:,Wednesday,34.19,Grade Celsius,
63,81.80,W/m^2,17:05:49,28/6/17,Day of week:,Wednesday,34.19,Grade Celsius,
61,93.48,W/m^2,17:05:52,28/6/17,Day of week:,Wednesday,34.25,Grade Celsius,
59,93.48,W/m^2,17:05:55,28/6/17,Day of week:,Wednesday,34.31,Grade Celsius,
58,89.10,W/m^2,17:05:58,28/6/17,Day of week:,Wednesday,34.31,Grade Celsius,
60,81.80,W/m^2,17:06:01,28/6/17,Day of week:,Wednesday,34.31,Grade Celsius,
62,106.63,W/m^2,17:06:04,28/6/17,Day of week:,Wednesday,34.38,Grade Celsius,
61,87.64,W/m^2,17:06:08,28/6/17,Day of week:,Wednesday,34.31,Grade Celsius,
59,87.64,W/m^2,17:06:11,28/6/17,Day of week:,Wednesday,34.25,Grade Celsius,
60,87.64,W/m^2,17:06:14,28/6/17,Day of week:,Wednesday,34.25,Grade Celsius,
60,99.32,W/m^2,17:06:17,28/6/17,Day of week:,Wednesday,34.25,Grade Celsius,
53,89.10,W/m^2,17:06:20,28/6/17,Day of week:,Wednesday,34.25,Grade Celsius,
60,93.48,W/m^2,17:06:23,28/6/17,Day of week:,Wednesday,34.19,Grade Celsius,
60,93.48,W/m^2,17:06:26,28/6/17,Day of week:,Wednesday,34.25,Grade Celsius,
61,93.48,W/m^2,17:06:29,28/6/17,Day of week:,Wednesday,34.19,Grade Celsius,
65,84.72,W/m^2,17:06:32,28/6/17,Day of week:,Wednesday,34.06,Grade Celsius,
61,87.64,W/m^2,17:06:35,28/6/17,Day of week:,Wednesday,34.00,Grade Celsius,
65,93.48,W/m^2,17:06:38,28/6/17,Day of week:,Wednesday,34.00,Grade Celsius,
61,84.72,W/m^2,17:06:41,28/6/17,Day of week:,Wednesday,33.94,Grade Celsius,
59,89.10,W/m^2,17:06:44,28/6/17,Day of week:,Wednesday,33.94,Grade Celsius,
59,90.56,W/m^2,17:06:47,28/6/17,Day of week:,Wednesday,34.00,Grade Celsius,
63,97.86,W/m^2,17:06:50,28/6/17,Day of week:,Wednesday,34.00,Grade Celsius,
59,87.64,W/m^2,17:06:54,28/6/17,Day of week:,Wednesday,34.06,Grade Celsius,
61,93.48,W/m^2,17:06:57,28/6/17,Day of week:,Wednesday,34.06,Grade Celsius,
62,93.48,W/m^2,17:07:00,28/6/17,Day of week:,Wednesday,34.13,Grade Celsius,
54,93.48,W/m^2,17:07:03,28/6/17,Day of week:,Wednesday,34.19,Grade Celsius,
61,93.48,W/m^2,17:07:06,28/6/17,Day of week:,Wednesday,34.19,Grade Celsius,
59,93.48,W/m^2,17:07:09,28/6/17,Day of week:,Wednesday,34.25,Grade Celsius,
59,93.48,W/m^2,17:07:12,28/6/17,Day of week:,Wednesday,34.25,Grade Celsius,
62,94.94,W/m^2,17:07:15,28/6/17,Day of week:,Wednesday,34.25,Grade Celsius,
63,93.48,W/m^2,17:07:18,28/6/17,Day of week:,Wednesday,34.31,Grade Celsius,
60,87.64,W/m^2,17:07:21,28/6/17,Day of week:,Wednesday,34.31,Grade Celsius,
61,93.48,W/m^2,17:07:24,28/6/17,Day of week:,Wednesday,34.38,Grade Celsius,
67,99.32,W/m^2,17:07:27,28/6/17,Day of week:,Wednesday,34.38,Grade Celsius,
60,87.64,W/m^2,17:07:30,28/6/17,Day of week:,Wednesday,34.38,Grade Celsius,
60,83.26,W/m^2,17:07:33,28/6/17,Day of week:,Wednesday,34.38,Grade Celsius,
59,87.64,W/m^2,17:07:36,28/6/17,Day of week:,Wednesday,34.44,Grade Celsius,
57,87.64,W/m^2,17:07:40,28/6/17,Day of week:,Wednesday,34.44,Grade Celsius,
58,89.10,W/m^2,17:07:43,28/6/17,Day of week:,Wednesday,34.50,Grade Celsius,
63,93.48,W/m^2,17:07:46,28/6/17,Day of week:,Wednesday,34.44,Grade Celsius,
55,89.10,W/m^2,17:07:49,28/6/17,Day of week:,Wednesday,34.50,Grade Celsius,
61,93.48,W/m^2,17:07:52,28/6/17,Day of week:,Wednesday,34.50,Grade Celsius,
59,87.64,W/m^2,17:07:55,28/6/17,Day of week:,Wednesday,34.56,Grade Celsius,
59,81.80,W/m^2,17:07:58,28/6/17,Day of week:,Wednesday,34.56,Grade Celsius,
66,87.64,W/m^2,17:08:01,28/6/17,Day of week:,Wednesday,34.56,Grade Celsius,
60,94.94,W/m^2,17:08:04,28/6/17,Day of week:,Wednesday,34.56,Grade Celsius,
61,93.48,W/m^2,17:08:07,28/6/17,Day of week:,Wednesday,34.63,Grade Celsius,
61,93.48,W/m^2,17:08:10,28/6/17,Day of week:,Wednesday,34.63,Grade Celsius,
61,87.64,W/m^2,17:08:13,28/6/17,Day of week:,Wednesday,34.56,Grade Celsius,
60,90.56,W/m^2,17:08:16,28/6/17,Day of week:,Wednesday,34.50,Grade Celsius,
69,90.56,W/m^2,17:08:19,28/6/17,Day of week:,Wednesday,34.50,Grade Celsius,
65,93.48,W/m^2,17:08:22,28/6/17,Day of week:,Wednesday,34.50,Grade Celsius,
60,87.64,W/m^2,17:08:26,28/6/17,Day of week:,Wednesday,34.50,Grade Celsius,
59,87.64,W/m^2,17:08:29,28/6/17,Day of week:,Wednesday,34.44,Grade Celsius,
59,83.26,W/m^2,17:08:32,28/6/17,Day of week:,Wednesday,34.38,Grade Celsius,
60,92.02,W/m^2,17:08:35,28/6/17,Day of week:,Wednesday,34.38,Grade Celsius,
61,90.56,W/m^2,17:08:38,28/6/17,Day of week:,Wednesday,34.31,Grade Celsius,
51,87.64,W/m^2,17:08:41,28/6/17,Day of week:,Wednesday,34.25,Grade Celsius,
61,87.64,W/m^2,17:08:44,28/6/17,Day of week:,Wednesday,34.25,Grade Celsius,
60,93.48,W/m^2,17:08:47,28/6/17,Day of week:,Wednesday,34.19,Grade Celsius,
65,93.48,W/m^2,17:08:50,28/6/17,Day of week:,Wednesday,34.19,Grade Celsius,
63,93.48,W/m^2,17:08:53,28/6/17,Day of week:,Wednesday,34.19,Grade Celsius,
59,87.64,W/m^2,17:08:56,28/6/17,Day of week:,Wednesday,34.25,Grade Celsius,
58,90.56,W/m^2,17:08:59,28/6/17,Day of week:,Wednesday,34.25,Grade Celsius,
60,93.48,W/m^2,17:09:02,28/6/17,Day of week:,Wednesday,34.25,Grade Celsius,
60,105.17,W/m^2,17:09:05,28/6/17,Day of week:,Wednesday,34.31,Grade Celsius,
61,84.72,W/m^2,17:09:08,28/6/17,Day of week:,Wednesday,34.31,Grade Celsius,
67,100.78,W/m^2,17:09:12,28/6/17,Day of week:,Wednesday,34.31,Grade Celsius,
58,87.64,W/m^2,17:09:15,28/6/17,Day of week:,Wednesday,34.31,Grade Celsius,
67,87.64,W/m^2,17:09:18,28/6/17,Day of week:,Wednesday,34.31,Grade Celsius,
58,87.64,W/m^2,17:09:21,28/6/17,Day of week:,Wednesday,34.31,Grade Celsius,
58,87.64,W/m^2,17:09:24,28/6/17,Day of week:,Wednesday,34.31,Grade Celsius,
62,90.56,W/m^2,17:09:27,28/6/17,Day of week:,Wednesday,34.31,Grade Celsius,
61,89.10,W/m^2,17:09:30,28/6/17,Day of week:,Wednesday,34.31,Grade Celsius,
60,105.17,W/m^2,17:09:33,28/6/17,Day of week:,Wednesday,34.25,Grade Celsius,
63,87.64,W/m^2,17:09:36,28/6/17,Day of week:,Wednesday,34.19,Grade Celsius,
62,84.72,W/m^2,17:09:39,28/6/17,Day of week:,Wednesday,34.13,Grade Celsius,
52,75.95,W/m^2,17:09:42,28/6/17,Day of week:,Wednesday,34.06,Grade Celsius,
60,99.32,W/m^2,17:09:45,28/6/17,Day of week:,Wednesday,34.06,Grade Celsius,
66,84.72,W/m^2,17:09:48,28/6/17,Day of week:,Wednesday,34.06,Grade Celsius,
59,87.64,W/m^2,17:09:51,28/6/17,Day of week:,Wednesday,34.00,Grade Celsius,
60,105.17,W/m^2,17:09:54,28/6/17,Day of week:,Wednesday,34.06,Grade Celsius,
59,84.72,W/m^2,17:09:58,28/6/17,Day of week:,Wednesday,34.06,Grade Celsius,
69,84.72,W/m^2,17:10:01,28/6/17,Day of week:,Wednesday,34.13,Grade Celsius,
63,96.40,W/m^2,17:10:04,28/6/17,Day of week:,Wednesday,34.13,Grade Celsius,
58,75.95,W/m^2,17:10:07,28/6/17,Day of week:,Wednesday,34.19,Grade Celsius,
58,75.95,W/m^2,17:10:10,28/6/17,Day of week:,Wednesday,34.25,Grade Celsius,
60,89.10,W/m^2,17:10:13,28/6/17,Day of week:,Wednesday,34.25,Grade Celsius,
53,89.10,W/m^2,17:10:16,28/6/17,Day of week:,Wednesday,34.25,Grade Celsius,
66,83.26,W/m^2,17:10:19,28/6/17,Day of week:,Wednesday,34.19,Grade Celsius,
61,75.95,W/m^2,17:10:22,28/6/17,Day of week:,Wednesday,34.19,Grade Celsius,
61,87.64,W/m^2,17:10:25,28/6/17,Day of week:,Wednesday,34.19,Grade Celsius,
59,75.95,W/m^2,17:10:28,28/6/17,Day of week:,Wednesday,34.13,Grade Celsius,
62,84.72,W/m^2,17:10:31,28/6/17,Day of week:,Wednesday,34.19,Grade Celsius,
59,83.26,W/m^2,17:10:34,28/6/17,Day of week:,Wednesday,34.19,Grade Celsius,
50,93.48,W/m^2,17:10:37,28/6/17,Day of week:,Wednesday,34.13,Grade Celsius,
59,93.48,W/m^2,17:10:40,28/6/17,Day of week:,Wednesday,34.13,Grade Celsius,
60,93.48,W/m^2,17:10:43,28/6/17,Day of week:,Wednesday,34.06,Grade Celsius,
61,87.64,W/m^2,17:10:47,28/6/17,Day of week:,Wednesday,34.13,Grade Celsius,
59,87.64,W/m^2,17:10:50,28/6/17,Day of week:,Wednesday,34.00,Grade Celsius,
63,81.80,W/m^2,17:10:53,28/6/17,Day of week:,Wednesday,34.00,Grade Celsius,
58,86.18,W/m^2,17:10:56,28/6/17,Day of week:,Wednesday,34.00,Grade Celsius,
57,81.80,W/m^2,17:10:59,28/6/17,Day of week:,Wednesday,34.06,Grade Celsius,
56,87.64,W/m^2,17:11:02,28/6/17,Day of week:,Wednesday,34.00,Grade Celsius,
58,71.57,W/m^2,17:11:05,28/6/17,Day of week:,Wednesday,34.00,Grade Celsius,
57,87.64,W/m^2,17:11:08,28/6/17,Day of week:,Wednesday,34.06,Grade Celsius,
51,81.80,W/m^2,17:11:11,28/6/17,Day of week:,Wednesday,34.06,Grade Celsius,
59,93.48,W/m^2,17:11:14,28/6/17,Day of week:,Wednesday,34.06,Grade Celsius,
59,84.72,W/m^2,17:11:17,28/6/17,Day of week:,Wednesday,34.00,Grade Celsius,
58,81.80,W/m^2,17:11:20,28/6/17,Day of week:,Wednesday,33.94,Grade Celsius,
57,73.03,W/m^2,17:11:24,28/6/17,Day of week:,Wednesday,34.00,Grade Celsius,
51,89.10,W/m^2,17:11:27,28/6/17,Day of week:,Wednesday,34.00,Grade Celsius,
58,87.64,W/m^2,17:11:30,28/6/17,Day of week:,Wednesday,34.00,Grade Celsius,
59,87.64,W/m^2,17:11:33,28/6/17,Day of week:,Wednesday,34.06,Grade Celsius,
61,87.64,W/m^2,17:11:36,28/6/17,Day of week:,Wednesday,34.06,Grade Celsius,
58,99.32,W/m^2,17:11:39,28/6/17,Day of week:,Wednesday,34.06,Grade Celsius,
58,81.80,W/m^2,17:11:42,28/6/17,Day of week:,Wednesday,34.06,Grade Celsius,
56,87.64,W/m^2,17:11:45,28/6/17,Day of week:,Wednesday,34.00,Grade Celsius,
55,81.80,W/m^2,17:11:48,28/6/17,Day of week:,Wednesday,34.00,Grade Celsius,
64,83.26,W/m^2,17:11:51,28/6/17,Day of week:,Wednesday,34.00,Grade Celsius,
61,83.26,W/m^2,17:11:54,28/6/17,Day of week:,Wednesday,33.94,Grade Celsius,
46,84.72,W/m^2,17:11:57,28/6/17,Day of week:,Wednesday,33.81,Grade Celsius,
57,86.18,W/m^2,17:12:00,28/6/17,Day of week:,Wednesday,33.75,Grade Celsius,
66,99.32,W/m^2,17:12:03,28/6/17,Day of week:,Wednesday,33.69,Grade Celsius,
57,70.11,W/m^2,17:12:06,28/6/17,Day of week:,Wednesday,33.69,Grade Celsius,
56,84.72,W/m^2,17:12:10,28/6/17,Day of week:,Wednesday,33.75,Grade Celsius,
55,83.26,W/m^2,17:12:13,28/6/17,Day of week:,Wednesday,33.75,Grade Celsius,
61,93.48,W/m^2,17:12:16,28/6/17,Day of week:,Wednesday,33.75,Grade Celsius,
57,87.64,W/m^2,17:12:19,28/6/17,Day of week:,Wednesday,33.81,Grade Celsius,
58,84.72,W/m^2,17:12:22,28/6/17,Day of week:,Wednesday,33.81,Grade Celsius,
57,87.64,W/m^2,17:12:25,28/6/17,Day of week:,Wednesday,33.81,Grade Celsius,
56,84.72,W/m^2,17:12:28,28/6/17,Day of week:,Wednesday,33.81,Grade Celsius,
55,84.72,W/m^2,17:12:31,28/6/17,Day of week:,Wednesday,33.88,Grade Celsius,
57,99.32,W/m^2,17:12:34,28/6/17,Day of week:,Wednesday,33.88,Grade Celsius,
57,84.72,W/m^2,17:12:37,28/6/17,Day of week:,Wednesday,33.94,Grade Celsius,
57,84.72,W/m^2,17:12:40,28/6/17,Day of week:,Wednesday,33.94,Grade Celsius,
61,87.64,W/m^2,17:12:43,28/6/17,Day of week:,Wednesday,34.00,Grade Celsius,
57,83.26,W/m^2,17:12:46,28/6/17,Day of week:,Wednesday,34.00,Grade Celsius,
57,83.26,W/m^2,17:12:49,28/6/17,Day of week:,Wednesday,34.00,Grade Celsius,
54,87.64,W/m^2,17:12:52,28/6/17,Day of week:,Wednesday,33.94,Grade Celsius,
55,81.80,W/m^2,17:12:56,28/6/17,Day of week:,Wednesday,33.94,Grade Celsius,
59,84.72,W/m^2,17:12:59,28/6/17,Day of week:,Wednesday,33.94,Grade Celsius,
57,83.26,W/m^2,17:13:02,28/6/17,Day of week:,Wednesday,33.94,Grade Celsius,
55,73.03,W/m^2,17:13:05,28/6/17,Day of week:,Wednesday,33.94,Grade Celsius,
54,83.26,W/m^2,17:13:08,28/6/17,Day of week:,Wednesday,34.00,Grade Celsius,
53,84.72,W/m^2,17:13:11,28/6/17,Day of week:,Wednesday,34.00,Grade Celsius,
56,84.72,W/m^2,17:13:14,28/6/17,Day of week:,Wednesday,34.00,Grade Celsius,
51,83.26,W/m^2,17:13:17,28/6/17,Day of week:,Wednesday,34.00,Grade Celsius,
56,78.87,W/m^2,17:13:20,28/6/17,Day of week:,Wednesday,34.00,Grade Celsius,
62,87.64,W/m^2,17:13:23,28/6/17,Day of week:,Wednesday,34.00,Grade Celsius,
51,70.11,W/m^2,17:13:26,28/6/17,Day of week:,Wednesday,34.00,Grade Celsius,
55,81.80,W/m^2,17:13:29,28/6/17,Day of week:,Wednesday,34.00,Grade Celsius,
47,81.80,W/m^2,17:13:32,28/6/17,Day of week:,Wednesday,33.94,Grade Celsius,
53,87.64,W/m^2,17:13:35,28/6/17,Day of week:,Wednesday,33.88,Grade Celsius,
53,86.18,W/m^2,17:13:38,28/6/17,Day of week:,Wednesday,33.94,Grade Celsius,
54,84.72,W/m^2,17:13:42,28/6/17,Day of week:,Wednesday,33.88,Grade Celsius,
53,89.10,W/m^2,17:13:45,28/6/17,Day of week:,Wednesday,33.94,Grade Celsius,
54,75.95,W/m^2,17:13:48,28/6/17,Day of week:,Wednesday,33.94,Grade Celsius,
65,83.26,W/m^2,17:13:51,28/6/17,Day of week:,Wednesday,33.88,Grade Celsius,
54,84.72,W/m^2,17:13:54,28/6/17,Day of week:,Wednesday,33.88,Grade Celsius,
56,70.11,W/m^2,17:13:57,28/6/17,Day of week:,Wednesday,33.94,Grade Celsius,
55,93.48,W/m^2,17:14:00,28/6/17,Day of week:,Wednesday,33.94,Grade Celsius,
55,78.87,W/m^2,17:14:03,28/6/17,Day of week:,Wednesday,33.94,Grade Celsius,
50,64.27,W/m^2,17:14:06,28/6/17,Day of week:,Wednesday,33.94,Grade Celsius,
53,81.80,W/m^2,17:14:09,28/6/17,Day of week:,Wednesday,33.88,Grade Celsius,
48,70.11,W/m^2,17:14:12,28/6/17,Day of week:,Wednesday,33.88,Grade Celsius,
53,81.80,W/m^2,17:14:15,28/6/17,Day of week:,Wednesday,33.88,Grade Celsius,
51,87.64,W/m^2,17:14:18,28/6/17,Day of week:,Wednesday,33.88,Grade Celsius,
46,81.80,W/m^2,17:14:21,28/6/17,Day of week:,Wednesday,33.88,Grade Celsius,
53,81.80,W/m^2,17:14:24,28/6/17,Day of week:,Wednesday,33.81,Grade Celsius,
55,81.80,W/m^2,17:14:27,28/6/17,Day of week:,Wednesday,33.88,Grade Celsius,
52,87.64,W/m^2,17:14:31,28/6/17,Day of week:,Wednesday,33.88,Grade Celsius,
51,81.80,W/m^2,17:14:34,28/6/17,Day of week:,Wednesday,33.88,Grade Celsius,
54,81.80,W/m^2,17:14:37,28/6/17,Day of week:,Wednesday,33.88,Grade Celsius,
52,96.40,W/m^2,17:14:40,28/6/17,Day of week:,Wednesday,33.81,Grade Celsius,
55,73.03,W/m^2,17:14:43,28/6/17,Day of week:,Wednesday,33.75,Grade Celsius,
55,81.80,W/m^2,17:14:46,28/6/17,Day of week:,Wednesday,33.69,Grade Celsius,
55,81.80,W/m^2,17:14:49,28/6/17,Day of week:,Wednesday,33.69,Grade Celsius,
55,81.80,W/m^2,17:14:52,28/6/17,Day of week:,Wednesday,33.75,Grade Celsius,
65,81.80,W/m^2,17:14:55,28/6/17,Day of week:,Wednesday,33.75,Grade Celsius,
55,70.11,W/m^2,17:14:58,28/6/17,Day of week:,Wednesday,33.69,Grade Celsius,
53,81.80,W/m^2,17:15:01,28/6/17,Day of week:,Wednesday,33.63,Grade Celsius,
55,83.26,W/m^2,17:15:04,28/6/17,Day of week:,Wednesday,33.56,Grade Celsius,
52,87.64,W/m^2,17:15:07,28/6/17,Day of week:,Wednesday,33.56,Grade Celsius,
53,75.95,W/m^2,17:15:10,28/6/17,Day of week:,Wednesday,33.50,Grade Celsius,
55,81.80,W/m^2,17:15:13,28/6/17,Day of week:,Wednesday,33.56,Grade Celsius,
54,81.80,W/m^2,17:15:17,28/6/17,Day of week:,Wednesday,33.63,Grade Celsius,
55,81.80,W/m^2,17:15:20,28/6/17,Day of week:,Wednesday,33.63,Grade Celsius,
56,81.80,W/m^2,17:15:23,28/6/17,Day of week:,Wednesday,33.69,Grade Celsius,
58,81.80,W/m^2,17:15:26,28/6/17,Day of week:,Wednesday,33.69,Grade Celsius,
54,83.26,W/m^2,17:15:29,28/6/17,Day of week:,Wednesday,33.75,Grade Celsius,
54,81.80,W/m^2,17:15:32,28/6/17,Day of week:,Wednesday,33.75,Grade Celsius,
52,67.19,W/m^2,17:15:35,28/6/17,Day of week:,Wednesday,33.75,Grade Celsius,
61,83.26,W/m^2,17:15:38,28/6/17,Day of week:,Wednesday,33.69,Grade Celsius,
53,90.56,W/m^2,17:15:41,28/6/17,Day of week:,Wednesday,33.69,Grade Celsius,
53,77.41,W/m^2,17:15:44,28/6/17,Day of week:,Wednesday,33.69,Grade Celsius,
56,75.95,W/m^2,17:15:47,28/6/17,Day of week:,Wednesday,33.69,Grade Celsius,
50,77.41,W/m^2,17:15:50,28/6/17,Day of week:,Wednesday,33.69,Grade Celsius,
54,83.26,W/m^2,17:15:53,28/6/17,Day of week:,Wednesday,33.69,Grade Celsius,
51,75.95,W/m^2,17:15:56,28/6/17,Day of week:,Wednesday,33.63,Grade Celsius,
54,70.11,W/m^2,17:16:00,28/6/17,Day of week:,Wednesday,33.63,Grade Celsius,
54,77.41,W/m^2,17:16:03,28/6/17,Day of week:,Wednesday,33.69,Grade Celsius,
53,75.95,W/m^2,17:16:06,28/6/17,Day of week:,Wednesday,33.75,Grade Celsius,
55,81.80,W/m^2,17:16:09,28/6/17,Day of week:,Wednesday,33.75,Grade Celsius,
54,70.11,W/m^2,17:16:12,28/6/17,Day of week:,Wednesday,33.75,Grade Celsius,
54,75.95,W/m^2,17:16:15,28/6/17,Day of week:,Wednesday,33.69,Grade Celsius,
53,70.11,W/m^2,17:16:18,28/6/17,Day of week:,Wednesday,33.69,Grade Celsius,
52,81.80,W/m^2,17:16:21,28/6/17,Day of week:,Wednesday,33.69,Grade Celsius,
43,81.80,W/m^2,17:16:24,28/6/17,Day of week:,Wednesday,33.69,Grade Celsius,
57,81.80,W/m^2,17:16:27,28/6/17,Day of week:,Wednesday,33.69,Grade Celsius,
51,81.80,W/m^2,17:16:30,28/6/17,Day of week:,Wednesday,33.69,Grade Celsius,
52,81.80,W/m^2,17:16:33,28/6/17,Day of week:,Wednesday,33.69,Grade Celsius,
59,81.80,W/m^2,17:16:36,28/6/17,Day of week:,Wednesday,33.69,Grade Celsius,
54,87.64,W/m^2,17:16:39,28/6/17,Day of week:,Wednesday,33.75,Grade Celsius,
54,87.64,W/m^2,17:16:42,28/6/17,Day of week:,Wednesday,33.75,Grade Celsius,
45,78.87,W/m^2,17:16:45,28/6/17,Day of week:,Wednesday,33.81,Grade Celsius,
53,70.11,W/m^2,17:16:49,28/6/17,Day of week:,Wednesday,33.88,Grade Celsius,
54,70.11,W/m^2,17:16:52,28/6/17,Day of week:,Wednesday,33.88,Grade Celsius,
54,70.11,W/m^2,17:16:55,28/6/17,Day of week:,Wednesday,33.88,Grade Celsius,
50,75.95,W/m^2,17:16:58,28/6/17,Day of week:,Wednesday,33.81,Grade Celsius,
53,81.80,W/m^2,17:17:01,28/6/17,Day of week:,Wednesday,33.69,Grade Celsius,
53,87.64,W/m^2,17:17:04,28/6/17,Day of week:,Wednesday,33.63,Grade Celsius,
54,96.40,W/m^2,17:17:07,28/6/17,Day of week:,Wednesday,33.69,Grade Celsius,
53,93.48,W/m^2,17:17:10,28/6/17,Day of week:,Wednesday,33.69,Grade Celsius,
53,81.80,W/m^2,17:17:13,28/6/17,Day of week:,Wednesday,33.69,Grade Celsius,
54,81.80,W/m^2,17:17:16,28/6/17,Day of week:,Wednesday,33.75,Grade Celsius,
54,81.80,W/m^2,17:17:19,28/6/17,Day of week:,Wednesday,33.63,Grade Celsius,
53,78.87,W/m^2,17:17:22,28/6/17,Day of week:,Wednesday,33.69,Grade Celsius,
51,81.80,W/m^2,17:17:25,28/6/17,Day of week:,Wednesday,33.69,Grade Celsius,
52,81.80,W/m^2,17:17:28,28/6/17,Day of week:,Wednesday,33.63,Grade Celsius,
54,81.80,W/m^2,17:17:32,28/6/17,Day of week:,Wednesday,33.63,Grade Celsius,
52,75.95,W/m^2,17:17:35,28/6/17,Day of week:,Wednesday,33.56,Grade Celsius,
50,81.80,W/m^2,17:17:38,28/6/17,Day of week:,Wednesday,33.50,Grade Celsius,
53,87.64,W/m^2,17:17:41,28/6/17,Day of week:,Wednesday,33.56,Grade Celsius,
56,81.80,W/m^2,17:17:44,28/6/17,Day of week:,Wednesday,33.56,Grade Celsius,
53,81.80,W/m^2,17:17:47,28/6/17,Day of week:,Wednesday,33.50,Grade Celsius,
57,65.73,W/m^2,17:17:50,28/6/17,Day of week:,Wednesday,33.50,Grade Celsius,
61,81.80,W/m^2,17:17:53,28/6/17,Day of week:,Wednesday,33.50,Grade Celsius,
46,87.64,W/m^2,17:17:56,28/6/17,Day of week:,Wednesday,33.56,Grade Celsius,
43,81.80,W/m^2,17:17:59,28/6/17,Day of week:,Wednesday,33.56,Grade Celsius,
59,77.41,W/m^2,17:18:02,28/6/17,Day of week:,Wednesday,33.56,Grade Celsius,
52,74.49,W/m^2,17:18:05,28/6/17,Day of week:,Wednesday,33.56,Grade Celsius,
52,81.80,W/m^2,17:18:08,28/6/17,Day of week:,Wednesday,33.56,Grade Celsius,
53,81.80,W/m^2,17:18:11,28/6/17,Day of week:,Wednesday,33.44,Grade Celsius,
49,81.80,W/m^2,17:18:14,28/6/17,Day of week:,Wednesday,33.38,Grade Celsius,
50,81.80,W/m^2,17:18:18,28/6/17,Day of week:,Wednesday,33.38,Grade Celsius,
54,70.11,W/m^2,17:18:21,28/6/17,Day of week:,Wednesday,33.38,Grade Celsius,
54,70.11,W/m^2,17:18:24,28/6/17,Day of week:,Wednesday,33.38,Grade Celsius,
49,81.80,W/m^2,17:18:27,28/6/17,Day of week:,Wednesday,33.31,Grade Celsius,
53,83.26,W/m^2,17:18:30,28/6/17,Day of week:,Wednesday,33.31,Grade Celsius,
52,84.72,W/m^2,17:18:33,28/6/17,Day of week:,Wednesday,33.31,Grade Celsius,
54,87.64,W/m^2,17:18:36,28/6/17,Day of week:,Wednesday,33.31,Grade Celsius,
53,75.95,W/m^2,17:18:39,28/6/17,Day of week:,Wednesday,33.38,Grade Celsius,
52,75.95,W/m^2,17:18:42,28/6/17,Day of week:,Wednesday,33.38,Grade Celsius,
52,81.80,W/m^2,17:18:45,28/6/17,Day of week:,Wednesday,33.38,Grade Celsius,
53,81.80,W/m^2,17:18:48,28/6/17,Day of week:,Wednesday,33.38,Grade Celsius,
55,84.72,W/m^2,17:18:51,28/6/17,Day of week:,Wednesday,33.38,Grade Celsius,
52,81.80,W/m^2,17:18:54,28/6/17,Day of week:,Wednesday,33.38,Grade Celsius,
54,93.48,W/m^2,17:18:57,28/6/17,Day of week:,Wednesday,33.38,Grade Celsius,
61,93.48,W/m^2,17:19:00,28/6/17,Day of week:,Wednesday,33.38,Grade Celsius,
53,78.87,W/m^2,17:19:03,28/6/17,Day of week:,Wednesday,33.44,Grade Celsius,
54,78.87,W/m^2,17:19:07,28/6/17,Day of week:,Wednesday,33.38,Grade Celsius,
49,75.95,W/m^2,17:19:10,28/6/17,Day of week:,Wednesday,33.38,Grade Celsius,
51,81.80,W/m^2,17:19:13,28/6/17,Day of week:,Wednesday,33.38,Grade Celsius,
50,75.95,W/m^2,17:19:16,28/6/17,Day of week:,Wednesday,33.38,Grade Celsius,
51,75.95,W/m^2,17:19:19,28/6/17,Day of week:,Wednesday,33.31,Grade Celsius,
51,77.41,W/m^2,17:19:22,28/6/17,Day of week:,Wednesday,33.38,Grade Celsius,
50,89.10,W/m^2,17:19:25,28/6/17,Day of week:,Wednesday,33.38,Grade Celsius,
58,81.80,W/m^2,17:19:28,28/6/17,Day of week:,Wednesday,33.38,Grade Celsius,
57,81.80,W/m^2,17:19:31,28/6/17,Day of week:,Wednesday,33.44,Grade Celsius,
53,81.80,W/m^2,17:19:34,28/6/17,Day of week:,Wednesday,33.50,Grade Celsius,
54,78.87,W/m^2,17:19:37,28/6/17,Day of week:,Wednesday,33.56,Grade Celsius,
53,87.64,W/m^2,17:19:40,28/6/17,Day of week:,Wednesday,33.63,Grade Celsius,
63,75.95,W/m^2,17:19:43,28/6/17,Day of week:,Wednesday,33.69,Grade Celsius,
51,78.87,W/m^2,17:19:46,28/6/17,Day of week:,Wednesday,33.69,Grade Celsius,
56,81.80,W/m^2,17:19:49,28/6/17,Day of week:,Wednesday,33.75,Grade Celsius,
53,83.26,W/m^2,17:19:53,28/6/17,Day of week:,Wednesday,33.75,Grade Celsius,
64,81.80,W/m^2,17:19:56,28/6/17,Day of week:,Wednesday,33.81,Grade Celsius,
54,93.48,W/m^2,17:19:59,28/6/17,Day of week:,Wednesday,33.81,Grade Celsius,
54,81.80,W/m^2,17:20:02,28/6/17,Day of week:,Wednesday,33.81,Grade Celsius,
42,71.57,W/m^2,17:20:05,28/6/17,Day of week:,Wednesday,33.81,Grade Celsius,
53,77.41,W/m^2,17:20:08,28/6/17,Day of week:,Wednesday,33.81,Grade Celsius,
51,78.87,W/m^2,17:20:11,28/6/17,Day of week:,Wednesday,33.88,Grade Celsius,
55,93.48,W/m^2,17:20:14,28/6/17,Day of week:,Wednesday,33.88,Grade Celsius,
47,75.95,W/m^2,17:20:17,28/6/17,Day of week:,Wednesday,33.88,Grade Celsius,
49,70.11,W/m^2,17:20:20,28/6/17,Day of week:,Wednesday,33.81,Grade Celsius,
44,73.03,W/m^2,17:20:23,28/6/17,Day of week:,Wednesday,33.75,Grade Celsius,
51,77.41,W/m^2,17:20:26,28/6/17,Day of week:,Wednesday,33.75,Grade Celsius,
50,81.80,W/m^2,17:20:29,28/6/17,Day of week:,Wednesday,33.75,Grade Celsius,
53,81.80,W/m^2,17:20:32,28/6/17,Day of week:,Wednesday,33.75,Grade Celsius,
52,81.80,W/m^2,17:20:35,28/6/17,Day of week:,Wednesday,33.81,Grade Celsius,
53,77.41,W/m^2,17:20:39,28/6/17,Day of week:,Wednesday,33.81,Grade Celsius,
45,81.80,W/m^2,17:20:42,28/6/17,Day of week:,Wednesday,33.81,Grade Celsius,
52,81.80,W/m^2,17:20:45,28/6/17,Day of week:,Wednesday,33.81,Grade Celsius,
52,75.95,W/m^2,17:20:48,28/6/17,Day of week:,Wednesday,33.88,Grade Celsius,
52,75.95,W/m^2,17:20:51,28/6/17,Day of week:,Wednesday,33.81,Grade Celsius,
52,81.80,W/m^2,17:20:54,28/6/17,Day of week:,Wednesday,33.75,Grade Celsius,
53,75.95,W/m^2,17:20:57,28/6/17,Day of week:,Wednesday,33.75,Grade Celsius,
52,75.95,W/m^2,17:21:00,28/6/17,Day of week:,Wednesday,33.69,Grade Celsius,
49,75.95,W/m^2,17:21:03,28/6/17,Day of week:,Wednesday,33.75,Grade Celsius,
51,75.95,W/m^2,17:21:06,28/6/17,Day of week:,Wednesday,33.75,Grade Celsius,
51,70.11,W/m^2,17:21:09,28/6/17,Day of week:,Wednesday,33.63,Grade Celsius,
51,75.95,W/m^2,17:21:12,28/6/17,Day of week:,Wednesday,33.50,Grade Celsius,
47,70.11,W/m^2,17:21:15,28/6/17,Day of week:,Wednesday,33.50,Grade Celsius,
47,74.49,W/m^2,17:21:18,28/6/17,Day of week:,Wednesday,33.50,Grade Celsius,
60,81.80,W/m^2,17:21:22,28/6/17,Day of week:,Wednesday,33.50,Grade Celsius,
51,81.80,W/m^2,17:21:25,28/6/17,Day of week:,Wednesday,33.56,Grade Celsius,
54,75.95,W/m^2,17:21:28,28/6/17,Day of week:,Wednesday,33.63,Grade Celsius,
53,78.87,W/m^2,17:21:31,28/6/17,Day of week:,Wednesday,33.63,Grade Celsius,
52,75.95,W/m^2,17:21:34,28/6/17,Day of week:,Wednesday,33.69,Grade Celsius,
51,64.27,W/m^2,17:21:37,28/6/17,Day of week:,Wednesday,33.63,Grade Celsius,
52,75.95,W/m^2,17:21:40,28/6/17,Day of week:,Wednesday,33.63,Grade Celsius,
51,81.80,W/m^2,17:21:43,28/6/17,Day of week:,Wednesday,33.63,Grade Celsius,
51,78.87,W/m^2,17:21:46,28/6/17,Day of week:,Wednesday,33.63,Grade Celsius,
49,75.95,W/m^2,17:21:49,28/6/17,Day of week:,Wednesday,33.63,Grade Celsius,
54,73.03,W/m^2,17:21:52,28/6/17,Day of week:,Wednesday,33.69,Grade Celsius,
55,70.11,W/m^2,17:21:55,28/6/17,Day of week:,Wednesday,33.56,Grade Celsius,
44,75.95,W/m^2,17:21:58,28/6/17,Day of week:,Wednesday,33.56,Grade Celsius,
50,81.80,W/m^2,17:22:01,28/6/17,Day of week:,Wednesday,33.56,Grade Celsius,
53,75.95,W/m^2,17:22:04,28/6/17,Day of week:,Wednesday,33.50,Grade Celsius,
44,77.41,W/m^2,17:22:07,28/6/17,Day of week:,Wednesday,33.56,Grade Celsius,
51,75.95,W/m^2,17:22:11,28/6/17,Day of week:,Wednesday,33.50,Grade Celsius,
60,73.03,W/m^2,17:22:14,28/6/17,Day of week:,Wednesday,33.44,Grade Celsius,
52,78.87,W/m^2,17:22:17,28/6/17,Day of week:,Wednesday,33.44,Grade Celsius,
55,87.64,W/m^2,17:22:20,28/6/17,Day of week:,Wednesday,33.44,Grade Celsius,
52,73.03,W/m^2,17:22:23,28/6/17,Day of week:,Wednesday,33.50,Grade Celsius,
51,93.48,W/m^2,17:22:26,28/6/17,Day of week:,Wednesday,33.50,Grade Celsius,
52,75.95,W/m^2,17:22:29,28/6/17,Day of week:,Wednesday,33.50,Grade Celsius,
49,75.95,W/m^2,17:22:32,28/6/17,Day of week:,Wednesday,33.56,Grade Celsius,
50,75.95,W/m^2,17:22:35,28/6/17,Day of week:,Wednesday,33.63,Grade Celsius,
51,75.95,W/m^2,17:22:38,28/6/17,Day of week:,Wednesday,33.63,Grade Celsius,
49,64.27,W/m^2,17:22:41,28/6/17,Day of week:,Wednesday,33.69,Grade Celsius,
49,73.03,W/m^2,17:22:44,28/6/17,Day of week:,Wednesday,33.69,Grade Celsius,
51,77.41,W/m^2,17:22:48,28/6/17,Day of week:,Wednesday,33.75,Grade Celsius,
51,75.95,W/m^2,17:22:51,28/6/17,Day of week:,Wednesday,33.75,Grade Celsius,
52,75.95,W/m^2,17:22:54,28/6/17,Day of week:,Wednesday,33.75,Grade Celsius,
51,77.41,W/m^2,17:22:57,28/6/17,Day of week:,Wednesday,33.75,Grade Celsius,
47,70.11,W/m^2,17:23:00,28/6/17,Day of week:,Wednesday,33.75,Grade Celsius,
61,89.10,W/m^2,17:23:03,28/6/17,Day of week:,Wednesday,33.75,Grade Celsius,
50,78.87,W/m^2,17:23:06,28/6/17,Day of week:,Wednesday,33.81,Grade Celsius,
50,67.19,W/m^2,17:23:09,28/6/17,Day of week:,Wednesday,33.81,Grade Celsius,
51,78.87,W/m^2,17:23:12,28/6/17,Day of week:,Wednesday,33.75,Grade Celsius,
50,75.95,W/m^2,17:23:15,28/6/17,Day of week:,Wednesday,33.75,Grade Celsius,
53,74.49,W/m^2,17:23:18,28/6/17,Day of week:,Wednesday,33.75,Grade Celsius,
49,73.03,W/m^2,17:23:21,28/6/17,Day of week:,Wednesday,33.75,Grade Celsius,
53,64.27,W/m^2,17:23:24,28/6/17,Day of week:,Wednesday,33.69,Grade Celsius,
51,75.95,W/m^2,17:23:27,28/6/17,Day of week:,Wednesday,33.69,Grade Celsius,
51,75.95,W/m^2,17:23:30,28/6/17,Day of week:,Wednesday,33.69,Grade Celsius,
57,78.87,W/m^2,17:23:34,28/6/17,Day of week:,Wednesday,33.75,Grade Celsius,
51,75.95,W/m^2,17:23:37,28/6/17,Day of week:,Wednesday,33.75,Grade Celsius,
51,75.95,W/m^2,17:23:40,28/6/17,Day of week:,Wednesday,33.81,Grade Celsius,
59,75.95,W/m^2,17:23:43,28/6/17,Day of week:,Wednesday,33.81,Grade Celsius,
51,61.35,W/m^2,17:23:46,28/6/17,Day of week:,Wednesday,33.88,Grade Celsius,
44,75.95,W/m^2,17:23:49,28/6/17,Day of week:,Wednesday,33.88,Grade Celsius,
50,64.27,W/m^2,17:23:52,28/6/17,Day of week:,Wednesday,33.88,Grade Celsius,
53,73.03,W/m^2,17:23:55,28/6/17,Day of week:,Wednesday,33.88,Grade Celsius,
50,78.87,W/m^2,17:23:58,28/6/17,Day of week:,Wednesday,33.88,Grade Celsius,
46,70.11,W/m^2,17:24:01,28/6/17,Day of week:,Wednesday,33.81,Grade Celsius,
51,75.95,W/m^2,17:24:04,28/6/17,Day of week:,Wednesday,33.75,Grade Celsius,
54,77.41,W/m^2,17:24:07,28/6/17,Day of week:,Wednesday,33.69,Grade Celsius,
49,64.27,W/m^2,17:24:10,28/6/17,Day of week:,Wednesday,33.63,Grade Celsius,
43,73.03,W/m^2,17:24:13,28/6/17,Day of week:,Wednesday,33.56,Grade Celsius,
49,73.03,W/m^2,17:24:16,28/6/17,Day of week:,Wednesday,33.50,Grade Celsius,
46,73.03,W/m^2,17:24:20,28/6/17,Day of week:,Wednesday,33.50,Grade Celsius,
50,65.73,W/m^2,17:24:23,28/6/17,Day of week:,Wednesday,33.50,Grade Celsius,
48,64.27,W/m^2,17:24:26,28/6/17,Day of week:,Wednesday,33.50,Grade Celsius,
49,77.41,W/m^2,17:24:29,28/6/17,Day of week:,Wednesday,33.50,Grade Celsius,
51,77.41,W/m^2,17:24:32,28/6/17,Day of week:,Wednesday,33.50,Grade Celsius,
52,75.95,W/m^2,17:24:35,28/6/17,Day of week:,Wednesday,33.44,Grade Celsius,
59,75.95,W/m^2,17:24:38,28/6/17,Day of week:,Wednesday,33.44,Grade Celsius,
51,73.03,W/m^2,17:24:41,28/6/17,Day of week:,Wednesday,33.44,Grade Celsius,
50,75.95,W/m^2,17:24:44,28/6/17,Day of week:,Wednesday,33.38,Grade Celsius,
55,74.49,W/m^2,17:24:47,28/6/17,Day of week:,Wednesday,33.44,Grade Celsius,
47,81.80,W/m^2,17:24:50,28/6/17,Day of week:,Wednesday,33.44,Grade Celsius,
44,77.41,W/m^2,17:24:53,28/6/17,Day of week:,Wednesday,33.50,Grade Celsius,
51,77.41,W/m^2,17:24:56,28/6/17,Day of week:,Wednesday,33.50,Grade Celsius,
51,75.95,W/m^2,17:24:59,28/6/17,Day of week:,Wednesday,33.50,Grade Celsius,
51,70.11,W/m^2,17:25:02,28/6/17,Day of week:,Wednesday,33.38,Grade Celsius,
51,81.80,W/m^2,17:25:05,28/6/17,Day of week:,Wednesday,33.38,Grade Celsius,
48,65.73,W/m^2,17:25:09,28/6/17,Day of week:,Wednesday,33.25,Grade Celsius,
58,75.95,W/m^2,17:25:12,28/6/17,Day of week:,Wednesday,33.19,Grade Celsius,
47,70.11,W/m^2,17:25:15,28/6/17,Day of week:,Wednesday,33.13,Grade Celsius,
51,71.57,W/m^2,17:25:18,28/6/17,Day of week:,Wednesday,33.13,Grade Celsius,
49,73.03,W/m^2,17:25:21,28/6/17,Day of week:,Wednesday,33.13,Grade Celsius,
48,70.11,W/m^2,17:25:24,28/6/17,Day of week:,Wednesday,33.13,Grade Celsius,
47,61.35,W/m^2,17:25:27,28/6/17,Day of week:,Wednesday,33.06,Grade Celsius,
49,81.80,W/m^2,17:25:30,28/6/17,Day of week:,Wednesday,33.13,Grade Celsius,
57,75.95,W/m^2,17:25:33,28/6/17,Day of week:,Wednesday,33.13,Grade Celsius,
52,73.03,W/m^2,17:25:36,28/6/17,Day of week:,Wednesday,33.13,Grade Celsius,
43,73.03,W/m^2,17:25:39,28/6/17,Day of week:,Wednesday,33.19,Grade Celsius,
57,73.03,W/m^2,17:25:42,28/6/17,Day of week:,Wednesday,33.25,Grade Celsius,
49,74.49,W/m^2,17:25:45,28/6/17,Day of week:,Wednesday,33.25,Grade Celsius,
48,70.11,W/m^2,17:25:48,28/6/17,Day of week:,Wednesday,33.25,Grade Celsius,
46,81.80,W/m^2,17:25:52,28/6/17,Day of week:,Wednesday,33.25,Grade Celsius,
50,73.03,W/m^2,17:25:55,28/6/17,Day of week:,Wednesday,33.25,Grade Celsius,
59,64.27,W/m^2,17:25:58,28/6/17,Day of week:,Wednesday,33.25,Grade Celsius,
57,73.03,W/m^2,17:26:01,28/6/17,Day of week:,Wednesday,33.31,Grade Celsius,
48,75.95,W/m^2,17:26:04,28/6/17,Day of week:,Wednesday,33.31,Grade Celsius,
42,71.57,W/m^2,17:26:07,28/6/17,Day of week:,Wednesday,33.31,Grade Celsius,
49,73.03,W/m^2,17:26:10,28/6/17,Day of week:,Wednesday,33.31,Grade Celsius,
49,61.35,W/m^2,17:26:13,28/6/17,Day of week:,Wednesday,33.31,Grade Celsius,
49,75.95,W/m^2,17:26:16,28/6/17,Day of week:,Wednesday,33.25,Grade Celsius,
49,73.03,W/m^2,17:26:19,28/6/17,Day of week:,Wednesday,33.25,Grade Celsius,
49,65.73,W/m^2,17:26:22,28/6/17,Day of week:,Wednesday,33.19,Grade Celsius,
49,75.95,W/m^2,17:26:25,28/6/17,Day of week:,Wednesday,33.19,Grade Celsius,
46,75.95,W/m^2,17:26:28,28/6/17,Day of week:,Wednesday,33.19,Grade Celsius,
51,75.95,W/m^2,17:26:31,28/6/17,Day of week:,Wednesday,33.19,Grade Celsius,
51,75.95,W/m^2,17:26:34,28/6/17,Day of week:,Wednesday,33.13,Grade Celsius,
49,81.80,W/m^2,17:26:37,28/6/17,Day of week:,Wednesday,33.13,Grade Celsius,
54,65.73,W/m^2,17:26:41,28/6/17,Day of week:,Wednesday,33.13,Grade Celsius,
50,73.03,W/m^2,17:26:44,28/6/17,Day of week:,Wednesday,33.19,Grade Celsius,
49,65.73,W/m^2,17:26:47,28/6/17,Day of week:,Wednesday,33.13,Grade Celsius,
48,71.57,W/m^2,17:26:50,28/6/17,Day of week:,Wednesday,33.19,Grade Celsius,
49,70.11,W/m^2,17:26:53,28/6/17,Day of week:,Wednesday,33.19,Grade Celsius,
49,73.03,W/m^2,17:26:56,28/6/17,Day of week:,Wednesday,33.25,Grade Celsius,
41,77.41,W/m^2,17:26:59,28/6/17,Day of week:,Wednesday,33.25,Grade Celsius,
46,81.80,W/m^2,17:27:02,28/6/17,Day of week:,Wednesday,33.25,Grade Celsius,
48,73.03,W/m^2,17:27:05,28/6/17,Day of week:,Wednesday,33.25,Grade Celsius,
49,75.95,W/m^2,17:27:08,28/6/17,Day of week:,Wednesday,33.25,Grade Celsius,
48,81.80,W/m^2,17:27:11,28/6/17,Day of week:,Wednesday,33.25,Grade Celsius,
51,75.95,W/m^2,17:27:14,28/6/17,Day of week:,Wednesday,33.25,Grade Celsius,
50,70.11,W/m^2,17:27:17,28/6/17,Day of week:,Wednesday,33.31,Grade Celsius,
50,81.80,W/m^2,17:27:20,28/6/17,Day of week:,Wednesday,33.31,Grade Celsius,
49,73.03,W/m^2,17:27:23,28/6/17,Day of week:,Wednesday,33.38,Grade Celsius,
50,81.80,W/m^2,17:27:27,28/6/17,Day of week:,Wednesday,33.38,Grade Celsius,
50,75.95,W/m^2,17:27:30,28/6/17,Day of week:,Wednesday,33.44,Grade Celsius,
52,78.87,W/m^2,17:27:33,28/6/17,Day of week:,Wednesday,33.44,Grade Celsius,
50,64.27,W/m^2,17:27:36,28/6/17,Day of week:,Wednesday,33.44,Grade Celsius,
50,70.11,W/m^2,17:27:39,28/6/17,Day of week:,Wednesday,33.38,Grade Celsius,
49,71.57,W/m^2,17:27:42,28/6/17,Day of week:,Wednesday,33.25,Grade Celsius,
48,74.49,W/m^2,17:27:45,28/6/17,Day of week:,Wednesday,33.25,Grade Celsius,
48,75.95,W/m^2,17:27:48,28/6/17,Day of week:,Wednesday,33.31,Grade Celsius,
50,75.95,W/m^2,17:27:51,28/6/17,Day of week:,Wednesday,33.31,Grade Celsius,
50,87.64,W/m^2,17:27:54,28/6/17,Day of week:,Wednesday,33.38,Grade Celsius,
53,75.95,W/m^2,17:27:57,28/6/17,Day of week:,Wednesday,33.38,Grade Celsius,
50,64.27,W/m^2,17:28:00,28/6/17,Day of week:,Wednesday,33.44,Grade Celsius,
49,73.03,W/m^2,17:28:03,28/6/17,Day of week:,Wednesday,33.50,Grade Celsius,
51,70.11,W/m^2,17:28:06,28/6/17,Day of week:,Wednesday,33.50,Grade Celsius,
50,81.80,W/m^2,17:28:10,28/6/17,Day of week:,Wednesday,33.50,Grade Celsius,
50,70.11,W/m^2,17:28:13,28/6/17,Day of week:,Wednesday,33.56,Grade Celsius,
45,61.35,W/m^2,17:28:16,28/6/17,Day of week:,Wednesday,33.63,Grade Celsius,
49,75.95,W/m^2,17:28:19,28/6/17,Day of week:,Wednesday,33.56,Grade Celsius,
44,77.41,W/m^2,17:28:22,28/6/17,Day of week:,Wednesday,33.63,Grade Celsius,
48,73.03,W/m^2,17:28:25,28/6/17,Day of week:,Wednesday,33.56,Grade Celsius,
48,75.95,W/m^2,17:28:28,28/6/17,Day of week:,Wednesday,33.63,Grade Celsius,
57,75.95,W/m^2,17:28:31,28/6/17,Day of week:,Wednesday,33.50,Grade Celsius,
50,77.41,W/m^2,17:28:34,28/6/17,Day of week:,Wednesday,33.50,Grade Celsius,
50,70.11,W/m^2,17:28:37,28/6/17,Day of week:,Wednesday,33.56,Grade Celsius,
49,70.11,W/m^2,17:28:40,28/6/17,Day of week:,Wednesday,33.44,Grade Celsius,
49,70.11,W/m^2,17:28:43,28/6/17,Day of week:,Wednesday,33.38,Grade Celsius,
49,73.03,W/m^2,17:28:46,28/6/17,Day of week:,Wednesday,33.31,Grade Celsius,
46,70.11,W/m^2,17:28:49,28/6/17,Day of week:,Wednesday,33.31,Grade Celsius,
46,70.11,W/m^2,17:28:52,28/6/17,Day of week:,Wednesday,33.31,Grade Celsius,
45,64.27,W/m^2,17:28:56,28/6/17,Day of week:,Wednesday,33.31,Grade Celsius,
39,70.11,W/m^2,17:28:59,28/6/17,Day of week:,Wednesday,33.31,Grade Celsius,
53,75.95,W/m^2,17:29:02,28/6/17,Day of week:,Wednesday,33.31,Grade Celsius,
50,71.57,W/m^2,17:29:05,28/6/17,Day of week:,Wednesday,33.31,Grade Celsius,
40,75.95,W/m^2,17:29:08,28/6/17,Day of week:,Wednesday,33.25,Grade Celsius,
42,71.57,W/m^2,17:29:11,28/6/17,Day of week:,Wednesday,33.25,Grade Celsius,
46,73.03,W/m^2,17:29:14,28/6/17,Day of week:,Wednesday,33.25,Grade Celsius,
47,70.11,W/m^2,17:29:17,28/6/17,Day of week:,Wednesday,33.31,Grade Celsius,
47,71.57,W/m^2,17:29:20,28/6/17,Day of week:,Wednesday,33.31,Grade Celsius,
47,83.26,W/m^2,17:29:23,28/6/17,Day of week:,Wednesday,33.38,Grade Celsius,
45,81.80,W/m^2,17:29:26,28/6/17,Day of week:,Wednesday,33.38,Grade Celsius,
47,74.49,W/m^2,17:29:29,28/6/17,Day of week:,Wednesday,33.31,Grade Celsius,
49,73.03,W/m^2,17:29:32,28/6/17,Day of week:,Wednesday,33.31,Grade Celsius,
41,71.57,W/m^2,17:29:35,28/6/17,Day of week:,Wednesday,33.31,Grade Celsius,
47,75.95,W/m^2,17:29:38,28/6/17,Day of week:,Wednesday,33.25,Grade Celsius,
47,83.26,W/m^2,17:29:42,28/6/17,Day of week:,Wednesday,33.31,Grade Celsius,
47,70.11,W/m^2,17:29:45,28/6/17,Day of week:,Wednesday,33.25,Grade Celsius,
46,75.95,W/m^2,17:29:48,28/6/17,Day of week:,Wednesday,33.19,Grade Celsius,
48,78.87,W/m^2,17:29:51,28/6/17,Day of week:,Wednesday,33.19,Grade Celsius,
50,70.11,W/m^2,17:29:54,28/6/17,Day of week:,Wednesday,33.19,Grade Celsius,
49,70.11,W/m^2,17:29:57,28/6/17,Day of week:,Wednesday,33.13,Grade Celsius,
44,67.19,W/m^2,17:30:00,28/6/17,Day of week:,Wednesday,33.06,Grade Celsius,
47,71.57,W/m^2,17:30:03,28/6/17,Day of week:,Wednesday,33.13,Grade Celsius,
47,70.11,W/m^2,17:30:06,28/6/17,Day of week:,Wednesday,33.06,Grade Celsius,
49,70.11,W/m^2,17:30:09,28/6/17,Day of week:,Wednesday,33.06,Grade Celsius,
46,71.57,W/m^2,17:30:12,28/6/17,Day of week:,Wednesday,33.06,Grade Celsius,
51,70.11,W/m^2,17:30:15,28/6/17,Day of week:,Wednesday,33.13,Grade Celsius,
43,71.57,W/m^2,17:30:18,28/6/17,Day of week:,Wednesday,33.06,Grade Celsius,
43,77.41,W/m^2,17:30:21,28/6/17,Day of week:,Wednesday,33.06,Grade Celsius,
47,70.11,W/m^2,17:30:24,28/6/17,Day of week:,Wednesday,33.00,Grade Celsius,
47,77.41,W/m^2,17:30:27,28/6/17,Day of week:,Wednesday,33.00,Grade Celsius,
40,70.11,W/m^2,17:30:31,28/6/17,Day of week:,Wednesday,33.00,Grade Celsius,
44,73.03,W/m^2,17:30:34,28/6/17,Day of week:,Wednesday,33.00,Grade Celsius,
47,70.11,W/m^2,17:30:37,28/6/17,Day of week:,Wednesday,33.06,Grade Celsius,
47,73.03,W/m^2,17:30:40,28/6/17,Day of week:,Wednesday,33.06,Grade Celsius,
49,73.03,W/m^2,17:30:43,28/6/17,Day of week:,Wednesday,33.13,Grade Celsius,
43,70.11,W/m^2,17:30:46,28/6/17,Day of week:,Wednesday,33.13,Grade Celsius,
43,70.11,W/m^2,17:30:49,28/6/17,Day of week:,Wednesday,33.13,Grade Celsius,
50,71.57,W/m^2,17:30:52,28/6/17,Day of week:,Wednesday,33.13,Grade Celsius,
48,71.57,W/m^2,17:30:55,28/6/17,Day of week:,Wednesday,33.19,Grade Celsius,
47,67.19,W/m^2,17:30:58,28/6/17,Day of week:,Wednesday,33.19,Grade Celsius,
46,70.11,W/m^2,17:31:01,28/6/17,Day of week:,Wednesday,33.13,Grade Celsius,
46,70.11,W/m^2,17:31:04,28/6/17,Day of week:,Wednesday,33.19,Grade Celsius,
40,64.27,W/m^2,17:31:07,28/6/17,Day of week:,Wednesday,33.25,Grade Celsius,
47,77.41,W/m^2,17:31:10,28/6/17,Day of week:,Wednesday,33.25,Grade Celsius,
48,64.27,W/m^2,17:31:14,28/6/17,Day of week:,Wednesday,33.19,Grade Celsius,
50,70.11,W/m^2,17:31:17,28/6/17,Day of week:,Wednesday,33.13,Grade Celsius,
49,70.11,W/m^2,17:31:20,28/6/17,Day of week:,Wednesday,33.13,Grade Celsius,
51,70.11,W/m^2,17:31:23,28/6/17,Day of week:,Wednesday,33.19,Grade Celsius,
46,70.11,W/m^2,17:31:26,28/6/17,Day of week:,Wednesday,33.19,Grade Celsius,
56,70.11,W/m^2,17:31:29,28/6/17,Day of week:,Wednesday,33.19,Grade Celsius,
45,70.11,W/m^2,17:31:32,28/6/17,Day of week:,Wednesday,33.19,Grade Celsius,
47,70.11,W/m^2,17:31:35,28/6/17,Day of week:,Wednesday,33.19,Grade Celsius,
47,73.03,W/m^2,17:31:38,28/6/17,Day of week:,Wednesday,33.19,Grade Celsius,
45,71.57,W/m^2,17:31:41,28/6/17,Day of week:,Wednesday,33.19,Grade Celsius,
49,71.57,W/m^2,17:31:44,28/6/17,Day of week:,Wednesday,33.25,Grade Celsius,
48,73.03,W/m^2,17:31:47,28/6/17,Day of week:,Wednesday,33.25,Grade Celsius,
48,73.03,W/m^2,17:31:50,28/6/17,Day of week:,Wednesday,33.31,Grade Celsius,
49,70.11,W/m^2,17:31:53,28/6/17,Day of week:,Wednesday,33.38,Grade Celsius,
47,70.11,W/m^2,17:31:56,28/6/17,Day of week:,Wednesday,33.38,Grade Celsius,
41,70.11,W/m^2,17:32:00,28/6/17,Day of week:,Wednesday,33.38,Grade Celsius,
45,70.11,W/m^2,17:32:03,28/6/17,Day of week:,Wednesday,33.44,Grade Celsius,
49,70.11,W/m^2,17:32:06,28/6/17,Day of week:,Wednesday,33.44,Grade Celsius,
49,77.41,W/m^2,17:32:09,28/6/17,Day of week:,Wednesday,33.44,Grade Celsius,
43,65.73,W/m^2,17:32:12,28/6/17,Day of week:,Wednesday,33.50,Grade Celsius,
49,84.72,W/m^2,17:32:15,28/6/17,Day of week:,Wednesday,33.44,Grade Celsius,
47,75.95,W/m^2,17:32:18,28/6/17,Day of week:,Wednesday,33.50,Grade Celsius,
53,71.57,W/m^2,17:32:21,28/6/17,Day of week:,Wednesday,33.44,Grade Celsius,
47,70.11,W/m^2,17:32:24,28/6/17,Day of week:,Wednesday,33.44,Grade Celsius,
47,70.11,W/m^2,17:32:27,28/6/17,Day of week:,Wednesday,33.44,Grade Celsius,
45,58.43,W/m^2,17:32:30,28/6/17,Day of week:,Wednesday,33.44,Grade Celsius,
49,70.11,W/m^2,17:32:33,28/6/17,Day of week:,Wednesday,33.44,Grade Celsius,
48,70.11,W/m^2,17:32:36,28/6/17,Day of week:,Wednesday,33.44,Grade Celsius,
51,71.57,W/m^2,17:32:39,28/6/17,Day of week:,Wednesday,33.50,Grade Celsius,
49,70.11,W/m^2,17:32:42,28/6/17,Day of week:,Wednesday,33.50,Grade Celsius,
48,65.73,W/m^2,17:32:45,28/6/17,Day of week:,Wednesday,33.50,Grade Celsius,
49,74.49,W/m^2,17:32:49,28/6/17,Day of week:,Wednesday,33.50,Grade Celsius,
46,70.11,W/m^2,17:32:52,28/6/17,Day of week:,Wednesday,33.56,Grade Celsius,
51,70.11,W/m^2,17:32:55,28/6/17,Day of week:,Wednesday,33.56,Grade Celsius,
47,65.73,W/m^2,17:32:58,28/6/17,Day of week:,Wednesday,33.63,Grade Celsius,
48,73.03,W/m^2,17:33:01,28/6/17,Day of week:,Wednesday,33.63,Grade Celsius,
47,71.57,W/m^2,17:33:04,28/6/17,Day of week:,Wednesday,33.63,Grade Celsius,
49,61.35,W/m^2,17:33:07,28/6/17,Day of week:,Wednesday,33.69,Grade Celsius,
44,70.11,W/m^2,17:33:10,28/6/17,Day of week:,Wednesday,33.69,Grade Celsius,
48,75.95,W/m^2,17:33:13,28/6/17,Day of week:,Wednesday,33.75,Grade Celsius,
47,81.80,W/m^2,17:33:16,28/6/17,Day of week:,Wednesday,33.75,Grade Celsius,
49,81.80,W/m^2,17:33:19,28/6/17,Day of week:,Wednesday,33.75,Grade Celsius,
46,70.11,W/m^2,17:33:22,28/6/17,Day of week:,Wednesday,33.81,Grade Celsius,
48,73.03,W/m^2,17:33:26,28/6/17,Day of week:,Wednesday,33.81,Grade Celsius,
46,71.57,W/m^2,17:33:29,28/6/17,Day of week:,Wednesday,33.88,Grade Celsius,
56,73.03,W/m^2,17:33:32,28/6/17,Day of week:,Wednesday,33.88,Grade Celsius,
52,58.43,W/m^2,17:33:35,28/6/17,Day of week:,Wednesday,33.94,Grade Celsius,
44,73.03,W/m^2,17:33:38,28/6/17,Day of week:,Wednesday,33.94,Grade Celsius,
48,73.03,W/m^2,17:33:41,28/6/17,Day of week:,Wednesday,33.94,Grade Celsius,
41,73.03,W/m^2,17:33:44,28/6/17,Day of week:,Wednesday,34.00,Grade Celsius,
42,73.03,W/m^2,17:33:47,28/6/17,Day of week:,Wednesday,34.00,Grade Celsius,
48,75.95,W/m^2,17:33:50,28/6/17,Day of week:,Wednesday,34.00,Grade Celsius,
48,73.03,W/m^2,17:33:53,28/6/17,Day of week:,Wednesday,33.94,Grade Celsius,
49,61.35,W/m^2,17:33:56,28/6/17,Day of week:,Wednesday,33.94,Grade Celsius,
47,58.43,W/m^2,17:33:59,28/6/17,Day of week:,Wednesday,33.88,Grade Celsius,
40,71.57,W/m^2,17:34:02,28/6/17,Day of week:,Wednesday,33.81,Grade Celsius,
48,70.11,W/m^2,17:34:05,28/6/17,Day of week:,Wednesday,33.75,Grade Celsius,
40,73.03,W/m^2,17:34:08,28/6/17,Day of week:,Wednesday,33.69,Grade Celsius,
48,75.95,W/m^2,17:34:12,28/6/17,Day of week:,Wednesday,33.63,Grade Celsius,
54,73.03,W/m^2,17:34:15,28/6/17,Day of week:,Wednesday,33.63,Grade Celsius,
42,73.03,W/m^2,17:34:18,28/6/17,Day of week:,Wednesday,33.63,Grade Celsius,
46,61.35,W/m^2,17:34:21,28/6/17,Day of week:,Wednesday,33.63,Grade Celsius,
46,71.57,W/m^2,17:34:24,28/6/17,Day of week:,Wednesday,33.63,Grade Celsius,
47,74.49,W/m^2,17:34:27,28/6/17,Day of week:,Wednesday,33.69,Grade Celsius,
46,70.11,W/m^2,17:34:30,28/6/17,Day of week:,Wednesday,33.69,Grade Celsius,
47,70.11,W/m^2,17:34:33,28/6/17,Day of week:,Wednesday,33.69,Grade Celsius,
51,64.27,W/m^2,17:34:36,28/6/17,Day of week:,Wednesday,33.69,Grade Celsius,
52,70.11,W/m^2,17:34:39,28/6/17,Day of week:,Wednesday,33.63,Grade Celsius,
49,73.03,W/m^2,17:34:42,28/6/17,Day of week:,Wednesday,33.69,Grade Celsius,
49,70.11,W/m^2,17:34:45,28/6/17,Day of week:,Wednesday,33.63,Grade Celsius,
48,70.11,W/m^2,17:34:48,28/6/17,Day of week:,Wednesday,33.63,Grade Celsius,
48,73.03,W/m^2,17:34:51,28/6/17,Day of week:,Wednesday,33.56,Grade Celsius,
48,59.89,W/m^2,17:34:54,28/6/17,Day of week:,Wednesday,33.63,Grade Celsius,
44,64.27,W/m^2,17:34:57,28/6/17,Day of week:,Wednesday,33.63,Grade Celsius,
47,73.03,W/m^2,17:35:01,28/6/17,Day of week:,Wednesday,33.69,Grade Celsius,
48,71.57,W/m^2,17:35:04,28/6/17,Day of week:,Wednesday,33.69,Grade Celsius,
48,71.57,W/m^2,17:35:07,28/6/17,Day of week:,Wednesday,33.69,Grade Celsius,
46,70.11,W/m^2,17:35:10,28/6/17,Day of week:,Wednesday,33.75,Grade Celsius,
49,70.11,W/m^2,17:35:13,28/6/17,Day of week:,Wednesday,33.75,Grade Celsius,
48,70.11,W/m^2,17:35:16,28/6/17,Day of week:,Wednesday,33.75,Grade Celsius,
49,73.03,W/m^2,17:35:19,28/6/17,Day of week:,Wednesday,33.81,Grade Celsius,
46,61.35,W/m^2,17:35:22,28/6/17,Day of week:,Wednesday,33.81,Grade Celsius,
46,73.03,W/m^2,17:35:25,28/6/17,Day of week:,Wednesday,33.75,Grade Celsius,
41,73.03,W/m^2,17:35:28,28/6/17,Day of week:,Wednesday,33.75,Grade Celsius,
46,71.57,W/m^2,17:35:31,28/6/17,Day of week:,Wednesday,33.75,Grade Celsius,
47,77.41,W/m^2,17:35:34,28/6/17,Day of week:,Wednesday,33.69,Grade Celsius,
47,75.95,W/m^2,17:35:37,28/6/17,Day of week:,Wednesday,33.56,Grade Celsius,
50,73.03,W/m^2,17:35:40,28/6/17,Day of week:,Wednesday,33.56,Grade Celsius,
47,65.73,W/m^2,17:35:44,28/6/17,Day of week:,Wednesday,33.50,Grade Celsius,
53,70.11,W/m^2,17:35:47,28/6/17,Day of week:,Wednesday,33.44,Grade Celsius,
49,70.11,W/m^2,17:35:50,28/6/17,Day of week:,Wednesday,33.44,Grade Celsius,
48,70.11,W/m^2,17:35:53,28/6/17,Day of week:,Wednesday,33.44,Grade Celsius,
46,70.11,W/m^2,17:35:56,28/6/17,Day of week:,Wednesday,33.50,Grade Celsius,
43,70.11,W/m^2,17:35:59,28/6/17,Day of week:,Wednesday,33.50,Grade Celsius,
49,75.95,W/m^2,17:36:02,28/6/17,Day of week:,Wednesday,33.50,Grade Celsius,
48,64.27,W/m^2,17:36:05,28/6/17,Day of week:,Wednesday,33.56,Grade Celsius,
48,73.03,W/m^2,17:36:08,28/6/17,Day of week:,Wednesday,33.63,Grade Celsius,
56,75.95,W/m^2,17:36:11,28/6/17,Day of week:,Wednesday,33.50,Grade Celsius,
46,64.27,W/m^2,17:36:14,28/6/17,Day of week:,Wednesday,33.56,Grade Celsius,
46,81.80,W/m^2,17:36:17,28/6/17,Day of week:,Wednesday,33.56,Grade Celsius,
48,73.03,W/m^2,17:36:20,28/6/17,Day of week:,Wednesday,33.56,Grade Celsius,
56,84.72,W/m^2,17:36:23,28/6/17,Day of week:,Wednesday,33.50,Grade Celsius,
47,71.57,W/m^2,17:36:26,28/6/17,Day of week:,Wednesday,33.50,Grade Celsius,
46,70.11,W/m^2,17:36:29,28/6/17,Day of week:,Wednesday,33.44,Grade Celsius,
47,81.80,W/m^2,17:36:33,28/6/17,Day of week:,Wednesday,33.44,Grade Celsius,
47,70.11,W/m^2,17:36:36,28/6/17,Day of week:,Wednesday,33.50,Grade Celsius,
48,70.11,W/m^2,17:36:39,28/6/17,Day of week:,Wednesday,33.50,Grade Celsius,
45,70.11,W/m^2,17:36:42,28/6/17,Day of week:,Wednesday,33.50,Grade Celsius,
45,70.11,W/m^2,17:36:45,28/6/17,Day of week:,Wednesday,33.56,Grade Celsius,
45,81.80,W/m^2,17:36:48,28/6/17,Day of week:,Wednesday,33.63,Grade Celsius,
45,77.41,W/m^2,17:36:51,28/6/17,Day of week:,Wednesday,33.63,Grade Celsius,
48,73.03,W/m^2,17:36:54,28/6/17,Day of week:,Wednesday,33.63,Grade Celsius,
48,70.11,W/m^2,17:36:57,28/6/17,Day of week:,Wednesday,33.63,Grade Celsius,
47,70.11,W/m^2,17:37:00,28/6/17,Day of week:,Wednesday,33.63,Grade Celsius,
48,70.11,W/m^2,17:37:03,28/6/17,Day of week:,Wednesday,33.69,Grade Celsius,
52,64.27,W/m^2,17:37:06,28/6/17,Day of week:,Wednesday,33.69,Grade Celsius,
47,70.11,W/m^2,17:37:09,28/6/17,Day of week:,Wednesday,33.63,Grade Celsius,
45,65.73,W/m^2,17:37:12,28/6/17,Day of week:,Wednesday,33.69,Grade Celsius,
56,70.11,W/m^2,17:37:15,28/6/17,Day of week:,Wednesday,33.75,Grade Celsius,
41,70.11,W/m^2,17:37:19,28/6/17,Day of week:,Wednesday,33.69,Grade Celsius,
44,58.43,W/m^2,17:37:22,28/6/17,Day of week:,Wednesday,33.75,Grade Celsius,
46,70.11,W/m^2,17:37:25,28/6/17,Day of week:,Wednesday,33.75,Grade Celsius,
46,73.03,W/m^2,17:37:28,28/6/17,Day of week:,Wednesday,33.75,Grade Celsius,
50,61.35,W/m^2,17:37:31,28/6/17,Day of week:,Wednesday,33.75,Grade Celsius,
47,70.11,W/m^2,17:37:34,28/6/17,Day of week:,Wednesday,33.63,Grade Celsius,
46,70.11,W/m^2,17:37:37,28/6/17,Day of week:,Wednesday,33.63,Grade Celsius,
47,84.72,W/m^2,17:37:40,28/6/17,Day of week:,Wednesday,33.69,Grade Celsius,
49,70.11,W/m^2,17:37:43,28/6/17,Day of week:,Wednesday,33.63,Grade Celsius,
57,70.11,W/m^2,17:37:46,28/6/17,Day of week:,Wednesday,33.63,Grade Celsius,
48,73.03,W/m^2,17:37:49,28/6/17,Day of week:,Wednesday,33.63,Grade Celsius,
46,75.95,W/m^2,17:37:52,28/6/17,Day of week:,Wednesday,33.50,Grade Celsius,
48,71.57,W/m^2,17:37:55,28/6/17,Day of week:,Wednesday,33.50,Grade Celsius,
47,64.27,W/m^2,17:37:58,28/6/17,Day of week:,Wednesday,33.38,Grade Celsius,
49,65.73,W/m^2,17:38:01,28/6/17,Day of week:,Wednesday,33.31,Grade Celsius,
45,70.11,W/m^2,17:38:05,28/6/17,Day of week:,Wednesday,33.31,Grade Celsius,
40,61.35,W/m^2,17:38:08,28/6/17,Day of week:,Wednesday,33.31,Grade Celsius,
41,75.95,W/m^2,17:38:11,28/6/17,Day of week:,Wednesday,33.31,Grade Celsius,
40,81.80,W/m^2,17:38:14,28/6/17,Day of week:,Wednesday,33.31,Grade Celsius,
52,71.57,W/m^2,17:38:17,28/6/17,Day of week:,Wednesday,33.38,Grade Celsius,
45,70.11,W/m^2,17:38:20,28/6/17,Day of week:,Wednesday,33.38,Grade Celsius,
48,70.11,W/m^2,17:38:23,28/6/17,Day of week:,Wednesday,33.38,Grade Celsius,
48,70.11,W/m^2,17:38:26,28/6/17,Day of week:,Wednesday,33.38,Grade Celsius,
47,70.11,W/m^2,17:38:29,28/6/17,Day of week:,Wednesday,33.44,Grade Celsius,
40,70.11,W/m^2,17:38:32,28/6/17,Day of week:,Wednesday,33.44,Grade Celsius,
47,73.03,W/m^2,17:38:35,28/6/17,Day of week:,Wednesday,33.38,Grade Celsius,
47,70.11,W/m^2,17:38:38,28/6/17,Day of week:,Wednesday,33.31,Grade Celsius,
46,58.43,W/m^2,17:38:41,28/6/17,Day of week:,Wednesday,33.25,Grade Celsius,
41,70.11,W/m^2,17:38:44,28/6/17,Day of week:,Wednesday,33.31,Grade Celsius,
45,70.11,W/m^2,17:38:48,28/6/17,Day of week:,Wednesday,33.31,Grade Celsius,
39,64.27,W/m^2,17:38:51,28/6/17,Day of week:,Wednesday,33.31,Grade Celsius,
47,71.57,W/m^2,17:38:54,28/6/17,Day of week:,Wednesday,33.31,Grade Celsius,
50,65.73,W/m^2,17:38:57,28/6/17,Day of week:,Wednesday,33.31,Grade Celsius,
39,75.95,W/m^2,17:39:00,28/6/17,Day of week:,Wednesday,33.38,Grade Celsius,
48,75.95,W/m^2,17:39:03,28/6/17,Day of week:,Wednesday,33.38,Grade Celsius,
46,75.95,W/m^2,17:39:06,28/6/17,Day of week:,Wednesday,33.38,Grade Celsius,
56,71.57,W/m^2,17:39:09,28/6/17,Day of week:,Wednesday,33.44,Grade Celsius,
48,67.19,W/m^2,17:39:12,28/6/17,Day of week:,Wednesday,33.38,Grade Celsius,
47,73.03,W/m^2,17:39:15,28/6/17,Day of week:,Wednesday,33.38,Grade Celsius,
49,70.11,W/m^2,17:39:18,28/6/17,Day of week:,Wednesday,33.38,Grade Celsius,
47,70.11,W/m^2,17:39:21,28/6/17,Day of week:,Wednesday,33.31,Grade Celsius,
47,70.11,W/m^2,17:39:24,28/6/17,Day of week:,Wednesday,33.38,Grade Celsius,
47,58.43,W/m^2,17:39:27,28/6/17,Day of week:,Wednesday,33.38,Grade Celsius,
45,70.11,W/m^2,17:39:30,28/6/17,Day of week:,Wednesday,33.38,Grade Celsius,
46,70.11,W/m^2,17:39:33,28/6/17,Day of week:,Wednesday,33.38,Grade Celsius,
45,70.11,W/m^2,17:39:37,28/6/17,Day of week:,Wednesday,33.38,Grade Celsius,
47,71.57,W/m^2,17:39:40,28/6/17,Day of week:,Wednesday,33.44,Grade Celsius,
46,71.57,W/m^2,17:39:43,28/6/17,Day of week:,Wednesday,33.44,Grade Celsius,
46,70.11,W/m^2,17:39:46,28/6/17,Day of week:,Wednesday,33.44,Grade Celsius,
48,70.11,W/m^2,17:39:49,28/6/17,Day of week:,Wednesday,33.44,Grade Celsius,
48,73.03,W/m^2,17:39:52,28/6/17,Day of week:,Wednesday,33.44,Grade Celsius,
48,71.57,W/m^2,17:39:55,28/6/17,Day of week:,Wednesday,33.44,Grade Celsius,
39,75.95,W/m^2,17:39:58,28/6/17,Day of week:,Wednesday,33.38,Grade Celsius,
51,73.03,W/m^2,17:40:01,28/6/17,Day of week:,Wednesday,33.38,Grade Celsius,
51,70.11,W/m^2,17:40:04,28/6/17,Day of week:,Wednesday,33.44,Grade Celsius,
48,75.95,W/m^2,17:40:07,28/6/17,Day of week:,Wednesday,33.44,Grade Celsius,
46,70.11,W/m^2,17:40:10,28/6/17,Day of week:,Wednesday,33.44,Grade Celsius,
46,70.11,W/m^2,17:40:13,28/6/17,Day of week:,Wednesday,33.44,Grade Celsius,
46,68.65,W/m^2,17:40:16,28/6/17,Day of week:,Wednesday,33.44,Grade Celsius,
45,71.57,W/m^2,17:40:20,28/6/17,Day of week:,Wednesday,33.44,Grade Celsius,
37,71.57,W/m^2,17:40:23,28/6/17,Day of week:,Wednesday,33.44,Grade Celsius,
39,70.11,W/m^2,17:40:26,28/6/17,Day of week:,Wednesday,33.38,Grade Celsius,
48,71.57,W/m^2,17:40:29,28/6/17,Day of week:,Wednesday,33.31,Grade Celsius,
47,78.87,W/m^2,17:40:32,28/6/17,Day of week:,Wednesday,33.25,Grade Celsius,
51,70.11,W/m^2,17:40:35,28/6/17,Day of week:,Wednesday,33.13,Grade Celsius,
42,81.80,W/m^2,17:40:38,28/6/17,Day of week:,Wednesday,33.06,Grade Celsius,
48,81.80,W/m^2,17:40:41,28/6/17,Day of week:,Wednesday,33.00,Grade Celsius,
47,70.11,W/m^2,17:40:44,28/6/17,Day of week:,Wednesday,33.00,Grade Celsius,
38,70.11,W/m^2,17:40:47,28/6/17,Day of week:,Wednesday,33.00,Grade Celsius,
37,70.11,W/m^2,17:40:50,28/6/17,Day of week:,Wednesday,33.06,Grade Celsius,
46,71.57,W/m^2,17:40:53,28/6/17,Day of week:,Wednesday,33.06,Grade Celsius,
47,70.11,W/m^2,17:40:56,28/6/17,Day of week:,Wednesday,33.13,Grade Celsius,
46,70.11,W/m^2,17:40:59,28/6/17,Day of week:,Wednesday,33.13,Grade Celsius,
46,70.11,W/m^2,17:41:02,28/6/17,Day of week:,Wednesday,33.19,Grade Celsius,
46,61.35,W/m^2,17:41:06,28/6/17,Day of week:,Wednesday,33.19,Grade Celsius,
46,67.19,W/m^2,17:41:09,28/6/17,Day of week:,Wednesday,33.19,Grade Celsius,
46,64.27,W/m^2,17:41:12,28/6/17,Day of week:,Wednesday,33.19,Grade Celsius,
48,75.95,W/m^2,17:41:15,28/6/17,Day of week:,Wednesday,33.25,Grade Celsius,
52,70.11,W/m^2,17:41:18,28/6/17,Day of week:,Wednesday,33.25,Grade Celsius,
51,71.57,W/m^2,17:41:21,28/6/17,Day of week:,Wednesday,33.25,Grade Celsius,
48,71.57,W/m^2,17:41:24,28/6/17,Day of week:,Wednesday,33.25,Grade Celsius,
46,70.11,W/m^2,17:41:27,28/6/17,Day of week:,Wednesday,33.31,Grade Celsius,
47,58.43,W/m^2,17:41:30,28/6/17,Day of week:,Wednesday,33.31,Grade Celsius,
48,70.11,W/m^2,17:41:33,28/6/17,Day of week:,Wednesday,33.38,Grade Celsius,
47,70.11,W/m^2,17:41:36,28/6/17,Day of week:,Wednesday,33.38,Grade Celsius,
50,71.57,W/m^2,17:41:39,28/6/17,Day of week:,Wednesday,33.31,Grade Celsius,
47,84.72,W/m^2,17:41:42,28/6/17,Day of week:,Wednesday,33.38,Grade Celsius,
47,58.43,W/m^2,17:41:45,28/6/17,Day of week:,Wednesday,33.38,Grade Celsius,
48,70.11,W/m^2,17:41:48,28/6/17,Day of week:,Wednesday,33.44,Grade Celsius,
46,70.11,W/m^2,17:41:51,28/6/17,Day of week:,Wednesday,33.38,Grade Celsius,
46,70.11,W/m^2,17:41:55,28/6/17,Day of week:,Wednesday,33.44,Grade Celsius,
46,70.11,W/m^2,17:41:58,28/6/17,Day of week:,Wednesday,33.44,Grade Celsius,
44,70.11,W/m^2,17:42:01,28/6/17,Day of week:,Wednesday,33.44,Grade Celsius,
45,71.57,W/m^2,17:42:04,28/6/17,Day of week:,Wednesday,33.44,Grade Celsius,
38,70.11,W/m^2,17:42:07,28/6/17,Day of week:,Wednesday,33.44,Grade Celsius,
51,78.87,W/m^2,17:42:10,28/6/17,Day of week:,Wednesday,33.44,Grade Celsius,
46,70.11,W/m^2,17:42:13,28/6/17,Day of week:,Wednesday,33.44,Grade Celsius,
37,77.41,W/m^2,17:42:16,28/6/17,Day of week:,Wednesday,33.50,Grade Celsius,
43,70.11,W/m^2,17:42:19,28/6/17,Day of week:,Wednesday,33.50,Grade Celsius,
41,75.95,W/m^2,17:42:22,28/6/17,Day of week:,Wednesday,33.50,Grade Celsius,
46,70.11,W/m^2,17:42:25,28/6/17,Day of week:,Wednesday,33.50,Grade Celsius,
43,71.57,W/m^2,17:42:28,28/6/17,Day of week:,Wednesday,33.50,Grade Celsius,
46,71.57,W/m^2,17:42:31,28/6/17,Day of week:,Wednesday,33.50,Grade Celsius,
47,71.57,W/m^2,17:42:34,28/6/17,Day of week:,Wednesday,33.50,Grade Celsius,
47,70.11,W/m^2,17:42:37,28/6/17,Day of week:,Wednesday,33.56,Grade Celsius,
48,61.35,W/m^2,17:42:41,28/6/17,Day of week:,Wednesday,33.50,Grade Celsius,
45,70.11,W/m^2,17:42:44,28/6/17,Day of week:,Wednesday,33.56,Grade Celsius,
48,70.11,W/m^2,17:42:47,28/6/17,Day of week:,Wednesday,33.56,Grade Celsius,
49,70.11,W/m^2,17:42:50,28/6/17,Day of week:,Wednesday,33.50,Grade Celsius,
53,70.11,W/m^2,17:42:53,28/6/17,Day of week:,Wednesday,33.50,Grade Celsius,
45,70.11,W/m^2,17:42:56,28/6/17,Day of week:,Wednesday,33.50,Grade Celsius,
47,70.11,W/m^2,17:42:59,28/6/17,Day of week:,Wednesday,33.50,Grade Celsius,
47,70.11,W/m^2,17:43:02,28/6/17,Day of week:,Wednesday,33.50,Grade Celsius,
55,70.11,W/m^2,17:43:05,28/6/17,Day of week:,Wednesday,33.50,Grade Celsius,
47,70.11,W/m^2,17:43:08,28/6/17,Day of week:,Wednesday,33.56,Grade Celsius,
46,70.11,W/m^2,17:43:11,28/6/17,Day of week:,Wednesday,33.56,Grade Celsius,
46,70.11,W/m^2,17:43:14,28/6/17,Day of week:,Wednesday,33.63,Grade Celsius,
44,59.89,W/m^2,17:43:17,28/6/17,Day of week:,Wednesday,33.63,Grade Celsius,
48,64.27,W/m^2,17:43:20,28/6/17,Day of week:,Wednesday,33.63,Grade Celsius,
48,78.87,W/m^2,17:43:23,28/6/17,Day of week:,Wednesday,33.69,Grade Celsius,
45,70.11,W/m^2,17:43:27,28/6/17,Day of week:,Wednesday,33.69,Grade Celsius,
47,70.11,W/m^2,17:43:30,28/6/17,Day of week:,Wednesday,33.75,Grade Celsius,
37,65.73,W/m^2,17:43:33,28/6/17,Day of week:,Wednesday,33.75,Grade Celsius,
45,61.35,W/m^2,17:43:36,28/6/17,Day of week:,Wednesday,33.75,Grade Celsius,
45,70.11,W/m^2,17:43:39,28/6/17,Day of week:,Wednesday,33.81,Grade Celsius,
44,58.43,W/m^2,17:43:42,28/6/17,Day of week:,Wednesday,33.88,Grade Celsius,
46,70.11,W/m^2,17:43:45,28/6/17,Day of week:,Wednesday,33.88,Grade Celsius,
44,70.11,W/m^2,17:43:48,28/6/17,Day of week:,Wednesday,33.88,Grade Celsius,
48,73.03,W/m^2,17:43:51,28/6/17,Day of week:,Wednesday,33.88,Grade Celsius,
42,77.41,W/m^2,17:43:54,28/6/17,Day of week:,Wednesday,33.88,Grade Celsius,
48,70.11,W/m^2,17:43:57,28/6/17,Day of week:,Wednesday,33.94,Grade Celsius,
47,58.43,W/m^2,17:44:00,28/6/17,Day of week:,Wednesday,33.94,Grade Celsius,
44,58.43,W/m^2,17:44:03,28/6/17,Day of week:,Wednesday,33.94,Grade Celsius,
39,70.11,W/m^2,17:44:07,28/6/17,Day of week:,Wednesday,33.88,Grade Celsius,
47,64.27,W/m^2,17:44:10,28/6/17,Day of week:,Wednesday,33.88,Grade Celsius,
45,65.73,W/m^2,17:44:13,28/6/17,Day of week:,Wednesday,33.88,Grade Celsius,
37,65.73,W/m^2,17:44:16,28/6/17,Day of week:,Wednesday,33.81,Grade Celsius,
41,70.11,W/m^2,17:44:19,28/6/17,Day of week:,Wednesday,33.75,Grade Celsius,
45,71.57,W/m^2,17:44:22,28/6/17,Day of week:,Wednesday,33.81,Grade Celsius,
42,64.27,W/m^2,17:44:25,28/6/17,Day of week:,Wednesday,33.81,Grade Celsius,
41,64.27,W/m^2,17:44:28,28/6/17,Day of week:,Wednesday,33.81,Grade Celsius,
44,65.73,W/m^2,17:44:31,28/6/17,Day of week:,Wednesday,33.81,Grade Celsius,
42,65.73,W/m^2,17:44:34,28/6/17,Day of week:,Wednesday,33.81,Grade Celsius,
40,70.11,W/m^2,17:44:37,28/6/17,Day of week:,Wednesday,33.81,Grade Celsius,
53,70.11,W/m^2,17:44:40,28/6/17,Day of week:,Wednesday,33.81,Grade Celsius,
45,70.11,W/m^2,17:44:43,28/6/17,Day of week:,Wednesday,33.81,Grade Celsius,
44,70.11,W/m^2,17:44:46,28/6/17,Day of week:,Wednesday,33.81,Grade Celsius,
45,70.11,W/m^2,17:44:49,28/6/17,Day of week:,Wednesday,33.81,Grade Celsius,
45,65.73,W/m^2,17:44:53,28/6/17,Day of week:,Wednesday,33.81,Grade Celsius,
44,70.11,W/m^2,17:44:56,28/6/17,Day of week:,Wednesday,33.81,Grade Celsius,
45,64.27,W/m^2,17:44:59,28/6/17,Day of week:,Wednesday,33.81,Grade Celsius,
44,64.27,W/m^2,17:45:02,28/6/17,Day of week:,Wednesday,33.81,Grade Celsius,
38,64.27,W/m^2,17:45:05,28/6/17,Day of week:,Wednesday,33.81,Grade Celsius,
43,65.73,W/m^2,17:45:08,28/6/17,Day of week:,Wednesday,33.81,Grade Celsius,
43,73.03,W/m^2,17:45:11,28/6/17,Day of week:,Wednesday,33.75,Grade Celsius,
45,61.35,W/m^2,17:45:14,28/6/17,Day of week:,Wednesday,33.75,Grade Celsius,
48,70.11,W/m^2,17:45:17,28/6/17,Day of week:,Wednesday,33.75,Grade Celsius,
52,64.27,W/m^2,17:45:20,28/6/17,Day of week:,Wednesday,33.75,Grade Celsius,
45,70.11,W/m^2,17:45:23,28/6/17,Day of week:,Wednesday,33.75,Grade Celsius,
52,65.73,W/m^2,17:45:26,28/6/17,Day of week:,Wednesday,33.69,Grade Celsius,
48,70.11,W/m^2,17:45:29,28/6/17,Day of week:,Wednesday,33.69,Grade Celsius,
44,65.73,W/m^2,17:45:32,28/6/17,Day of week:,Wednesday,33.69,Grade Celsius,
47,62.81,W/m^2,17:45:35,28/6/17,Day of week:,Wednesday,33.69,Grade Celsius,
42,64.27,W/m^2,17:45:39,28/6/17,Day of week:,Wednesday,33.75,Grade Celsius,
43,58.43,W/m^2,17:45:42,28/6/17,Day of week:,Wednesday,33.75,Grade Celsius,
47,67.19,W/m^2,17:45:45,28/6/17,Day of week:,Wednesday,33.75,Grade Celsius,
44,70.11,W/m^2,17:45:48,28/6/17,Day of week:,Wednesday,33.81,Grade Celsius,
43,64.27,W/m^2,17:45:51,28/6/17,Day of week:,Wednesday,33.75,Grade Celsius,
43,64.27,W/m^2,17:45:54,28/6/17,Day of week:,Wednesday,33.81,Grade Celsius,
45,70.11,W/m^2,17:45:57,28/6/17,Day of week:,Wednesday,33.81,Grade Celsius,
46,65.73,W/m^2,17:46:00,28/6/17,Day of week:,Wednesday,33.81,Grade Celsius,
38,64.27,W/m^2,17:46:03,28/6/17,Day of week:,Wednesday,33.75,Grade Celsius,
45,70.11,W/m^2,17:46:06,28/6/17,Day of week:,Wednesday,33.75,Grade Celsius,
40,70.11,W/m^2,17:46:09,28/6/17,Day of week:,Wednesday,33.75,Grade Celsius,
45,70.11,W/m^2,17:46:12,28/6/17,Day of week:,Wednesday,33.69,Grade Celsius,
45,58.43,W/m^2,17:46:15,28/6/17,Day of week:,Wednesday,33.75,Grade Celsius,
47,64.27,W/m^2,17:46:18,28/6/17,Day of week:,Wednesday,33.75,Grade Celsius,
38,70.11,W/m^2,17:46:21,28/6/17,Day of week:,Wednesday,33.75,Grade Celsius,
49,70.11,W/m^2,17:46:25,28/6/17,Day of week:,Wednesday,33.75,Grade Celsius,
43,65.73,W/m^2,17:46:28,28/6/17,Day of week:,Wednesday,33.75,Grade Celsius,
44,64.27,W/m^2,17:46:31,28/6/17,Day of week:,Wednesday,33.81,Grade Celsius,
44,73.03,W/m^2,17:46:34,28/6/17,Day of week:,Wednesday,33.88,Grade Celsius,
52,65.73,W/m^2,17:46:37,28/6/17,Day of week:,Wednesday,33.88,Grade Celsius,
43,58.43,W/m^2,17:46:40,28/6/17,Day of week:,Wednesday,33.81,Grade Celsius,
39,58.43,W/m^2,17:46:43,28/6/17,Day of week:,Wednesday,33.75,Grade Celsius,
45,58.43,W/m^2,17:46:46,28/6/17,Day of week:,Wednesday,33.81,Grade Celsius,
47,75.95,W/m^2,17:46:49,28/6/17,Day of week:,Wednesday,33.81,Grade Celsius,
42,64.27,W/m^2,17:46:52,28/6/17,Day of week:,Wednesday,33.88,Grade Celsius,
42,64.27,W/m^2,17:46:55,28/6/17,Day of week:,Wednesday,33.81,Grade Celsius,
51,70.11,W/m^2,17:46:58,28/6/17,Day of week:,Wednesday,33.81,Grade Celsius,
44,73.03,W/m^2,17:47:01,28/6/17,Day of week:,Wednesday,33.81,Grade Celsius,
43,70.11,W/m^2,17:47:04,28/6/17,Day of week:,Wednesday,33.81,Grade Celsius,
42,70.11,W/m^2,17:47:07,28/6/17,Day of week:,Wednesday,33.81,Grade Celsius,
42,58.43,W/m^2,17:47:11,28/6/17,Day of week:,Wednesday,33.81,Grade Celsius,
44,52.58,W/m^2,17:47:14,28/6/17,Day of week:,Wednesday,33.88,Grade Celsius,
42,54.04,W/m^2,17:47:17,28/6/17,Day of week:,Wednesday,33.81,Grade Celsius,
36,70.11,W/m^2,17:47:20,28/6/17,Day of week:,Wednesday,33.88,Grade Celsius,
44,73.03,W/m^2,17:47:23,28/6/17,Day of week:,Wednesday,33.81,Grade Celsius,
52,59.89,W/m^2,17:47:26,28/6/17,Day of week:,Wednesday,33.81,Grade Celsius,
38,70.11,W/m^2,17:47:29,28/6/17,Day of week:,Wednesday,33.75,Grade Celsius,
37,81.80,W/m^2,17:47:32,28/6/17,Day of week:,Wednesday,33.75,Grade Celsius,
44,70.11,W/m^2,17:47:35,28/6/17,Day of week:,Wednesday,33.75,Grade Celsius,
44,70.11,W/m^2,17:47:38,28/6/17,Day of week:,Wednesday,33.75,Grade Celsius,
43,70.11,W/m^2,17:47:41,28/6/17,Day of week:,Wednesday,33.75,Grade Celsius,
38,70.11,W/m^2,17:47:44,28/6/17,Day of week:,Wednesday,33.69,Grade Celsius,
39,73.03,W/m^2,17:47:47,28/6/17,Day of week:,Wednesday,33.69,Grade Celsius,
43,64.27,W/m^2,17:47:50,28/6/17,Day of week:,Wednesday,33.63,Grade Celsius,
42,64.27,W/m^2,17:47:53,28/6/17,Day of week:,Wednesday,33.63,Grade Celsius,
43,70.11,W/m^2,17:47:57,28/6/17,Day of week:,Wednesday,33.50,Grade Celsius,
39,58.43,W/m^2,17:48:00,28/6/17,Day of week:,Wednesday,33.50,Grade Celsius,
45,70.11,W/m^2,17:48:03,28/6/17,Day of week:,Wednesday,33.44,Grade Celsius,
44,65.73,W/m^2,17:48:06,28/6/17,Day of week:,Wednesday,33.44,Grade Celsius,
43,70.11,W/m^2,17:48:09,28/6/17,Day of week:,Wednesday,33.50,Grade Celsius,
43,75.95,W/m^2,17:48:12,28/6/17,Day of week:,Wednesday,33.50,Grade Celsius,
37,70.11,W/m^2,17:48:15,28/6/17,Day of week:,Wednesday,33.44,Grade Celsius,
40,64.27,W/m^2,17:48:18,28/6/17,Day of week:,Wednesday,33.44,Grade Celsius,
42,52.58,W/m^2,17:48:21,28/6/17,Day of week:,Wednesday,33.44,Grade Celsius,
52,64.27,W/m^2,17:48:24,28/6/17,Day of week:,Wednesday,33.44,Grade Celsius,
43,58.43,W/m^2,17:48:27,28/6/17,Day of week:,Wednesday,33.44,Grade Celsius,
35,67.19,W/m^2,17:48:30,28/6/17,Day of week:,Wednesday,33.44,Grade Celsius,
43,77.41,W/m^2,17:48:33,28/6/17,Day of week:,Wednesday,33.44,Grade Celsius,
43,70.11,W/m^2,17:48:36,28/6/17,Day of week:,Wednesday,33.50,Grade Celsius,
45,70.11,W/m^2,17:48:39,28/6/17,Day of week:,Wednesday,33.44,Grade Celsius,
47,64.27,W/m^2,17:48:43,28/6/17,Day of week:,Wednesday,33.44,Grade Celsius,
42,65.73,W/m^2,17:48:46,28/6/17,Day of week:,Wednesday,33.38,Grade Celsius,
44,77.41,W/m^2,17:48:49,28/6/17,Day of week:,Wednesday,33.38,Grade Celsius,
52,64.27,W/m^2,17:48:52,28/6/17,Day of week:,Wednesday,33.38,Grade Celsius,
44,59.89,W/m^2,17:48:55,28/6/17,Day of week:,Wednesday,33.38,Grade Celsius,
41,61.35,W/m^2,17:48:58,28/6/17,Day of week:,Wednesday,33.38,Grade Celsius,
36,65.73,W/m^2,17:49:01,28/6/17,Day of week:,Wednesday,33.44,Grade Celsius,
44,64.27,W/m^2,17:49:04,28/6/17,Day of week:,Wednesday,33.44,Grade Celsius,
46,64.27,W/m^2,17:49:07,28/6/17,Day of week:,Wednesday,33.38,Grade Celsius,
42,67.19,W/m^2,17:49:10,28/6/17,Day of week:,Wednesday,33.31,Grade Celsius,
42,67.19,W/m^2,17:49:13,28/6/17,Day of week:,Wednesday,33.31,Grade Celsius,
41,64.27,W/m^2,17:49:16,28/6/17,Day of week:,Wednesday,33.31,Grade Celsius,
45,58.43,W/m^2,17:49:19,28/6/17,Day of week:,Wednesday,33.31,Grade Celsius,
45,70.11,W/m^2,17:49:22,28/6/17,Day of week:,Wednesday,33.31,Grade Celsius,
44,65.73,W/m^2,17:49:25,28/6/17,Day of week:,Wednesday,33.25,Grade Celsius,
37,55.50,W/m^2,17:49:29,28/6/17,Day of week:,Wednesday,33.25,Grade Celsius,
45,64.27,W/m^2,17:49:32,28/6/17,Day of week:,Wednesday,33.25,Grade Celsius,
44,55.50,W/m^2,17:49:35,28/6/17,Day of week:,Wednesday,33.31,Grade Celsius,
42,64.27,W/m^2,17:49:38,28/6/17,Day of week:,Wednesday,33.31,Grade Celsius,
36,55.50,W/m^2,17:49:41,28/6/17,Day of week:,Wednesday,33.38,Grade Celsius,
42,64.27,W/m^2,17:49:44,28/6/17,Day of week:,Wednesday,33.25,Grade Celsius,
44,70.11,W/m^2,17:49:47,28/6/17,Day of week:,Wednesday,33.25,Grade Celsius,
42,70.11,W/m^2,17:49:50,28/6/17,Day of week:,Wednesday,33.25,Grade Celsius,
43,70.11,W/m^2,17:49:53,28/6/17,Day of week:,Wednesday,33.25,Grade Celsius,
42,64.27,W/m^2,17:49:56,28/6/17,Day of week:,Wednesday,33.25,Grade Celsius,
42,70.11,W/m^2,17:49:59,28/6/17,Day of week:,Wednesday,33.25,Grade Celsius,
43,61.35,W/m^2,17:50:02,28/6/17,Day of week:,Wednesday,33.25,Grade Celsius,
44,65.73,W/m^2,17:50:05,28/6/17,Day of week:,Wednesday,33.19,Grade Celsius,
42,61.35,W/m^2,17:50:08,28/6/17,Day of week:,Wednesday,33.13,Grade Celsius,
49,70.11,W/m^2,17:50:12,28/6/17,Day of week:,Wednesday,33.13,Grade Celsius,
46,58.43,W/m^2,17:50:15,28/6/17,Day of week:,Wednesday,33.13,Grade Celsius,
39,64.27,W/m^2,17:50:18,28/6/17,Day of week:,Wednesday,33.19,Grade Celsius,
43,65.73,W/m^2,17:50:21,28/6/17,Day of week:,Wednesday,33.06,Grade Celsius,
45,64.27,W/m^2,17:50:24,28/6/17,Day of week:,Wednesday,33.00,Grade Celsius,
44,52.58,W/m^2,17:50:27,28/6/17,Day of week:,Wednesday,33.00,Grade Celsius,
42,64.27,W/m^2,17:50:30,28/6/17,Day of week:,Wednesday,33.00,Grade Celsius,
44,64.27,W/m^2,17:50:33,28/6/17,Day of week:,Wednesday,33.00,Grade Celsius,
39,52.58,W/m^2,17:50:36,28/6/17,Day of week:,Wednesday,33.00,Grade Celsius,
40,70.11,W/m^2,17:50:39,28/6/17,Day of week:,Wednesday,32.94,Grade Celsius,
42,59.89,W/m^2,17:50:42,28/6/17,Day of week:,Wednesday,32.94,Grade Celsius,
42,65.73,W/m^2,17:50:45,28/6/17,Day of week:,Wednesday,33.00,Grade Celsius,
42,67.19,W/m^2,17:50:48,28/6/17,Day of week:,Wednesday,33.00,Grade Celsius,
42,52.58,W/m^2,17:50:51,28/6/17,Day of week:,Wednesday,33.06,Grade Celsius,
42,71.57,W/m^2,17:50:54,28/6/17,Day of week:,Wednesday,33.06,Grade Celsius,
43,81.80,W/m^2,17:50:57,28/6/17,Day of week:,Wednesday,33.06,Grade Celsius,
36,58.43,W/m^2,17:51:01,28/6/17,Day of week:,Wednesday,33.13,Grade Celsius,
43,64.27,W/m^2,17:51:04,28/6/17,Day of week:,Wednesday,33.13,Grade Celsius,
43,61.35,W/m^2,17:51:07,28/6/17,Day of week:,Wednesday,33.13,Grade Celsius,
51,52.58,W/m^2,17:51:10,28/6/17,Day of week:,Wednesday,33.13,Grade Celsius,
41,64.27,W/m^2,17:51:13,28/6/17,Day of week:,Wednesday,33.19,Grade Celsius,
43,64.27,W/m^2,17:51:16,28/6/17,Day of week:,Wednesday,33.19,Grade Celsius,
51,64.27,W/m^2,17:51:19,28/6/17,Day of week:,Wednesday,33.25,Grade Celsius,
41,75.95,W/m^2,17:51:22,28/6/17,Day of week:,Wednesday,33.25,Grade Celsius,
37,65.73,W/m^2,17:51:25,28/6/17,Day of week:,Wednesday,33.25,Grade Celsius,
42,58.43,W/m^2,17:51:28,28/6/17,Day of week:,Wednesday,33.25,Grade Celsius,
41,58.43,W/m^2,17:51:31,28/6/17,Day of week:,Wednesday,33.25,Grade Celsius,
38,64.27,W/m^2,17:51:34,28/6/17,Day of week:,Wednesday,33.25,Grade Celsius,
42,64.27,W/m^2,17:51:37,28/6/17,Day of week:,Wednesday,33.25,Grade Celsius,
42,64.27,W/m^2,17:51:40,28/6/17,Day of week:,Wednesday,33.25,Grade Celsius,
43,65.73,W/m^2,17:51:43,28/6/17,Day of week:,Wednesday,33.25,Grade Celsius,
48,64.27,W/m^2,17:51:47,28/6/17,Day of week:,Wednesday,33.25,Grade Celsius,
44,64.27,W/m^2,17:51:50,28/6/17,Day of week:,Wednesday,33.19,Grade Celsius,
43,70.11,W/m^2,17:51:53,28/6/17,Day of week:,Wednesday,33.13,Grade Celsius,
44,61.35,W/m^2,17:51:56,28/6/17,Day of week:,Wednesday,33.19,Grade Celsius,
44,61.35,W/m^2,17:51:59,28/6/17,Day of week:,Wednesday,33.13,Grade Celsius,
44,64.27,W/m^2,17:52:02,28/6/17,Day of week:,Wednesday,33.13,Grade Celsius,
40,58.43,W/m^2,17:52:05,28/6/17,Day of week:,Wednesday,33.06,Grade Celsius,
41,61.35,W/m^2,17:52:08,28/6/17,Day of week:,Wednesday,33.13,Grade Celsius,
43,52.58,W/m^2,17:52:11,28/6/17,Day of week:,Wednesday,33.13,Grade Celsius,
41,64.27,W/m^2,17:52:14,28/6/17,Day of week:,Wednesday,33.19,Grade Celsius,
42,61.35,W/m^2,17:52:17,28/6/17,Day of week:,Wednesday,33.19,Grade Celsius,
35,64.27,W/m^2,17:52:20,28/6/17,Day of week:,Wednesday,33.25,Grade Celsius,
43,55.50,W/m^2,17:52:23,28/6/17,Day of week:,Wednesday,33.19,Grade Celsius,
47,64.27,W/m^2,17:52:26,28/6/17,Day of week:,Wednesday,33.13,Grade Celsius,
39,64.27,W/m^2,17:52:29,28/6/17,Day of week:,Wednesday,33.13,Grade Celsius,
47,67.19,W/m^2,17:52:33,28/6/17,Day of week:,Wednesday,33.19,Grade Celsius,
43,54.04,W/m^2,17:52:36,28/6/17,Day of week:,Wednesday,33.19,Grade Celsius,
43,61.35,W/m^2,17:52:39,28/6/17,Day of week:,Wednesday,33.19,Grade Celsius,
42,64.27,W/m^2,17:52:42,28/6/17,Day of week:,Wednesday,33.13,Grade Celsius,
41,52.58,W/m^2,17:52:45,28/6/17,Day of week:,Wednesday,33.13,Grade Celsius,
47,59.89,W/m^2,17:52:48,28/6/17,Day of week:,Wednesday,33.13,Grade Celsius,
44,56.96,W/m^2,17:52:51,28/6/17,Day of week:,Wednesday,33.13,Grade Celsius,
43,58.43,W/m^2,17:52:54,28/6/17,Day of week:,Wednesday,33.13,Grade Celsius,
43,64.27,W/m^2,17:52:57,28/6/17,Day of week:,Wednesday,33.19,Grade Celsius,
40,73.03,W/m^2,17:53:00,28/6/17,Day of week:,Wednesday,33.19,Grade Celsius,
39,58.43,W/m^2,17:53:03,28/6/17,Day of week:,Wednesday,33.25,Grade Celsius,
40,61.35,W/m^2,17:53:06,28/6/17,Day of week:,Wednesday,33.25,Grade Celsius,
41,75.95,W/m^2,17:53:09,28/6/17,Day of week:,Wednesday,33.31,Grade Celsius,
42,61.35,W/m^2,17:53:12,28/6/17,Day of week:,Wednesday,33.31,Grade Celsius,
41,58.43,W/m^2,17:53:15,28/6/17,Day of week:,Wednesday,33.38,Grade Celsius,
41,70.11,W/m^2,17:53:19,28/6/17,Day of week:,Wednesday,33.38,Grade Celsius,
47,61.35,W/m^2,17:53:22,28/6/17,Day of week:,Wednesday,33.38,Grade Celsius,
39,59.89,W/m^2,17:53:25,28/6/17,Day of week:,Wednesday,33.38,Grade Celsius,
41,55.50,W/m^2,17:53:28,28/6/17,Day of week:,Wednesday,33.44,Grade Celsius,
38,65.73,W/m^2,17:53:31,28/6/17,Day of week:,Wednesday,33.44,Grade Celsius,
42,64.27,W/m^2,17:53:34,28/6/17,Day of week:,Wednesday,33.38,Grade Celsius,
46,59.89,W/m^2,17:53:37,28/6/17,Day of week:,Wednesday,33.38,Grade Celsius,
45,64.27,W/m^2,17:53:40,28/6/17,Day of week:,Wednesday,33.38,Grade Celsius,
51,64.27,W/m^2,17:53:43,28/6/17,Day of week:,Wednesday,33.38,Grade Celsius,
42,61.35,W/m^2,17:53:46,28/6/17,Day of week:,Wednesday,33.38,Grade Celsius,
49,61.35,W/m^2,17:53:49,28/6/17,Day of week:,Wednesday,33.31,Grade Celsius,
42,61.35,W/m^2,17:53:52,28/6/17,Day of week:,Wednesday,33.38,Grade Celsius,
48,61.35,W/m^2,17:53:55,28/6/17,Day of week:,Wednesday,33.31,Grade Celsius,
49,52.58,W/m^2,17:53:58,28/6/17,Day of week:,Wednesday,33.31,Grade Celsius,
43,64.27,W/m^2,17:54:01,28/6/17,Day of week:,Wednesday,33.31,Grade Celsius,
41,61.35,W/m^2,17:54:04,28/6/17,Day of week:,Wednesday,33.38,Grade Celsius,
47,64.27,W/m^2,17:54:08,28/6/17,Day of week:,Wednesday,33.38,Grade Celsius,
42,70.11,W/m^2,17:54:11,28/6/17,Day of week:,Wednesday,33.38,Grade Celsius,
40,62.81,W/m^2,17:54:14,28/6/17,Day of week:,Wednesday,33.38,Grade Celsius,
42,64.27,W/m^2,17:54:17,28/6/17,Day of week:,Wednesday,33.38,Grade Celsius,
43,58.43,W/m^2,17:54:20,28/6/17,Day of week:,Wednesday,33.31,Grade Celsius,
46,62.81,W/m^2,17:54:23,28/6/17,Day of week:,Wednesday,33.31,Grade Celsius,
44,61.35,W/m^2,17:54:26,28/6/17,Day of week:,Wednesday,33.31,Grade Celsius,
41,64.27,W/m^2,17:54:29,28/6/17,Day of week:,Wednesday,33.31,Grade Celsius,
41,64.27,W/m^2,17:54:32,28/6/17,Day of week:,Wednesday,33.38,Grade Celsius,
41,64.27,W/m^2,17:54:35,28/6/17,Day of week:,Wednesday,33.31,Grade Celsius,
47,58.43,W/m^2,17:54:38,28/6/17,Day of week:,Wednesday,33.38,Grade Celsius,
43,70.11,W/m^2,17:54:41,28/6/17,Day of week:,Wednesday,33.38,Grade Celsius,
43,61.35,W/m^2,17:54:44,28/6/17,Day of week:,Wednesday,33.44,Grade Celsius,
41,61.35,W/m^2,17:54:47,28/6/17,Day of week:,Wednesday,33.44,Grade Celsius,
41,58.43,W/m^2,17:54:50,28/6/17,Day of week:,Wednesday,33.50,Grade Celsius,
44,64.27,W/m^2,17:54:54,28/6/17,Day of week:,Wednesday,33.50,Grade Celsius,
41,61.35,W/m^2,17:54:57,28/6/17,Day of week:,Wednesday,33.50,Grade Celsius,
41,70.11,W/m^2,17:55:00,28/6/17,Day of week:,Wednesday,33.50,Grade Celsius,
44,58.43,W/m^2,17:55:03,28/6/17,Day of week:,Wednesday,33.50,Grade Celsius,
39,64.27,W/m^2,17:55:06,28/6/17,Day of week:,Wednesday,33.56,Grade Celsius,
36,70.11,W/m^2,17:55:09,28/6/17,Day of week:,Wednesday,33.56,Grade Celsius,
41,61.35,W/m^2,17:55:12,28/6/17,Day of week:,Wednesday,33.63,Grade Celsius,
37,61.35,W/m^2,17:55:15,28/6/17,Day of week:,Wednesday,33.63,Grade Celsius,
41,64.27,W/m^2,17:55:18,28/6/17,Day of week:,Wednesday,33.63,Grade Celsius,
43,58.43,W/m^2,17:55:21,28/6/17,Day of week:,Wednesday,33.63,Grade Celsius,
35,64.27,W/m^2,17:55:24,28/6/17,Day of week:,Wednesday,33.63,Grade Celsius,
32,61.35,W/m^2,17:55:27,28/6/17,Day of week:,Wednesday,33.63,Grade Celsius,
41,64.27,W/m^2,17:55:31,28/6/17,Day of week:,Wednesday,33.63,Grade Celsius,
40,70.11,W/m^2,17:55:34,28/6/17,Day of week:,Wednesday,33.56,Grade Celsius,
44,58.43,W/m^2,17:55:37,28/6/17,Day of week:,Wednesday,33.56,Grade Celsius,
41,64.27,W/m^2,17:55:40,28/6/17,Day of week:,Wednesday,33.56,Grade Celsius,
41,58.43,W/m^2,17:55:43,28/6/17,Day of week:,Wednesday,33.50,Grade Celsius,
35,58.43,W/m^2,17:55:46,28/6/17,Day of week:,Wednesday,33.56,Grade Celsius,
39,64.27,W/m^2,17:55:49,28/6/17,Day of week:,Wednesday,33.50,Grade Celsius,
41,70.11,W/m^2,17:55:52,28/6/17,Day of week:,Wednesday,33.56,Grade Celsius,
39,64.27,W/m^2,17:55:55,28/6/17,Day of week:,Wednesday,33.56,Grade Celsius,
43,64.27,W/m^2,17:55:58,28/6/17,Day of week:,Wednesday,33.63,Grade Celsius,
42,64.27,W/m^2,17:56:01,28/6/17,Day of week:,Wednesday,33.63,Grade Celsius,
49,62.81,W/m^2,17:56:04,28/6/17,Day of week:,Wednesday,33.69,Grade Celsius,
41,52.58,W/m^2,17:56:07,28/6/17,Day of week:,Wednesday,33.69,Grade Celsius,
41,70.11,W/m^2,17:56:10,28/6/17,Day of week:,Wednesday,33.69,Grade Celsius,
42,61.35,W/m^2,17:56:13,28/6/17,Day of week:,Wednesday,33.69,Grade Celsius,
42,58.43,W/m^2,17:56:17,28/6/17,Day of week:,Wednesday,33.75,Grade Celsius,
42,64.27,W/m^2,17:56:20,28/6/17,Day of week:,Wednesday,33.75,Grade Celsius,
42,70.11,W/m^2,17:56:23,28/6/17,Day of week:,Wednesday,33.75,Grade Celsius,
43,70.11,W/m^2,17:56:26,28/6/17,Day of week:,Wednesday,33.81,Grade Celsius,
49,59.89,W/m^2,17:56:29,28/6/17,Day of week:,Wednesday,33.75,Grade Celsius,
38,59.89,W/m^2,17:56:32,28/6/17,Day of week:,Wednesday,33.69,Grade Celsius,
48,58.43,W/m^2,17:56:35,28/6/17,Day of week:,Wednesday,33.75,Grade Celsius,
42,64.27,W/m^2,17:56:38,28/6/17,Day of week:,Wednesday,33.75,Grade Celsius,
39,70.11,W/m^2,17:56:41,28/6/17,Day of week:,Wednesday,33.69,Grade Celsius,
47,64.27,W/m^2,17:56:44,28/6/17,Day of week:,Wednesday,33.69,Grade Celsius,
49,58.43,W/m^2,17:56:47,28/6/17,Day of week:,Wednesday,33.63,Grade Celsius,
42,70.11,W/m^2,17:56:50,28/6/17,Day of week:,Wednesday,33.69,Grade Celsius,
40,61.35,W/m^2,17:56:53,28/6/17,Day of week:,Wednesday,33.63,Grade Celsius,
39,58.43,W/m^2,17:56:56,28/6/17,Day of week:,Wednesday,33.69,Grade Celsius,
40,61.35,W/m^2,17:56:59,28/6/17,Day of week:,Wednesday,33.63,Grade Celsius,
34,64.27,W/m^2,17:57:03,28/6/17,Day of week:,Wednesday,33.63,Grade Celsius,
45,59.89,W/m^2,17:57:06,28/6/17,Day of week:,Wednesday,33.63,Grade Celsius,
39,64.27,W/m^2,17:57:09,28/6/17,Day of week:,Wednesday,33.56,Grade Celsius,
51,58.43,W/m^2,17:57:12,28/6/17,Day of week:,Wednesday,33.50,Grade Celsius,
40,59.89,W/m^2,17:57:15,28/6/17,Day of week:,Wednesday,33.50,Grade Celsius,
40,70.11,W/m^2,17:57:18,28/6/17,Day of week:,Wednesday,33.50,Grade Celsius,
40,48.20,W/m^2,17:57:21,28/6/17,Day of week:,Wednesday,33.50,Grade Celsius,
34,61.35,W/m^2,17:57:24,28/6/17,Day of week:,Wednesday,33.50,Grade Celsius,
40,58.43,W/m^2,17:57:27,28/6/17,Day of week:,Wednesday,33.50,Grade Celsius,
42,64.27,W/m^2,17:57:30,28/6/17,Day of week:,Wednesday,33.56,Grade Celsius,
43,61.35,W/m^2,17:57:33,28/6/17,Day of week:,Wednesday,33.56,Grade Celsius,
42,52.58,W/m^2,17:57:36,28/6/17,Day of week:,Wednesday,33.56,Grade Celsius,
47,56.96,W/m^2,17:57:39,28/6/17,Day of week:,Wednesday,33.63,Grade Celsius,
40,58.43,W/m^2,17:57:42,28/6/17,Day of week:,Wednesday,33.63,Grade Celsius,
35,54.04,W/m^2,17:57:45,28/6/17,Day of week:,Wednesday,33.63,Grade Celsius,
41,61.35,W/m^2,17:57:49,28/6/17,Day of week:,Wednesday,33.69,Grade Celsius,
42,61.35,W/m^2,17:57:52,28/6/17,Day of week:,Wednesday,33.69,Grade Celsius,
43,75.95,W/m^2,17:57:55,28/6/17,Day of week:,Wednesday,33.69,Grade Celsius,
44,64.27,W/m^2,17:57:58,28/6/17,Day of week:,Wednesday,33.69,Grade Celsius,
41,62.81,W/m^2,17:58:01,28/6/17,Day of week:,Wednesday,33.69,Grade Celsius,
45,58.43,W/m^2,17:58:04,28/6/17,Day of week:,Wednesday,33.69,Grade Celsius,
38,64.27,W/m^2,17:58:07,28/6/17,Day of week:,Wednesday,33.69,Grade Celsius,
42,64.27,W/m^2,17:58:10,28/6/17,Day of week:,Wednesday,33.69,Grade Celsius,
42,64.27,W/m^2,17:58:13,28/6/17,Day of week:,Wednesday,33.69,Grade Celsius,
38,61.35,W/m^2,17:58:16,28/6/17,Day of week:,Wednesday,33.69,Grade Celsius,
41,58.43,W/m^2,17:58:19,28/6/17,Day of week:,Wednesday,33.69,Grade Celsius,
33,52.58,W/m^2,17:58:22,28/6/17,Day of week:,Wednesday,33.69,Grade Celsius,
48,64.27,W/m^2,17:58:25,28/6/17,Day of week:,Wednesday,33.63,Grade Celsius,
41,61.35,W/m^2,17:58:28,28/6/17,Day of week:,Wednesday,33.69,Grade Celsius,
35,64.27,W/m^2,17:58:31,28/6/17,Day of week:,Wednesday,33.63,Grade Celsius,
43,61.35,W/m^2,17:58:35,28/6/17,Day of week:,Wednesday,33.63,Grade Celsius,
40,61.35,W/m^2,17:58:38,28/6/17,Day of week:,Wednesday,33.63,Grade Celsius,
40,58.43,W/m^2,17:58:41,28/6/17,Day of week:,Wednesday,33.63,Grade Celsius,
39,61.35,W/m^2,17:58:44,28/6/17,Day of week:,Wednesday,33.56,Grade Celsius,
42,52.58,W/m^2,17:58:47,28/6/17,Day of week:,Wednesday,33.50,Grade Celsius,
39,70.11,W/m^2,17:58:50,28/6/17,Day of week:,Wednesday,33.50,Grade Celsius,
41,59.89,W/m^2,17:58:53,28/6/17,Day of week:,Wednesday,33.50,Grade Celsius,
41,59.89,W/m^2,17:58:56,28/6/17,Day of week:,Wednesday,33.50,Grade Celsius,
43,58.43,W/m^2,17:58:59,28/6/17,Day of week:,Wednesday,33.50,Grade Celsius,
41,64.27,W/m^2,17:59:02,28/6/17,Day of week:,Wednesday,33.44,Grade Celsius,
42,61.35,W/m^2,17:59:05,28/6/17,Day of week:,Wednesday,33.50,Grade Celsius,
49,64.27,W/m^2,17:59:08,28/6/17,Day of week:,Wednesday,33.44,Grade Celsius,
40,70.11,W/m^2,17:59:11,28/6/17,Day of week:,Wednesday,33.44,Grade Celsius,
42,58.43,W/m^2,17:59:14,28/6/17,Day of week:,Wednesday,33.44,Grade Celsius,
41,64.27,W/m^2,17:59:17,28/6/17,Day of week:,Wednesday,33.44,Grade Celsius,
35,64.27,W/m^2,17:59:20,28/6/17,Day of week:,Wednesday,33.50,Grade Celsius,
49,48.20,W/m^2,17:59:24,28/6/17,Day of week:,Wednesday,33.50,Grade Celsius,
40,61.35,W/m^2,17:59:27,28/6/17,Day of week:,Wednesday,33.50,Grade Celsius,
40,62.81,W/m^2,17:59:30,28/6/17,Day of week:,Wednesday,33.50,Grade Celsius,
41,70.11,W/m^2,17:59:33,28/6/17,Day of week:,Wednesday,33.50,Grade Celsius,
34,59.89,W/m^2,17:59:36,28/6/17,Day of week:,Wednesday,33.50,Grade Celsius,
40,64.27,W/m^2,17:59:39,28/6/17,Day of week:,Wednesday,33.56,Grade Celsius,
34,70.11,W/m^2,17:59:42,28/6/17,Day of week:,Wednesday,33.56,Grade Celsius,
41,70.11,W/m^2,17:59:45,28/6/17,Day of week:,Wednesday,33.50,Grade Celsius,
43,73.03,W/m^2,17:59:48,28/6/17,Day of week:,Wednesday,33.63,Grade Celsius,
40,58.43,W/m^2,17:59:51,28/6/17,Day of week:,Wednesday,33.63,Grade Celsius,
40,61.35,W/m^2,17:59:54,28/6/17,Day of week:,Wednesday,33.63,Grade Celsius,
43,61.35,W/m^2,17:59:57,28/6/17,Day of week:,Wednesday,33.63,Grade Celsius,
46,59.89,W/m^2,18:00:00,28/6/17,Day of week:,Wednesday,33.63,Grade Celsius,
43,58.43,W/m^2,18:00:03,28/6/17,Day of week:,Wednesday,33.63,Grade Celsius,
41,64.27,W/m^2,18:00:07,28/6/17,Day of week:,Wednesday,33.69,Grade Celsius,
50,59.89,W/m^2,18:00:10,28/6/17,Day of week:,Wednesday,33.63,Grade Celsius,
43,52.58,W/m^2,18:00:13,28/6/17,Day of week:,Wednesday,33.63,Grade Celsius,
46,59.89,W/m^2,18:00:16,28/6/17,Day of week:,Wednesday,33.63,Grade Celsius,
42,58.43,W/m^2,18:00:19,28/6/17,Day of week:,Wednesday,33.56,Grade Celsius,
40,59.89,W/m^2,18:00:22,28/6/17,Day of week:,Wednesday,33.56,Grade Celsius,
38,64.27,W/m^2,18:00:25,28/6/17,Day of week:,Wednesday,33.50,Grade Celsius,
44,58.43,W/m^2,18:00:28,28/6/17,Day of week:,Wednesday,33.44,Grade Celsius,
41,70.11,W/m^2,18:00:31,28/6/17,Day of week:,Wednesday,33.38,Grade Celsius,
35,59.89,W/m^2,18:00:34,28/6/17,Day of week:,Wednesday,33.38,Grade Celsius,
43,61.35,W/m^2,18:00:37,28/6/17,Day of week:,Wednesday,33.38,Grade Celsius,
36,61.35,W/m^2,18:00:40,28/6/17,Day of week:,Wednesday,33.38,Grade Celsius,
43,70.11,W/m^2,18:00:43,28/6/17,Day of week:,Wednesday,33.38,Grade Celsius,
44,64.27,W/m^2,18:00:46,28/6/17,Day of week:,Wednesday,33.38,Grade Celsius,
40,70.11,W/m^2,18:00:50,28/6/17,Day of week:,Wednesday,33.38,Grade Celsius,
34,64.27,W/m^2,18:00:53,28/6/17,Day of week:,Wednesday,33.31,Grade Celsius,
37,61.35,W/m^2,18:00:56,28/6/17,Day of week:,Wednesday,33.31,Grade Celsius,
48,59.89,W/m^2,18:00:59,28/6/17,Day of week:,Wednesday,33.25,Grade Celsius,
39,64.27,W/m^2,18:01:02,28/6/17,Day of week:,Wednesday,33.25,Grade Celsius,
41,62.81,W/m^2,18:01:05,28/6/17,Day of week:,Wednesday,33.25,Grade Celsius,
42,64.27,W/m^2,18:01:08,28/6/17,Day of week:,Wednesday,33.25,Grade Celsius,
40,59.89,W/m^2,18:01:11,28/6/17,Day of week:,Wednesday,33.25,Grade Celsius,
40,58.43,W/m^2,18:01:14,28/6/17,Day of week:,Wednesday,33.19,Grade Celsius,
39,61.35,W/m^2,18:01:17,28/6/17,Day of week:,Wednesday,33.19,Grade Celsius,
41,55.50,W/m^2,18:01:20,28/6/17,Day of week:,Wednesday,33.19,Grade Celsius,
39,70.11,W/m^2,18:01:23,28/6/17,Day of week:,Wednesday,33.19,Grade Celsius,
39,62.81,W/m^2,18:01:26,28/6/17,Day of week:,Wednesday,33.25,Grade Celsius,
34,59.89,W/m^2,18:01:29,28/6/17,Day of week:,Wednesday,33.19,Grade Celsius,
41,73.03,W/m^2,18:01:32,28/6/17,Day of week:,Wednesday,33.19,Grade Celsius,
49,58.43,W/m^2,18:01:35,28/6/17,Day of week:,Wednesday,33.19,Grade Celsius,
41,64.27,W/m^2,18:01:39,28/6/17,Day of week:,Wednesday,33.19,Grade Celsius,
34,59.89,W/m^2,18:01:42,28/6/17,Day of week:,Wednesday,33.25,Grade Celsius,
35,64.27,W/m^2,18:01:45,28/6/17,Day of week:,Wednesday,33.25,Grade Celsius,
41,61.35,W/m^2,18:01:48,28/6/17,Day of week:,Wednesday,33.31,Grade Celsius,
43,61.35,W/m^2,18:01:51,28/6/17,Day of week:,Wednesday,33.31,Grade Celsius,
39,58.43,W/m^2,18:01:54,28/6/17,Day of week:,Wednesday,33.31,Grade Celsius,
36,67.19,W/m^2,18:01:57,28/6/17,Day of week:,Wednesday,33.31,Grade Celsius,
42,75.95,W/m^2,18:02:00,28/6/17,Day of week:,Wednesday,33.31,Grade Celsius,
40,59.89,W/m^2,18:02:03,28/6/17,Day of week:,Wednesday,33.31,Grade Celsius,
37,61.35,W/m^2,18:02:06,28/6/17,Day of week:,Wednesday,33.31,Grade Celsius,
41,70.11,W/m^2,18:02:09,28/6/17,Day of week:,Wednesday,33.25,Grade Celsius,
38,61.35,W/m^2,18:02:12,28/6/17,Day of week:,Wednesday,33.31,Grade Celsius,
39,59.89,W/m^2,18:02:15,28/6/17,Day of week:,Wednesday,33.31,Grade Celsius,
39,59.89,W/m^2,18:02:18,28/6/17,Day of week:,Wednesday,33.25,Grade Celsius,
40,58.43,W/m^2,18:02:21,28/6/17,Day of week:,Wednesday,33.25,Grade Celsius,
36,70.11,W/m^2,18:02:25,28/6/17,Day of week:,Wednesday,33.19,Grade Celsius,
38,52.58,W/m^2,18:02:28,28/6/17,Day of week:,Wednesday,33.19,Grade Celsius,
42,64.27,W/m^2,18:02:31,28/6/17,Day of week:,Wednesday,33.13,Grade Celsius,
41,59.89,W/m^2,18:02:34,28/6/17,Day of week:,Wednesday,33.13,Grade Celsius,
33,58.43,W/m^2,18:02:37,28/6/17,Day of week:,Wednesday,33.06,Grade Celsius,
41,61.35,W/m^2,18:02:40,28/6/17,Day of week:,Wednesday,33.06,Grade Celsius,
41,64.27,W/m^2,18:02:43,28/6/17,Day of week:,Wednesday,33.00,Grade Celsius,
40,74.49,W/m^2,18:02:46,28/6/17,Day of week:,Wednesday,32.94,Grade Celsius,
42,59.89,W/m^2,18:02:49,28/6/17,Day of week:,Wednesday,32.94,Grade Celsius,
41,70.11,W/m^2,18:02:52,28/6/17,Day of week:,Wednesday,33.00,Grade Celsius,
41,59.89,W/m^2,18:02:55,28/6/17,Day of week:,Wednesday,33.00,Grade Celsius,
35,59.89,W/m^2,18:02:58,28/6/17,Day of week:,Wednesday,33.00,Grade Celsius,
36,61.35,W/m^2,18:03:01,28/6/17,Day of week:,Wednesday,33.00,Grade Celsius,
41,58.43,W/m^2,18:03:04,28/6/17,Day of week:,Wednesday,33.00,Grade Celsius,
39,58.43,W/m^2,18:03:07,28/6/17,Day of week:,Wednesday,33.00,Grade Celsius,
41,64.27,W/m^2,18:03:11,28/6/17,Day of week:,Wednesday,33.00,Grade Celsius,
41,64.27,W/m^2,18:03:14,28/6/17,Day of week:,Wednesday,33.06,Grade Celsius,
41,61.35,W/m^2,18:03:17,28/6/17,Day of week:,Wednesday,33.06,Grade Celsius,
41,58.43,W/m^2,18:03:20,28/6/17,Day of week:,Wednesday,33.00,Grade Celsius,
38,58.43,W/m^2,18:03:23,28/6/17,Day of week:,Wednesday,33.00,Grade Celsius,
43,52.58,W/m^2,18:03:26,28/6/17,Day of week:,Wednesday,33.00,Grade Celsius,
48,52.58,W/m^2,18:03:29,28/6/17,Day of week:,Wednesday,32.94,Grade Celsius,
40,61.35,W/m^2,18:03:32,28/6/17,Day of week:,Wednesday,32.94,Grade Celsius,
34,52.58,W/m^2,18:03:35,28/6/17,Day of week:,Wednesday,32.88,Grade Celsius,
41,58.43,W/m^2,18:03:38,28/6/17,Day of week:,Wednesday,32.88,Grade Celsius,
37,58.43,W/m^2,18:03:41,28/6/17,Day of week:,Wednesday,32.81,Grade Celsius,
43,59.89,W/m^2,18:03:44,28/6/17,Day of week:,Wednesday,32.88,Grade Celsius,
41,58.43,W/m^2,18:03:47,28/6/17,Day of week:,Wednesday,32.88,Grade Celsius,
45,58.43,W/m^2,18:03:50,28/6/17,Day of week:,Wednesday,32.81,Grade Celsius,
40,61.35,W/m^2,18:03:53,28/6/17,Day of week:,Wednesday,32.88,Grade Celsius,
43,64.27,W/m^2,18:03:57,28/6/17,Day of week:,Wednesday,32.88,Grade Celsius,
41,65.73,W/m^2,18:04:00,28/6/17,Day of week:,Wednesday,32.88,Grade Celsius,
45,58.43,W/m^2,18:04:03,28/6/17,Day of week:,Wednesday,32.88,Grade Celsius,
41,59.89,W/m^2,18:04:06,28/6/17,Day of week:,Wednesday,32.88,Grade Celsius,
34,58.43,W/m^2,18:04:09,28/6/17,Day of week:,Wednesday,32.88,Grade Celsius,
39,48.20,W/m^2,18:04:12,28/6/17,Day of week:,Wednesday,32.88,Grade Celsius,
42,64.27,W/m^2,18:04:15,28/6/17,Day of week:,Wednesday,32.88,Grade Celsius,
41,73.03,W/m^2,18:04:18,28/6/17,Day of week:,Wednesday,32.94,Grade Celsius,
48,52.58,W/m^2,18:04:21,28/6/17,Day of week:,Wednesday,33.00,Grade Celsius,
38,58.43,W/m^2,18:04:24,28/6/17,Day of week:,Wednesday,33.00,Grade Celsius,
41,59.89,W/m^2,18:04:27,28/6/17,Day of week:,Wednesday,33.00,Grade Celsius,
39,61.35,W/m^2,18:04:30,28/6/17,Day of week:,Wednesday,33.00,Grade Celsius,
32,61.35,W/m^2,18:04:33,28/6/17,Day of week:,Wednesday,33.06,Grade Celsius,
38,58.43,W/m^2,18:04:36,28/6/17,Day of week:,Wednesday,33.06,Grade Celsius,
36,61.35,W/m^2,18:04:39,28/6/17,Day of week:,Wednesday,33.13,Grade Celsius,
41,49.66,W/m^2,18:04:42,28/6/17,Day of week:,Wednesday,33.13,Grade Celsius,
40,70.11,W/m^2,18:04:46,28/6/17,Day of week:,Wednesday,33.13,Grade Celsius,
39,64.27,W/m^2,18:04:49,28/6/17,Day of week:,Wednesday,33.19,Grade Celsius,
40,59.89,W/m^2,18:04:52,28/6/17,Day of week:,Wednesday,33.19,Grade Celsius,
44,59.89,W/m^2,18:04:55,28/6/17,Day of week:,Wednesday,33.13,Grade Celsius,
39,58.43,W/m^2,18:04:58,28/6/17,Day of week:,Wednesday,33.19,Grade Celsius,
39,61.35,W/m^2,18:05:01,28/6/17,Day of week:,Wednesday,33.19,Grade Celsius,
39,64.27,W/m^2,18:05:04,28/6/17,Day of week:,Wednesday,33.19,Grade Celsius,
39,59.89,W/m^2,18:05:07,28/6/17,Day of week:,Wednesday,33.19,Grade Celsius,
39,58.43,W/m^2,18:05:10,28/6/17,Day of week:,Wednesday,33.25,Grade Celsius,
46,58.43,W/m^2,18:05:13,28/6/17,Day of week:,Wednesday,33.19,Grade Celsius,
40,52.58,W/m^2,18:05:16,28/6/17,Day of week:,Wednesday,33.19,Grade Celsius,
39,58.43,W/m^2,18:05:19,28/6/17,Day of week:,Wednesday,33.19,Grade Celsius,
40,58.43,W/m^2,18:05:22,28/6/17,Day of week:,Wednesday,33.19,Grade Celsius,
39,61.35,W/m^2,18:05:25,28/6/17,Day of week:,Wednesday,33.19,Grade Celsius,
40,64.27,W/m^2,18:05:29,28/6/17,Day of week:,Wednesday,33.19,Grade Celsius,
39,58.43,W/m^2,18:05:32,28/6/17,Day of week:,Wednesday,33.19,Grade Celsius,
38,61.35,W/m^2,18:05:35,28/6/17,Day of week:,Wednesday,33.19,Grade Celsius,
45,61.35,W/m^2,18:05:38,28/6/17,Day of week:,Wednesday,33.19,Grade Celsius,
35,58.43,W/m^2,18:05:41,28/6/17,Day of week:,Wednesday,33.19,Grade Celsius,
34,61.35,W/m^2,18:05:44,28/6/17,Day of week:,Wednesday,33.25,Grade Celsius,
40,58.43,W/m^2,18:05:47,28/6/17,Day of week:,Wednesday,33.25,Grade Celsius,
45,52.58,W/m^2,18:05:50,28/6/17,Day of week:,Wednesday,33.25,Grade Celsius,
39,52.58,W/m^2,18:05:53,28/6/17,Day of week:,Wednesday,33.31,Grade Celsius,
40,61.35,W/m^2,18:05:56,28/6/17,Day of week:,Wednesday,33.31,Grade Celsius,
32,58.43,W/m^2,18:05:59,28/6/17,Day of week:,Wednesday,33.38,Grade Celsius,
43,59.89,W/m^2,18:06:02,28/6/17,Day of week:,Wednesday,33.38,Grade Celsius,
33,64.27,W/m^2,18:06:05,28/6/17,Day of week:,Wednesday,33.38,Grade Celsius,
39,58.43,W/m^2,18:06:09,28/6/17,Day of week:,Wednesday,33.44,Grade Celsius,
41,52.58,W/m^2,18:06:12,28/6/17,Day of week:,Wednesday,33.44,Grade Celsius,
39,64.27,W/m^2,18:06:15,28/6/17,Day of week:,Wednesday,33.44,Grade Celsius,
39,46.74,W/m^2,18:06:18,28/6/17,Day of week:,Wednesday,33.44,Grade Celsius,
34,49.66,W/m^2,18:06:21,28/6/17,Day of week:,Wednesday,33.38,Grade Celsius,
39,62.81,W/m^2,18:06:24,28/6/17,Day of week:,Wednesday,33.31,Grade Celsius,
48,58.43,W/m^2,18:06:27,28/6/17,Day of week:,Wednesday,33.38,Grade Celsius,
41,54.04,W/m^2,18:06:30,28/6/17,Day of week:,Wednesday,33.38,Grade Celsius,
49,61.35,W/m^2,18:06:33,28/6/17,Day of week:,Wednesday,33.38,Grade Celsius,
40,58.43,W/m^2,18:06:36,28/6/17,Day of week:,Wednesday,33.38,Grade Celsius,
41,58.43,W/m^2,18:06:39,28/6/17,Day of week:,Wednesday,33.38,Grade Celsius,
39,49.66,W/m^2,18:06:42,28/6/17,Day of week:,Wednesday,33.44,Grade Celsius,
40,61.35,W/m^2,18:06:45,28/6/17,Day of week:,Wednesday,33.44,Grade Celsius,
42,59.89,W/m^2,18:06:48,28/6/17,Day of week:,Wednesday,33.44,Grade Celsius,
36,52.58,W/m^2,18:06:51,28/6/17,Day of week:,Wednesday,33.44,Grade Celsius,
40,59.89,W/m^2,18:06:55,28/6/17,Day of week:,Wednesday,33.44,Grade Celsius,
40,49.66,W/m^2,18:06:58,28/6/17,Day of week:,Wednesday,33.44,Grade Celsius,
45,58.43,W/m^2,18:07:01,28/6/17,Day of week:,Wednesday,33.44,Grade Celsius,
31,59.89,W/m^2,18:07:04,28/6/17,Day of week:,Wednesday,33.44,Grade Celsius,
45,70.11,W/m^2,18:07:07,28/6/17,Day of week:,Wednesday,33.44,Grade Celsius,
39,58.43,W/m^2,18:07:10,28/6/17,Day of week:,Wednesday,33.38,Grade Celsius,
43,58.43,W/m^2,18:07:13,28/6/17,Day of week:,Wednesday,33.31,Grade Celsius,
45,58.43,W/m^2,18:07:16,28/6/17,Day of week:,Wednesday,33.38,Grade Celsius,
39,58.43,W/m^2,18:07:19,28/6/17,Day of week:,Wednesday,33.31,Grade Celsius,
39,58.43,W/m^2,18:07:22,28/6/17,Day of week:,Wednesday,33.25,Grade Celsius,
49,65.73,W/m^2,18:07:25,28/6/17,Day of week:,Wednesday,33.25,Grade Celsius,
41,61.35,W/m^2,18:07:28,28/6/17,Day of week:,Wednesday,33.19,Grade Celsius,
41,58.43,W/m^2,18:07:31,28/6/17,Day of week:,Wednesday,33.19,Grade Celsius,
47,55.50,W/m^2,18:07:34,28/6/17,Day of week:,Wednesday,33.19,Grade Celsius,
36,55.50,W/m^2,18:07:37,28/6/17,Day of week:,Wednesday,33.19,Grade Celsius,
47,59.89,W/m^2,18:07:41,28/6/17,Day of week:,Wednesday,33.19,Grade Celsius,
35,59.89,W/m^2,18:07:44,28/6/17,Day of week:,Wednesday,33.19,Grade Celsius,
38,49.66,W/m^2,18:07:47,28/6/17,Day of week:,Wednesday,33.25,Grade Celsius,
45,61.35,W/m^2,18:07:50,28/6/17,Day of week:,Wednesday,33.25,Grade Celsius,
39,49.66,W/m^2,18:07:53,28/6/17,Day of week:,Wednesday,33.25,Grade Celsius,
39,55.50,W/m^2,18:07:56,28/6/17,Day of week:,Wednesday,33.25,Grade Celsius,
41,59.89,W/m^2,18:07:59,28/6/17,Day of week:,Wednesday,33.25,Grade Celsius,
43,59.89,W/m^2,18:08:02,28/6/17,Day of week:,Wednesday,33.25,Grade Celsius,
39,58.43,W/m^2,18:08:05,28/6/17,Day of week:,Wednesday,33.25,Grade Celsius,
38,58.43,W/m^2,18:08:08,28/6/17,Day of week:,Wednesday,33.19,Grade Celsius,
40,58.43,W/m^2,18:08:11,28/6/17,Day of week:,Wednesday,33.19,Grade Celsius,
39,61.35,W/m^2,18:08:14,28/6/17,Day of week:,Wednesday,33.25,Grade Celsius,
40,70.11,W/m^2,18:08:17,28/6/17,Day of week:,Wednesday,33.25,Grade Celsius,
37,52.58,W/m^2,18:08:20,28/6/17,Day of week:,Wednesday,33.25,Grade Celsius,
38,58.43,W/m^2,18:08:23,28/6/17,Day of week:,Wednesday,33.25,Grade Celsius,
37,64.27,W/m^2,18:08:26,28/6/17,Day of week:,Wednesday,33.25,Grade Celsius,
38,59.89,W/m^2,18:08:30,28/6/17,Day of week:,Wednesday,33.19,Grade Celsius,
41,58.43,W/m^2,18:08:33,28/6/17,Day of week:,Wednesday,33.19,Grade Celsius,
41,61.35,W/m^2,18:08:36,28/6/17,Day of week:,Wednesday,33.25,Grade Celsius,
41,54.04,W/m^2,18:08:39,28/6/17,Day of week:,Wednesday,33.25,Grade Celsius,
34,71.57,W/m^2,18:08:42,28/6/17,Day of week:,Wednesday,33.25,Grade Celsius,
38,49.66,W/m^2,18:08:45,28/6/17,Day of week:,Wednesday,33.19,Grade Celsius,
35,59.89,W/m^2,18:08:48,28/6/17,Day of week:,Wednesday,33.25,Grade Celsius,
40,61.35,W/m^2,18:08:51,28/6/17,Day of week:,Wednesday,33.25,Grade Celsius,
41,52.58,W/m^2,18:08:54,28/6/17,Day of week:,Wednesday,33.25,Grade Celsius,
40,59.89,W/m^2,18:08:57,28/6/17,Day of week:,Wednesday,33.25,Grade Celsius,
37,55.50,W/m^2,18:09:00,28/6/17,Day of week:,Wednesday,33.25,Grade Celsius,
38,58.43,W/m^2,18:09:03,28/6/17,Day of week:,Wednesday,33.25,Grade Celsius,
39,64.27,W/m^2,18:09:06,28/6/17,Day of week:,Wednesday,33.25,Grade Celsius,
38,58.43,W/m^2,18:09:09,28/6/17,Day of week:,Wednesday,33.25,Grade Celsius,
36,64.27,W/m^2,18:09:12,28/6/17,Day of week:,Wednesday,33.25,Grade Celsius,
40,70.11,W/m^2,18:09:16,28/6/17,Day of week:,Wednesday,33.25,Grade Celsius,
38,56.96,W/m^2,18:09:19,28/6/17,Day of week:,Wednesday,33.25,Grade Celsius,
44,59.89,W/m^2,18:09:22,28/6/17,Day of week:,Wednesday,33.25,Grade Celsius,
36,61.35,W/m^2,18:09:25,28/6/17,Day of week:,Wednesday,33.25,Grade Celsius,
41,61.35,W/m^2,18:09:28,28/6/17,Day of week:,Wednesday,33.25,Grade Celsius,
41,67.19,W/m^2,18:09:31,28/6/17,Day of week:,Wednesday,33.25,Grade Celsius,
43,59.89,W/m^2,18:09:34,28/6/17,Day of week:,Wednesday,33.31,Grade Celsius,
43,58.43,W/m^2,18:09:37,28/6/17,Day of week:,Wednesday,33.25,Grade Celsius,
38,64.27,W/m^2,18:09:40,28/6/17,Day of week:,Wednesday,33.31,Grade Celsius,
32,59.89,W/m^2,18:09:43,28/6/17,Day of week:,Wednesday,33.31,Grade Celsius,
40,52.58,W/m^2,18:09:46,28/6/17,Day of week:,Wednesday,33.25,Grade Celsius,
40,54.04,W/m^2,18:09:49,28/6/17,Day of week:,Wednesday,33.25,Grade Celsius,
40,59.89,W/m^2,18:09:52,28/6/17,Day of week:,Wednesday,33.25,Grade Celsius,
39,58.43,W/m^2,18:09:55,28/6/17,Day of week:,Wednesday,33.25,Grade Celsius,
38,58.43,W/m^2,18:09:59,28/6/17,Day of week:,Wednesday,33.25,Grade Celsius,
38,65.73,W/m^2,18:10:02,28/6/17,Day of week:,Wednesday,33.25,Grade Celsius,
41,58.43,W/m^2,18:10:05,28/6/17,Day of week:,Wednesday,33.25,Grade Celsius,
40,58.43,W/m^2,18:10:08,28/6/17,Day of week:,Wednesday,33.31,Grade Celsius,
33,64.27,W/m^2,18:10:11,28/6/17,Day of week:,Wednesday,33.31,Grade Celsius,
40,58.43,W/m^2,18:10:14,28/6/17,Day of week:,Wednesday,33.31,Grade Celsius,
41,51.12,W/m^2,18:10:17,28/6/17,Day of week:,Wednesday,33.38,Grade Celsius,
40,61.35,W/m^2,18:10:20,28/6/17,Day of week:,Wednesday,33.38,Grade Celsius,
38,64.27,W/m^2,18:10:23,28/6/17,Day of week:,Wednesday,33.38,Grade Celsius,
36,61.35,W/m^2,18:10:26,28/6/17,Day of week:,Wednesday,33.38,Grade Celsius,
40,70.11,W/m^2,18:10:29,28/6/17,Day of week:,Wednesday,33.38,Grade Celsius,
43,64.27,W/m^2,18:10:32,28/6/17,Day of week:,Wednesday,33.44,Grade Celsius,
39,58.43,W/m^2,18:10:35,28/6/17,Day of week:,Wednesday,33.44,Grade Celsius,
37,58.43,W/m^2,18:10:38,28/6/17,Day of week:,Wednesday,33.44,Grade Celsius,
46,52.58,W/m^2,18:10:41,28/6/17,Day of week:,Wednesday,33.44,Grade Celsius,
41,70.11,W/m^2,18:10:44,28/6/17,Day of week:,Wednesday,33.44,Grade Celsius,
33,52.58,W/m^2,18:10:48,28/6/17,Day of week:,Wednesday,33.38,Grade Celsius,
39,52.58,W/m^2,18:10:51,28/6/17,Day of week:,Wednesday,33.38,Grade Celsius,
37,58.43,W/m^2,18:10:54,28/6/17,Day of week:,Wednesday,33.38,Grade Celsius,
38,58.43,W/m^2,18:10:57,28/6/17,Day of week:,Wednesday,33.44,Grade Celsius,
40,58.43,W/m^2,18:11:00,28/6/17,Day of week:,Wednesday,33.38,Grade Celsius,
32,58.43,W/m^2,18:11:03,28/6/17,Day of week:,Wednesday,33.31,Grade Celsius,
39,55.50,W/m^2,18:11:06,28/6/17,Day of week:,Wednesday,33.38,Grade Celsius,
35,58.43,W/m^2,18:11:09,28/6/17,Day of week:,Wednesday,33.38,Grade Celsius,
40,58.43,W/m^2,18:11:12,28/6/17,Day of week:,Wednesday,33.38,Grade Celsius,
39,61.35,W/m^2,18:11:15,28/6/17,Day of week:,Wednesday,33.44,Grade Celsius,
44,58.43,W/m^2,18:11:18,28/6/17,Day of week:,Wednesday,33.44,Grade Celsius,
32,59.89,W/m^2,18:11:21,28/6/17,Day of week:,Wednesday,33.38,Grade Celsius,
40,65.73,W/m^2,18:11:24,28/6/17,Day of week:,Wednesday,33.38,Grade Celsius,
39,64.27,W/m^2,18:11:27,28/6/17,Day of week:,Wednesday,33.38,Grade Celsius,
38,58.43,W/m^2,18:11:31,28/6/17,Day of week:,Wednesday,33.38,Grade Celsius,
39,55.50,W/m^2,18:11:34,28/6/17,Day of week:,Wednesday,33.38,Grade Celsius,
40,64.27,W/m^2,18:11:37,28/6/17,Day of week:,Wednesday,33.38,Grade Celsius,
37,58.43,W/m^2,18:11:40,28/6/17,Day of week:,Wednesday,33.38,Grade Celsius,
38,59.89,W/m^2,18:11:43,28/6/17,Day of week:,Wednesday,33.31,Grade Celsius,
41,58.43,W/m^2,18:11:46,28/6/17,Day of week:,Wednesday,33.31,Grade Celsius,
45,55.50,W/m^2,18:11:49,28/6/17,Day of week:,Wednesday,33.31,Grade Celsius,
38,54.04,W/m^2,18:11:52,28/6/17,Day of week:,Wednesday,33.25,Grade Celsius,
38,55.50,W/m^2,18:11:55,28/6/17,Day of week:,Wednesday,33.25,Grade Celsius,
40,58.43,W/m^2,18:11:58,28/6/17,Day of week:,Wednesday,33.25,Grade Celsius,
39,61.35,W/m^2,18:12:01,28/6/17,Day of week:,Wednesday,33.25,Grade Celsius,
37,58.43,W/m^2,18:12:04,28/6/17,Day of week:,Wednesday,33.25,Grade Celsius,
36,61.35,W/m^2,18:12:07,28/6/17,Day of week:,Wednesday,33.31,Grade Celsius,
32,59.89,W/m^2,18:12:10,28/6/17,Day of week:,Wednesday,33.25,Grade Celsius,
37,58.43,W/m^2,18:12:13,28/6/17,Day of week:,Wednesday,33.25,Grade Celsius,
39,58.43,W/m^2,18:12:17,28/6/17,Day of week:,Wednesday,33.25,Grade Celsius,
33,70.11,W/m^2,18:12:20,28/6/17,Day of week:,Wednesday,33.25,Grade Celsius,
37,49.66,W/m^2,18:12:23,28/6/17,Day of week:,Wednesday,33.25,Grade Celsius,
38,49.66,W/m^2,18:12:26,28/6/17,Day of week:,Wednesday,33.19,Grade Celsius,
39,58.43,W/m^2,18:12:29,28/6/17,Day of week:,Wednesday,33.13,Grade Celsius,
40,58.43,W/m^2,18:12:32,28/6/17,Day of week:,Wednesday,33.13,Grade Celsius,
39,61.35,W/m^2,18:12:35,28/6/17,Day of week:,Wednesday,33.19,Grade Celsius,
42,55.50,W/m^2,18:12:38,28/6/17,Day of week:,Wednesday,33.19,Grade Celsius,
40,58.43,W/m^2,18:12:41,28/6/17,Day of week:,Wednesday,33.19,Grade Celsius,
39,58.43,W/m^2,18:12:44,28/6/17,Day of week:,Wednesday,33.25,Grade Celsius,
37,59.89,W/m^2,18:12:47,28/6/17,Day of week:,Wednesday,33.25,Grade Celsius,
42,46.74,W/m^2,18:12:50,28/6/17,Day of week:,Wednesday,33.25,Grade Celsius,
30,58.43,W/m^2,18:12:53,28/6/17,Day of week:,Wednesday,33.25,Grade Celsius,
37,58.43,W/m^2,18:12:56,28/6/17,Day of week:,Wednesday,33.25,Grade Celsius,
45,59.89,W/m^2,18:12:59,28/6/17,Day of week:,Wednesday,33.25,Grade Celsius,
39,58.43,W/m^2,18:13:03,28/6/17,Day of week:,Wednesday,33.19,Grade Celsius,
39,58.43,W/m^2,18:13:06,28/6/17,Day of week:,Wednesday,33.19,Grade Celsius,
37,64.27,W/m^2,18:13:09,28/6/17,Day of week:,Wednesday,33.19,Grade Celsius,
42,70.11,W/m^2,18:13:12,28/6/17,Day of week:,Wednesday,33.13,Grade Celsius,
35,58.43,W/m^2,18:13:15,28/6/17,Day of week:,Wednesday,33.06,Grade Celsius,
39,64.27,W/m^2,18:13:18,28/6/17,Day of week:,Wednesday,33.00,Grade Celsius,
39,61.35,W/m^2,18:13:21,28/6/17,Day of week:,Wednesday,33.00,Grade Celsius,
30,55.50,W/m^2,18:13:24,28/6/17,Day of week:,Wednesday,33.00,Grade Celsius,
33,64.27,W/m^2,18:13:27,28/6/17,Day of week:,Wednesday,33.00,Grade Celsius,
37,70.11,W/m^2,18:13:30,28/6/17,Day of week:,Wednesday,33.00,Grade Celsius,
37,58.43,W/m^2,18:13:33,28/6/17,Day of week:,Wednesday,33.00,Grade Celsius,
38,58.43,W/m^2,18:13:36,28/6/17,Day of week:,Wednesday,33.00,Grade Celsius,
37,49.66,W/m^2,18:13:39,28/6/17,Day of week:,Wednesday,33.00,Grade Celsius,
38,54.04,W/m^2,18:13:42,28/6/17,Day of week:,Wednesday,33.06,Grade Celsius,
32,58.43,W/m^2,18:13:45,28/6/17,Day of week:,Wednesday,33.06,Grade Celsius,
37,64.27,W/m^2,18:13:48,28/6/17,Day of week:,Wednesday,33.06,Grade Celsius,
46,64.27,W/m^2,18:13:52,28/6/17,Day of week:,Wednesday,33.06,Grade Celsius,
45,58.43,W/m^2,18:13:55,28/6/17,Day of week:,Wednesday,33.13,Grade Celsius,
39,64.27,W/m^2,18:13:58,28/6/17,Day of week:,Wednesday,33.13,Grade Celsius,
32,48.20,W/m^2,18:14:01,28/6/17,Day of week:,Wednesday,33.13,Grade Celsius,
33,64.27,W/m^2,18:14:04,28/6/17,Day of week:,Wednesday,33.13,Grade Celsius,
39,58.43,W/m^2,18:14:07,28/6/17,Day of week:,Wednesday,33.13,Grade Celsius,
41,58.43,W/m^2,18:14:10,28/6/17,Day of week:,Wednesday,33.13,Grade Celsius,
37,58.43,W/m^2,18:14:13,28/6/17,Day of week:,Wednesday,33.13,Grade Celsius,
39,54.04,W/m^2,18:14:16,28/6/17,Day of week:,Wednesday,33.06,Grade Celsius,
42,58.43,W/m^2,18:14:19,28/6/17,Day of week:,Wednesday,33.13,Grade Celsius,
31,61.35,W/m^2,18:14:22,28/6/17,Day of week:,Wednesday,33.13,Grade Celsius,
40,70.11,W/m^2,18:14:25,28/6/17,Day of week:,Wednesday,33.19,Grade Celsius,
45,61.35,W/m^2,18:14:28,28/6/17,Day of week:,Wednesday,33.19,Grade Celsius,
33,58.43,W/m^2,18:14:31,28/6/17,Day of week:,Wednesday,33.25,Grade Celsius,
37,64.27,W/m^2,18:14:34,28/6/17,Day of week:,Wednesday,33.25,Grade Celsius,
37,58.43,W/m^2,18:14:38,28/6/17,Day of week:,Wednesday,33.25,Grade Celsius,
30,58.43,W/m^2,18:14:41,28/6/17,Day of week:,Wednesday,33.31,Grade Celsius,
39,49.66,W/m^2,18:14:44,28/6/17,Day of week:,Wednesday,33.25,Grade Celsius,
37,58.43,W/m^2,18:14:47,28/6/17,Day of week:,Wednesday,33.31,Grade Celsius,
41,46.74,W/m^2,18:14:50,28/6/17,Day of week:,Wednesday,33.31,Grade Celsius,
38,58.43,W/m^2,18:14:53,28/6/17,Day of week:,Wednesday,33.31,Grade Celsius,
39,58.43,W/m^2,18:14:56,28/6/17,Day of week:,Wednesday,33.31,Grade Celsius,
40,55.50,W/m^2,18:14:59,28/6/17,Day of week:,Wednesday,33.38,Grade Celsius,
36,58.43,W/m^2,18:15:02,28/6/17,Day of week:,Wednesday,33.31,Grade Celsius,
33,52.58,W/m^2,18:15:05,28/6/17,Day of week:,Wednesday,33.31,Grade Celsius,
35,54.04,W/m^2,18:15:08,28/6/17,Day of week:,Wednesday,33.25,Grade Celsius,
39,73.03,W/m^2,18:15:11,28/6/17,Day of week:,Wednesday,33.19,Grade Celsius,
44,58.43,W/m^2,18:15:14,28/6/17,Day of week:,Wednesday,33.19,Grade Celsius,
40,58.43,W/m^2,18:15:17,28/6/17,Day of week:,Wednesday,33.19,Grade Celsius,
41,61.35,W/m^2,18:15:21,28/6/17,Day of week:,Wednesday,33.13,Grade Celsius,
33,58.43,W/m^2,18:15:24,28/6/17,Day of week:,Wednesday,33.13,Grade Celsius,
39,51.12,W/m^2,18:15:27,28/6/17,Day of week:,Wednesday,33.13,Grade Celsius,
44,52.58,W/m^2,18:15:30,28/6/17,Day of week:,Wednesday,33.06,Grade Celsius,
46,46.74,W/m^2,18:15:33,28/6/17,Day of week:,Wednesday,33.13,Grade Celsius,
41,58.43,W/m^2,18:15:36,28/6/17,Day of week:,Wednesday,33.06,Grade Celsius,
38,58.43,W/m^2,18:15:39,28/6/17,Day of week:,Wednesday,33.06,Grade Celsius,
39,52.58,W/m^2,18:15:42,28/6/17,Day of week:,Wednesday,33.00,Grade Celsius,
45,70.11,W/m^2,18:15:45,28/6/17,Day of week:,Wednesday,32.94,Grade Celsius,
41,58.43,W/m^2,18:15:48,28/6/17,Day of week:,Wednesday,32.94,Grade Celsius,
39,58.43,W/m^2,18:15:51,28/6/17,Day of week:,Wednesday,32.94,Grade Celsius,
40,58.43,W/m^2,18:15:54,28/6/17,Day of week:,Wednesday,32.94,Grade Celsius,
37,58.43,W/m^2,18:15:57,28/6/17,Day of week:,Wednesday,32.94,Grade Celsius,
38,58.43,W/m^2,18:16:00,28/6/17,Day of week:,Wednesday,32.94,Grade Celsius,
39,58.43,W/m^2,18:16:03,28/6/17,Day of week:,Wednesday,32.94,Grade Celsius,
43,58.43,W/m^2,18:16:06,28/6/17,Day of week:,Wednesday,32.94,Grade Celsius,
45,58.43,W/m^2,18:16:10,28/6/17,Day of week:,Wednesday,32.94,Grade Celsius,
39,55.50,W/m^2,18:16:13,28/6/17,Day of week:,Wednesday,32.94,Grade Celsius,
35,58.43,W/m^2,18:16:16,28/6/17,Day of week:,Wednesday,32.94,Grade Celsius,
37,58.43,W/m^2,18:16:19,28/6/17,Day of week:,Wednesday,32.94,Grade Celsius,
45,61.35,W/m^2,18:16:22,28/6/17,Day of week:,Wednesday,32.94,Grade Celsius,
37,70.11,W/m^2,18:16:25,28/6/17,Day of week:,Wednesday,32.94,Grade Celsius,
40,49.66,W/m^2,18:16:28,28/6/17,Day of week:,Wednesday,32.94,Grade Celsius,
38,65.73,W/m^2,18:16:31,28/6/17,Day of week:,Wednesday,32.94,Grade Celsius,
38,58.43,W/m^2,18:16:34,28/6/17,Day of week:,Wednesday,32.88,Grade Celsius,
39,58.43,W/m^2,18:16:37,28/6/17,Day of week:,Wednesday,32.88,Grade Celsius,
36,62.81,W/m^2,18:16:40,28/6/17,Day of week:,Wednesday,32.88,Grade Celsius,
44,58.43,W/m^2,18:16:43,28/6/17,Day of week:,Wednesday,32.88,Grade Celsius,
43,58.43,W/m^2,18:16:47,28/6/17,Day of week:,Wednesday,32.94,Grade Celsius,
36,55.50,W/m^2,18:16:50,28/6/17,Day of week:,Wednesday,32.94,Grade Celsius,
40,55.50,W/m^2,18:16:53,28/6/17,Day of week:,Wednesday,32.94,Grade Celsius,
36,67.19,W/m^2,18:16:56,28/6/17,Day of week:,Wednesday,33.00,Grade Celsius,
39,55.50,W/m^2,18:16:59,28/6/17,Day of week:,Wednesday,33.00,Grade Celsius,
37,59.89,W/m^2,18:17:02,28/6/17,Day of week:,Wednesday,33.00,Grade Celsius,
39,48.20,W/m^2,18:17:05,28/6/17,Day of week:,Wednesday,33.06,Grade Celsius,
38,64.27,W/m^2,18:17:08,28/6/17,Day of week:,Wednesday,33.06,Grade Celsius,
37,58.43,W/m^2,18:17:11,28/6/17,Day of week:,Wednesday,33.13,Grade Celsius,
39,58.43,W/m^2,18:17:14,28/6/17,Day of week:,Wednesday,33.13,Grade Celsius,
34,64.27,W/m^2,18:17:17,28/6/17,Day of week:,Wednesday,33.13,Grade Celsius,
37,58.43,W/m^2,18:17:20,28/6/17,Day of week:,Wednesday,33.13,Grade Celsius,
41,48.20,W/m^2,18:17:23,28/6/17,Day of week:,Wednesday,33.13,Grade Celsius,
42,65.73,W/m^2,18:17:26,28/6/17,Day of week:,Wednesday,33.13,Grade Celsius,
32,52.58,W/m^2,18:17:29,28/6/17,Day of week:,Wednesday,33.19,Grade Celsius,
37,58.43,W/m^2,18:17:32,28/6/17,Day of week:,Wednesday,33.19,Grade Celsius,
33,58.43,W/m^2,18:17:36,28/6/17,Day of week:,Wednesday,33.25,Grade Celsius,
40,70.11,W/m^2,18:17:39,28/6/17,Day of week:,Wednesday,33.25,Grade Celsius,
38,58.43,W/m^2,18:17:42,28/6/17,Day of week:,Wednesday,33.31,Grade Celsius,
40,49.66,W/m^2,18:17:45,28/6/17,Day of week:,Wednesday,33.31,Grade Celsius,
38,49.66,W/m^2,18:17:48,28/6/17,Day of week:,Wednesday,33.31,Grade Celsius,
41,58.43,W/m^2,18:17:51,28/6/17,Day of week:,Wednesday,33.31,Grade Celsius,
34,58.43,W/m^2,18:17:54,28/6/17,Day of week:,Wednesday,33.31,Grade Celsius,
37,58.43,W/m^2,18:17:57,28/6/17,Day of week:,Wednesday,33.31,Grade Celsius,
38,59.89,W/m^2,18:18:00,28/6/17,Day of week:,Wednesday,33.25,Grade Celsius,
38,58.43,W/m^2,18:18:03,28/6/17,Day of week:,Wednesday,33.25,Grade Celsius,
37,65.73,W/m^2,18:18:06,28/6/17,Day of week:,Wednesday,33.25,Grade Celsius,
40,58.43,W/m^2,18:18:09,28/6/17,Day of week:,Wednesday,33.25,Grade Celsius,
36,58.43,W/m^2,18:18:12,28/6/17,Day of week:,Wednesday,33.25,Grade Celsius,
34,58.43,W/m^2,18:18:15,28/6/17,Day of week:,Wednesday,33.25,Grade Celsius,
38,70.11,W/m^2,18:18:18,28/6/17,Day of week:,Wednesday,33.25,Grade Celsius,
38,58.43,W/m^2,18:18:22,28/6/17,Day of week:,Wednesday,33.25,Grade Celsius,
37,61.35,W/m^2,18:18:25,28/6/17,Day of week:,Wednesday,33.19,Grade Celsius,
44,58.43,W/m^2,18:18:28,28/6/17,Day of week:,Wednesday,33.19,Grade Celsius,
37,58.43,W/m^2,18:18:31,28/6/17,Day of week:,Wednesday,33.19,Grade Celsius,
44,61.35,W/m^2,18:18:34,28/6/17,Day of week:,Wednesday,33.25,Grade Celsius,
39,52.58,W/m^2,18:18:37,28/6/17,Day of week:,Wednesday,33.25,Grade Celsius,
39,58.43,W/m^2,18:18:40,28/6/17,Day of week:,Wednesday,33.25,Grade Celsius,
34,58.43,W/m^2,18:18:43,28/6/17,Day of week:,Wednesday,33.25,Grade Celsius,
37,58.43,W/m^2,18:18:46,28/6/17,Day of week:,Wednesday,33.25,Grade Celsius,
38,58.43,W/m^2,18:18:49,28/6/17,Day of week:,Wednesday,33.25,Grade Celsius,
36,58.43,W/m^2,18:18:52,28/6/17,Day of week:,Wednesday,33.25,Grade Celsius,
39,65.73,W/m^2,18:18:55,28/6/17,Day of week:,Wednesday,33.25,Grade Celsius,
37,54.04,W/m^2,18:18:58,28/6/17,Day of week:,Wednesday,33.31,Grade Celsius,
36,51.12,W/m^2,18:19:01,28/6/17,Day of week:,Wednesday,33.31,Grade Celsius,
36,58.43,W/m^2,18:19:04,28/6/17,Day of week:,Wednesday,33.31,Grade Celsius,
35,55.50,W/m^2,18:19:08,28/6/17,Day of week:,Wednesday,33.31,Grade Celsius,
33,52.58,W/m^2,18:19:11,28/6/17,Day of week:,Wednesday,33.31,Grade Celsius,
32,70.11,W/m^2,18:19:14,28/6/17,Day of week:,Wednesday,33.31,Grade Celsius,
39,52.58,W/m^2,18:19:17,28/6/17,Day of week:,Wednesday,33.31,Grade Celsius,
40,46.74,W/m^2,18:19:20,28/6/17,Day of week:,Wednesday,33.31,Grade Celsius,
30,51.12,W/m^2,18:19:23,28/6/17,Day of week:,Wednesday,33.38,Grade Celsius,
40,58.43,W/m^2,18:19:26,28/6/17,Day of week:,Wednesday,33.31,Grade Celsius,
35,58.43,W/m^2,18:19:29,28/6/17,Day of week:,Wednesday,33.31,Grade Celsius,
37,54.04,W/m^2,18:19:32,28/6/17,Day of week:,Wednesday,33.31,Grade Celsius,
37,58.43,W/m^2,18:19:35,28/6/17,Day of week:,Wednesday,33.31,Grade Celsius,
37,58.43,W/m^2,18:19:38,28/6/17,Day of week:,Wednesday,33.25,Grade Celsius,
41,58.43,W/m^2,18:19:41,28/6/17,Day of week:,Wednesday,33.19,Grade Celsius,
35,58.43,W/m^2,18:19:44,28/6/17,Day of week:,Wednesday,33.19,Grade Celsius,
36,58.43,W/m^2,18:19:47,28/6/17,Day of week:,Wednesday,33.06,Grade Celsius,
36,58.43,W/m^2,18:19:50,28/6/17,Day of week:,Wednesday,33.13,Grade Celsius,
37,58.43,W/m^2,18:19:54,28/6/17,Day of week:,Wednesday,33.06,Grade Celsius,
39,58.43,W/m^2,18:19:57,28/6/17,Day of week:,Wednesday,33.00,Grade Celsius,
38,52.58,W/m^2,18:20:00,28/6/17,Day of week:,Wednesday,32.94,Grade Celsius,
38,58.43,W/m^2,18:20:03,28/6/17,Day of week:,Wednesday,32.94,Grade Celsius,
37,52.58,W/m^2,18:20:06,28/6/17,Day of week:,Wednesday,32.88,Grade Celsius,
36,54.04,W/m^2,18:20:09,28/6/17,Day of week:,Wednesday,32.94,Grade Celsius,
38,58.43,W/m^2,18:20:12,28/6/17,Day of week:,Wednesday,32.88,Grade Celsius,
31,58.43,W/m^2,18:20:15,28/6/17,Day of week:,Wednesday,32.88,Grade Celsius,
32,54.04,W/m^2,18:20:18,28/6/17,Day of week:,Wednesday,32.88,Grade Celsius,
37,58.43,W/m^2,18:20:21,28/6/17,Day of week:,Wednesday,32.88,Grade Celsius,
37,52.58,W/m^2,18:20:24,28/6/17,Day of week:,Wednesday,32.88,Grade Celsius,
35,46.74,W/m^2,18:20:27,28/6/17,Day of week:,Wednesday,32.88,Grade Celsius,
39,58.43,W/m^2,18:20:30,28/6/17,Day of week:,Wednesday,32.88,Grade Celsius,
38,54.04,W/m^2,18:20:33,28/6/17,Day of week:,Wednesday,32.94,Grade Celsius,
41,54.04,W/m^2,18:20:36,28/6/17,Day of week:,Wednesday,33.00,Grade Celsius,
29,48.20,W/m^2,18:20:40,28/6/17,Day of week:,Wednesday,32.94,Grade Celsius,
39,59.89,W/m^2,18:20:43,28/6/17,Day of week:,Wednesday,32.94,Grade Celsius,
36,46.74,W/m^2,18:20:46,28/6/17,Day of week:,Wednesday,32.94,Grade Celsius,
40,58.43,W/m^2,18:20:49,28/6/17,Day of week:,Wednesday,32.94,Grade Celsius,
38,70.11,W/m^2,18:20:52,28/6/17,Day of week:,Wednesday,32.94,Grade Celsius,
40,52.58,W/m^2,18:20:55,28/6/17,Day of week:,Wednesday,32.94,Grade Celsius,
42,49.66,W/m^2,18:20:58,28/6/17,Day of week:,Wednesday,32.94,Grade Celsius,
38,58.43,W/m^2,18:21:01,28/6/17,Day of week:,Wednesday,33.00,Grade Celsius,
35,54.04,W/m^2,18:21:04,28/6/17,Day of week:,Wednesday,33.00,Grade Celsius,
35,46.74,W/m^2,18:21:07,28/6/17,Day of week:,Wednesday,33.00,Grade Celsius,
38,58.43,W/m^2,18:21:10,28/6/17,Day of week:,Wednesday,33.06,Grade Celsius,
37,58.43,W/m^2,18:21:13,28/6/17,Day of week:,Wednesday,33.06,Grade Celsius,
35,58.43,W/m^2,18:21:16,28/6/17,Day of week:,Wednesday,33.06,Grade Celsius,
38,64.27,W/m^2,18:21:19,28/6/17,Day of week:,Wednesday,33.13,Grade Celsius,
42,52.58,W/m^2,18:21:22,28/6/17,Day of week:,Wednesday,33.06,Grade Celsius,
44,61.35,W/m^2,18:21:26,28/6/17,Day of week:,Wednesday,33.06,Grade Celsius,
36,58.43,W/m^2,18:21:29,28/6/17,Day of week:,Wednesday,33.13,Grade Celsius,
35,58.43,W/m^2,18:21:32,28/6/17,Day of week:,Wednesday,33.13,Grade Celsius,
36,49.66,W/m^2,18:21:35,28/6/17,Day of week:,Wednesday,33.13,Grade Celsius,
36,52.58,W/m^2,18:21:38,28/6/17,Day of week:,Wednesday,33.13,Grade Celsius,
37,52.58,W/m^2,18:21:41,28/6/17,Day of week:,Wednesday,33.06,Grade Celsius,
43,58.43,W/m^2,18:21:44,28/6/17,Day of week:,Wednesday,33.00,Grade Celsius,
39,58.43,W/m^2,18:21:47,28/6/17,Day of week:,Wednesday,33.00,Grade Celsius,
37,52.58,W/m^2,18:21:50,28/6/17,Day of week:,Wednesday,32.88,Grade Celsius,
37,52.58,W/m^2,18:21:53,28/6/17,Day of week:,Wednesday,32.94,Grade Celsius,
37,58.43,W/m^2,18:21:56,28/6/17,Day of week:,Wednesday,32.94,Grade Celsius,
38,58.43,W/m^2,18:21:59,28/6/17,Day of week:,Wednesday,32.94,Grade Celsius,
30,58.43,W/m^2,18:22:02,28/6/17,Day of week:,Wednesday,33.00,Grade Celsius,
37,52.58,W/m^2,18:22:05,28/6/17,Day of week:,Wednesday,33.00,Grade Celsius,
37,65.73,W/m^2,18:22:08,28/6/17,Day of week:,Wednesday,33.00,Grade Celsius,
36,55.50,W/m^2,18:22:12,28/6/17,Day of week:,Wednesday,32.94,Grade Celsius,
37,58.43,W/m^2,18:22:15,28/6/17,Day of week:,Wednesday,32.94,Grade Celsius,
37,46.74,W/m^2,18:22:18,28/6/17,Day of week:,Wednesday,32.94,Grade Celsius,
41,52.58,W/m^2,18:22:21,28/6/17,Day of week:,Wednesday,32.94,Grade Celsius,
31,55.50,W/m^2,18:22:24,28/6/17,Day of week:,Wednesday,32.94,Grade Celsius,
40,52.58,W/m^2,18:22:27,28/6/17,Day of week:,Wednesday,32.94,Grade Celsius,
32,46.74,W/m^2,18:22:30,28/6/17,Day of week:,Wednesday,32.88,Grade Celsius,
38,52.58,W/m^2,18:22:33,28/6/17,Day of week:,Wednesday,32.94,Grade Celsius,
37,49.66,W/m^2,18:22:36,28/6/17,Day of week:,Wednesday,32.94,Grade Celsius,
35,55.50,W/m^2,18:22:39,28/6/17,Day of week:,Wednesday,32.94,Grade Celsius,
29,46.74,W/m^2,18:22:42,28/6/17,Day of week:,Wednesday,32.94,Grade Celsius,
36,58.43,W/m^2,18:22:45,28/6/17,Day of week:,Wednesday,32.94,Grade Celsius,
33,55.50,W/m^2,18:22:48,28/6/17,Day of week:,Wednesday,32.94,Grade Celsius,
37,55.50,W/m^2,18:22:51,28/6/17,Day of week:,Wednesday,32.88,Grade Celsius,
36,54.04,W/m^2,18:22:54,28/6/17,Day of week:,Wednesday,32.94,Grade Celsius,
37,54.04,W/m^2,18:22:58,28/6/17,Day of week:,Wednesday,32.94,Grade Celsius,
32,55.50,W/m^2,18:23:01,28/6/17,Day of week:,Wednesday,32.94,Grade Celsius,
37,58.43,W/m^2,18:23:04,28/6/17,Day of week:,Wednesday,32.94,Grade Celsius,
36,46.74,W/m^2,18:23:07,28/6/17,Day of week:,Wednesday,33.00,Grade Celsius,
38,52.58,W/m^2,18:23:10,28/6/17,Day of week:,Wednesday,33.00,Grade Celsius,
38,59.89,W/m^2,18:23:13,28/6/17,Day of week:,Wednesday,33.00,Grade Celsius,
40,46.74,W/m^2,18:23:16,28/6/17,Day of week:,Wednesday,33.00,Grade Celsius,
35,52.58,W/m^2,18:23:19,28/6/17,Day of week:,Wednesday,33.00,Grade Celsius,
36,58.43,W/m^2,18:23:22,28/6/17,Day of week:,Wednesday,33.00,Grade Celsius,
38,70.11,W/m^2,18:23:25,28/6/17,Day of week:,Wednesday,33.00,Grade Celsius,
33,58.43,W/m^2,18:23:28,28/6/17,Day of week:,Wednesday,33.00,Grade Celsius,
37,58.43,W/m^2,18:23:31,28/6/17,Day of week:,Wednesday,33.00,Grade Celsius,
36,52.58,W/m^2,18:23:34,28/6/17,Day of week:,Wednesday,33.00,Grade Celsius,
37,54.04,W/m^2,18:23:37,28/6/17,Day of week:,Wednesday,33.06,Grade Celsius,
37,46.74,W/m^2,18:23:40,28/6/17,Day of week:,Wednesday,33.06,Grade Celsius,
31,58.43,W/m^2,18:23:44,28/6/17,Day of week:,Wednesday,33.06,Grade Celsius,
39,49.66,W/m^2,18:23:47,28/6/17,Day of week:,Wednesday,33.13,Grade Celsius,
38,58.43,W/m^2,18:23:50,28/6/17,Day of week:,Wednesday,33.13,Grade Celsius,
27,58.43,W/m^2,18:23:53,28/6/17,Day of week:,Wednesday,33.13,Grade Celsius,
36,55.50,W/m^2,18:23:56,28/6/17,Day of week:,Wednesday,33.13,Grade Celsius,
37,46.74,W/m^2,18:23:59,28/6/17,Day of week:,Wednesday,33.13,Grade Celsius,
38,52.58,W/m^2,18:24:02,28/6/17,Day of week:,Wednesday,33.06,Grade Celsius,
37,58.43,W/m^2,18:24:05,28/6/17,Day of week:,Wednesday,33.13,Grade Celsius,
37,54.04,W/m^2,18:24:08,28/6/17,Day of week:,Wednesday,33.06,Grade Celsius,
40,46.74,W/m^2,18:24:11,28/6/17,Day of week:,Wednesday,33.00,Grade Celsius,
36,52.58,W/m^2,18:24:14,28/6/17,Day of week:,Wednesday,33.06,Grade Celsius,
30,58.43,W/m^2,18:24:17,28/6/17,Day of week:,Wednesday,33.00,Grade Celsius,
37,64.27,W/m^2,18:24:20,28/6/17,Day of week:,Wednesday,33.00,Grade Celsius,
43,46.74,W/m^2,18:24:23,28/6/17,Day of week:,Wednesday,33.00,Grade Celsius,
32,48.20,W/m^2,18:24:26,28/6/17,Day of week:,Wednesday,33.06,Grade Celsius,
37,49.66,W/m^2,18:24:30,28/6/17,Day of week:,Wednesday,33.00,Grade Celsius,
35,46.74,W/m^2,18:24:33,28/6/17,Day of week:,Wednesday,33.00,Grade Celsius,
34,61.35,W/m^2,18:24:36,28/6/17,Day of week:,Wednesday,32.94,Grade Celsius,
35,55.50,W/m^2,18:24:39,28/6/17,Day of week:,Wednesday,32.94,Grade Celsius,
33,61.35,W/m^2,18:24:42,28/6/17,Day of week:,Wednesday,32.94,Grade Celsius,
37,49.66,W/m^2,18:24:45,28/6/17,Day of week:,Wednesday,32.94,Grade Celsius,
36,48.20,W/m^2,18:24:48,28/6/17,Day of week:,Wednesday,32.88,Grade Celsius,
36,52.58,W/m^2,18:24:51,28/6/17,Day of week:,Wednesday,32.94,Grade Celsius,
33,55.50,W/m^2,18:24:54,28/6/17,Day of week:,Wednesday,32.88,Grade Celsius,
35,65.73,W/m^2,18:24:57,28/6/17,Day of week:,Wednesday,32.88,Grade Celsius,
40,49.66,W/m^2,18:25:00,28/6/17,Day of week:,Wednesday,32.88,Grade Celsius,
35,61.35,W/m^2,18:25:03,28/6/17,Day of week:,Wednesday,32.94,Grade Celsius,
31,49.66,W/m^2,18:25:06,28/6/17,Day of week:,Wednesday,32.94,Grade Celsius,
37,58.43,W/m^2,18:25:09,28/6/17,Day of week:,Wednesday,32.94,Grade Celsius,
35,52.58,W/m^2,18:25:12,28/6/17,Day of week:,Wednesday,32.94,Grade Celsius,
37,52.58,W/m^2,18:25:16,28/6/17,Day of week:,Wednesday,33.00,Grade Celsius,
37,58.43,W/m^2,18:25:19,28/6/17,Day of week:,Wednesday,32.94,Grade Celsius,
40,51.12,W/m^2,18:25:22,28/6/17,Day of week:,Wednesday,32.94,Grade Celsius,
38,54.04,W/m^2,18:25:25,28/6/17,Day of week:,Wednesday,32.94,Grade Celsius,
35,54.04,W/m^2,18:25:28,28/6/17,Day of week:,Wednesday,32.94,Grade Celsius,
38,58.43,W/m^2,18:25:31,28/6/17,Day of week:,Wednesday,32.94,Grade Celsius,
29,55.50,W/m^2,18:25:34,28/6/17,Day of week:,Wednesday,32.88,Grade Celsius,
35,58.43,W/m^2,18:25:37,28/6/17,Day of week:,Wednesday,32.88,Grade Celsius,
35,55.50,W/m^2,18:25:40,28/6/17,Day of week:,Wednesday,32.88,Grade Celsius,
35,54.04,W/m^2,18:25:43,28/6/17,Day of week:,Wednesday,32.81,Grade Celsius,
38,58.43,W/m^2,18:25:46,28/6/17,Day of week:,Wednesday,32.75,Grade Celsius,
41,52.58,W/m^2,18:25:49,28/6/17,Day of week:,Wednesday,32.75,Grade Celsius,
40,49.66,W/m^2,18:25:52,28/6/17,Day of week:,Wednesday,32.75,Grade Celsius,
31,46.74,W/m^2,18:25:55,28/6/17,Day of week:,Wednesday,32.75,Grade Celsius,
37,52.58,W/m^2,18:25:58,28/6/17,Day of week:,Wednesday,32.75,Grade Celsius,
29,52.58,W/m^2,18:26:02,28/6/17,Day of week:,Wednesday,32.75,Grade Celsius,
37,54.04,W/m^2,18:26:05,28/6/17,Day of week:,Wednesday,32.75,Grade Celsius,
35,59.89,W/m^2,18:26:08,28/6/17,Day of week:,Wednesday,32.75,Grade Celsius,
31,58.43,W/m^2,18:26:11,28/6/17,Day of week:,Wednesday,32.81,Grade Celsius,
35,52.58,W/m^2,18:26:14,28/6/17,Day of week:,Wednesday,32.81,Grade Celsius,
36,64.27,W/m^2,18:26:17,28/6/17,Day of week:,Wednesday,32.75,Grade Celsius,
32,48.20,W/m^2,18:26:20,28/6/17,Day of week:,Wednesday,32.81,Grade Celsius,
37,52.58,W/m^2,18:26:23,28/6/17,Day of week:,Wednesday,32.81,Grade Celsius,
36,54.04,W/m^2,18:26:26,28/6/17,Day of week:,Wednesday,32.81,Grade Celsius,
34,58.43,W/m^2,18:26:29,28/6/17,Day of week:,Wednesday,32.75,Grade Celsius,
32,52.58,W/m^2,18:26:32,28/6/17,Day of week:,Wednesday,32.75,Grade Celsius,
38,65.73,W/m^2,18:26:35,28/6/17,Day of week:,Wednesday,32.69,Grade Celsius,
29,49.66,W/m^2,18:26:38,28/6/17,Day of week:,Wednesday,32.69,Grade Celsius,
37,46.74,W/m^2,18:26:41,28/6/17,Day of week:,Wednesday,32.69,Grade Celsius,
39,46.74,W/m^2,18:26:44,28/6/17,Day of week:,Wednesday,32.69,Grade Celsius,
39,52.58,W/m^2,18:26:47,28/6/17,Day of week:,Wednesday,32.69,Grade Celsius,
35,49.66,W/m^2,18:26:51,28/6/17,Day of week:,Wednesday,32.75,Grade Celsius,
42,58.43,W/m^2,18:26:54,28/6/17,Day of week:,Wednesday,32.75,Grade Celsius,
35,52.58,W/m^2,18:26:57,28/6/17,Day of week:,Wednesday,32.81,Grade Celsius,
37,52.58,W/m^2,18:27:00,28/6/17,Day of week:,Wednesday,32.75,Grade Celsius,
37,58.43,W/m^2,18:27:03,28/6/17,Day of week:,Wednesday,32.81,Grade Celsius,
39,52.58,W/m^2,18:27:06,28/6/17,Day of week:,Wednesday,32.81,Grade Celsius,
37,55.50,W/m^2,18:27:09,28/6/17,Day of week:,Wednesday,32.81,Grade Celsius,
32,51.12,W/m^2,18:27:12,28/6/17,Day of week:,Wednesday,32.81,Grade Celsius,
38,56.96,W/m^2,18:27:15,28/6/17,Day of week:,Wednesday,32.88,Grade Celsius,
31,67.19,W/m^2,18:27:18,28/6/17,Day of week:,Wednesday,32.88,Grade Celsius,
35,55.50,W/m^2,18:27:21,28/6/17,Day of week:,Wednesday,32.88,Grade Celsius,
42,46.74,W/m^2,18:27:24,28/6/17,Day of week:,Wednesday,32.88,Grade Celsius,
37,70.11,W/m^2,18:27:27,28/6/17,Day of week:,Wednesday,32.88,Grade Celsius,
35,52.58,W/m^2,18:27:30,28/6/17,Day of week:,Wednesday,32.88,Grade Celsius,
34,58.43,W/m^2,18:27:34,28/6/17,Day of week:,Wednesday,32.88,Grade Celsius,
35,58.43,W/m^2,18:27:37,28/6/17,Day of week:,Wednesday,32.94,Grade Celsius,
36,58.43,W/m^2,18:27:40,28/6/17,Day of week:,Wednesday,32.94,Grade Celsius,
36,49.66,W/m^2,18:27:43,28/6/17,Day of week:,Wednesday,32.94,Grade Celsius,
35,52.58,W/m^2,18:27:46,28/6/17,Day of week:,Wednesday,33.00,Grade Celsius,
36,52.58,W/m^2,18:27:49,28/6/17,Day of week:,Wednesday,33.00,Grade Celsius,
35,52.58,W/m^2,18:27:52,28/6/17,Day of week:,Wednesday,33.00,Grade Celsius,
34,54.04,W/m^2,18:27:55,28/6/17,Day of week:,Wednesday,33.00,Grade Celsius,
35,55.50,W/m^2,18:27:58,28/6/17,Day of week:,Wednesday,33.00,Grade Celsius,
38,46.74,W/m^2,18:28:01,28/6/17,Day of week:,Wednesday,33.00,Grade Celsius,
37,52.58,W/m^2,18:28:04,28/6/17,Day of week:,Wednesday,33.00,Grade Celsius,
32,49.66,W/m^2,18:28:07,28/6/17,Day of week:,Wednesday,33.00,Grade Celsius,
35,46.74,W/m^2,18:28:10,28/6/17,Day of week:,Wednesday,32.94,Grade Celsius,
33,46.74,W/m^2,18:28:14,28/6/17,Day of week:,Wednesday,32.94,Grade Celsius,
29,58.43,W/m^2,18:28:17,28/6/17,Day of week:,Wednesday,32.88,Grade Celsius,
37,46.74,W/m^2,18:28:20,28/6/17,Day of week:,Wednesday,32.88,Grade Celsius,
34,52.58,W/m^2,18:28:23,28/6/17,Day of week:,Wednesday,32.81,Grade Celsius,
29,59.89,W/m^2,18:28:26,28/6/17,Day of week:,Wednesday,32.75,Grade Celsius,
33,61.35,W/m^2,18:28:29,28/6/17,Day of week:,Wednesday,32.75,Grade Celsius,
36,48.20,W/m^2,18:28:32,28/6/17,Day of week:,Wednesday,32.75,Grade Celsius,
28,52.58,W/m^2,18:28:35,28/6/17,Day of week:,Wednesday,32.75,Grade Celsius,
38,58.43,W/m^2,18:28:38,28/6/17,Day of week:,Wednesday,32.75,Grade Celsius,
37,52.58,W/m^2,18:28:41,28/6/17,Day of week:,Wednesday,32.75,Grade Celsius,
34,58.43,W/m^2,18:28:44,28/6/17,Day of week:,Wednesday,32.75,Grade Celsius,
27,52.58,W/m^2,18:28:47,28/6/17,Day of week:,Wednesday,32.69,Grade Celsius,
37,55.50,W/m^2,18:28:50,28/6/17,Day of week:,Wednesday,32.69,Grade Celsius,
35,55.50,W/m^2,18:28:53,28/6/17,Day of week:,Wednesday,32.75,Grade Celsius,
37,56.96,W/m^2,18:28:56,28/6/17,Day of week:,Wednesday,32.69,Grade Celsius,
36,55.50,W/m^2,18:28:59,28/6/17,Day of week:,Wednesday,32.69,Grade Celsius,
32,64.27,W/m^2,18:29:03,28/6/17,Day of week:,Wednesday,32.69,Grade Celsius,
31,52.58,W/m^2,18:29:06,28/6/17,Day of week:,Wednesday,32.69,Grade Celsius,
35,58.43,W/m^2,18:29:09,28/6/17,Day of week:,Wednesday,32.69,Grade Celsius,
44,64.27,W/m^2,18:29:12,28/6/17,Day of week:,Wednesday,32.69,Grade Celsius,
35,62.81,W/m^2,18:29:15,28/6/17,Day of week:,Wednesday,32.69,Grade Celsius,
41,58.43,W/m^2,18:29:18,28/6/17,Day of week:,Wednesday,32.75,Grade Celsius,
30,52.58,W/m^2,18:29:21,28/6/17,Day of week:,Wednesday,32.75,Grade Celsius,
33,52.58,W/m^2,18:29:24,28/6/17,Day of week:,Wednesday,32.75,Grade Celsius,
35,54.04,W/m^2,18:29:27,28/6/17,Day of week:,Wednesday,32.75,Grade Celsius,
38,52.58,W/m^2,18:29:30,28/6/17,Day of week:,Wednesday,32.75,Grade Celsius,
35,52.58,W/m^2,18:29:33,28/6/17,Day of week:,Wednesday,32.69,Grade Celsius,
33,54.04,W/m^2,18:29:36,28/6/17,Day of week:,Wednesday,32.69,Grade Celsius,
33,52.58,W/m^2,18:29:39,28/6/17,Day of week:,Wednesday,32.69,Grade Celsius,
32,52.58,W/m^2,18:29:42,28/6/17,Day of week:,Wednesday,32.69,Grade Celsius,
33,55.50,W/m^2,18:29:46,28/6/17,Day of week:,Wednesday,32.69,Grade Celsius,
35,54.04,W/m^2,18:29:49,28/6/17,Day of week:,Wednesday,32.69,Grade Celsius,
35,52.58,W/m^2,18:29:52,28/6/17,Day of week:,Wednesday,32.69,Grade Celsius,
37,58.43,W/m^2,18:29:55,28/6/17,Day of week:,Wednesday,32.69,Grade Celsius,
28,52.58,W/m^2,18:29:58,28/6/17,Day of week:,Wednesday,32.69,Grade Celsius,
34,52.58,W/m^2,18:30:01,28/6/17,Day of week:,Wednesday,32.69,Grade Celsius,
33,58.43,W/m^2,18:30:04,28/6/17,Day of week:,Wednesday,32.69,Grade Celsius,
34,58.43,W/m^2,18:30:07,28/6/17,Day of week:,Wednesday,32.69,Grade Celsius,
34,55.50,W/m^2,18:30:10,28/6/17,Day of week:,Wednesday,32.69,Grade Celsius,
35,58.43,W/m^2,18:30:13,28/6/17,Day of week:,Wednesday,32.69,Grade Celsius,
41,52.58,W/m^2,18:30:16,28/6/17,Day of week:,Wednesday,32.75,Grade Celsius,
34,49.66,W/m^2,18:30:19,28/6/17,Day of week:,Wednesday,32.75,Grade Celsius,
35,55.50,W/m^2,18:30:22,28/6/17,Day of week:,Wednesday,32.75,Grade Celsius,
42,46.74,W/m^2,18:30:25,28/6/17,Day of week:,Wednesday,32.75,Grade Celsius,
29,58.43,W/m^2,18:30:28,28/6/17,Day of week:,Wednesday,32.75,Grade Celsius,
34,52.58,W/m^2,18:30:31,28/6/17,Day of week:,Wednesday,32.75,Grade Celsius,
35,46.74,W/m^2,18:30:35,28/6/17,Day of week:,Wednesday,32.75,Grade Celsius,
37,49.66,W/m^2,18:30:38,28/6/17,Day of week:,Wednesday,32.75,Grade Celsius,
38,58.43,W/m^2,18:30:41,28/6/17,Day of week:,Wednesday,32.75,Grade Celsius,
37,54.04,W/m^2,18:30:44,28/6/17,Day of week:,Wednesday,32.75,Grade Celsius,
35,52.58,W/m^2,18:30:47,28/6/17,Day of week:,Wednesday,32.75,Grade Celsius,
35,59.89,W/m^2,18:30:50,28/6/17,Day of week:,Wednesday,32.75,Grade Celsius,
37,65.73,W/m^2,18:30:53,28/6/17,Day of week:,Wednesday,32.75,Grade Celsius,
32,58.43,W/m^2,18:30:56,28/6/17,Day of week:,Wednesday,32.75,Grade Celsius,
41,54.04,W/m^2,18:30:59,28/6/17,Day of week:,Wednesday,32.75,Grade Celsius,
35,46.74,W/m^2,18:31:02,28/6/17,Day of week:,Wednesday,32.75,Grade Celsius,
40,46.74,W/m^2,18:31:05,28/6/17,Day of week:,Wednesday,32.75,Grade Celsius,
36,58.43,W/m^2,18:31:08,28/6/17,Day of week:,Wednesday,32.75,Grade Celsius,
29,48.20,W/m^2,18:31:11,28/6/17,Day of week:,Wednesday,32.81,Grade Celsius,
36,49.66,W/m^2,18:31:14,28/6/17,Day of week:,Wednesday,32.81,Grade Celsius,
36,59.89,W/m^2,18:31:17,28/6/17,Day of week:,Wednesday,32.81,Grade Celsius,
34,52.58,W/m^2,18:31:21,28/6/17,Day of week:,Wednesday,32.88,Grade Celsius,
32,51.12,W/m^2,18:31:24,28/6/17,Day of week:,Wednesday,32.88,Grade Celsius,
33,54.04,W/m^2,18:31:27,28/6/17,Day of week:,Wednesday,32.88,Grade Celsius,
39,52.58,W/m^2,18:31:30,28/6/17,Day of week:,Wednesday,32.94,Grade Celsius,
29,52.58,W/m^2,18:31:33,28/6/17,Day of week:,Wednesday,32.94,Grade Celsius,
30,46.74,W/m^2,18:31:36,28/6/17,Day of week:,Wednesday,32.94,Grade Celsius,
28,52.58,W/m^2,18:31:39,28/6/17,Day of week:,Wednesday,32.94,Grade Celsius,
27,52.58,W/m^2,18:31:42,28/6/17,Day of week:,Wednesday,32.94,Grade Celsius,
35,59.89,W/m^2,18:31:45,28/6/17,Day of week:,Wednesday,32.94,Grade Celsius,
35,52.58,W/m^2,18:31:48,28/6/17,Day of week:,Wednesday,33.00,Grade Celsius,
35,40.90,W/m^2,18:31:51,28/6/17,Day of week:,Wednesday,33.00,Grade Celsius,
33,52.58,W/m^2,18:31:54,28/6/17,Day of week:,Wednesday,33.00,Grade Celsius,
38,46.74,W/m^2,18:31:57,28/6/17,Day of week:,Wednesday,33.00,Grade Celsius,
35,52.58,W/m^2,18:32:00,28/6/17,Day of week:,Wednesday,33.00,Grade Celsius,
33,54.04,W/m^2,18:32:03,28/6/17,Day of week:,Wednesday,33.00,Grade Celsius,
34,52.58,W/m^2,18:32:07,28/6/17,Day of week:,Wednesday,33.00,Grade Celsius,
28,49.66,W/m^2,18:32:10,28/6/17,Day of week:,Wednesday,33.00,Grade Celsius,
29,46.74,W/m^2,18:32:13,28/6/17,Day of week:,Wednesday,33.00,Grade Celsius,
33,52.58,W/m^2,18:32:16,28/6/17,Day of week:,Wednesday,33.00,Grade Celsius,
31,49.66,W/m^2,18:32:19,28/6/17,Day of week:,Wednesday,33.00,Grade Celsius,
37,46.74,W/m^2,18:32:22,28/6/17,Day of week:,Wednesday,33.00,Grade Celsius,
35,54.04,W/m^2,18:32:25,28/6/17,Day of week:,Wednesday,33.00,Grade Celsius,
35,52.58,W/m^2,18:32:28,28/6/17,Day of week:,Wednesday,33.00,Grade Celsius,
35,49.66,W/m^2,18:32:31,28/6/17,Day of week:,Wednesday,33.00,Grade Celsius,
33,54.04,W/m^2,18:32:34,28/6/17,Day of week:,Wednesday,33.00,Grade Celsius,
30,46.74,W/m^2,18:32:37,28/6/17,Day of week:,Wednesday,33.00,Grade Celsius,
32,49.66,W/m^2,18:32:40,28/6/17,Day of week:,Wednesday,33.00,Grade Celsius,
35,58.43,W/m^2,18:32:43,28/6/17,Day of week:,Wednesday,33.06,Grade Celsius,
39,52.58,W/m^2,18:32:46,28/6/17,Day of week:,Wednesday,33.06,Grade Celsius,
32,62.81,W/m^2,18:32:49,28/6/17,Day of week:,Wednesday,33.06,Grade Celsius,
37,48.20,W/m^2,18:32:53,28/6/17,Day of week:,Wednesday,33.06,Grade Celsius,
29,42.36,W/m^2,18:32:56,28/6/17,Day of week:,Wednesday,33.13,Grade Celsius,
33,52.58,W/m^2,18:32:59,28/6/17,Day of week:,Wednesday,33.06,Grade Celsius,
35,58.43,W/m^2,18:33:02,28/6/17,Day of week:,Wednesday,33.06,Grade Celsius,
27,46.74,W/m^2,18:33:05,28/6/17,Day of week:,Wednesday,33.06,Grade Celsius,
27,52.58,W/m^2,18:33:08,28/6/17,Day of week:,Wednesday,33.00,Grade Celsius,
25,58.43,W/m^2,18:33:11,28/6/17,Day of week:,Wednesday,33.06,Grade Celsius,
30,48.20,W/m^2,18:33:14,28/6/17,Day of week:,Wednesday,33.00,Grade Celsius,
31,49.66,W/m^2,18:33:17,28/6/17,Day of week:,Wednesday,33.06,Grade Celsius,
35,49.66,W/m^2,18:33:20,28/6/17,Day of week:,Wednesday,33.06,Grade Celsius,
30,52.58,W/m^2,18:33:23,28/6/17,Day of week:,Wednesday,33.13,Grade Celsius,
31,46.74,W/m^2,18:33:26,28/6/17,Day of week:,Wednesday,33.13,Grade Celsius,
33,51.12,W/m^2,18:33:29,28/6/17,Day of week:,Wednesday,33.13,Grade Celsius,
32,42.36,W/m^2,18:33:32,28/6/17,Day of week:,Wednesday,33.13,Grade Celsius,
32,49.66,W/m^2,18:33:35,28/6/17,Day of week:,Wednesday,33.13,Grade Celsius,
33,55.50,W/m^2,18:33:39,28/6/17,Day of week:,Wednesday,33.19,Grade Celsius,
29,46.74,W/m^2,18:33:42,28/6/17,Day of week:,Wednesday,33.19,Grade Celsius,
32,49.66,W/m^2,18:33:45,28/6/17,Day of week:,Wednesday,33.13,Grade Celsius,
33,46.74,W/m^2,18:33:48,28/6/17,Day of week:,Wednesday,33.13,Grade Celsius,
35,46.74,W/m^2,18:33:51,28/6/17,Day of week:,Wednesday,33.19,Grade Celsius,
32,49.66,W/m^2,18:33:54,28/6/17,Day of week:,Wednesday,33.19,Grade Celsius,
34,49.66,W/m^2,18:33:57,28/6/17,Day of week:,Wednesday,33.19,Grade Celsius,
29,58.43,W/m^2,18:34:00,28/6/17,Day of week:,Wednesday,33.19,Grade Celsius,
36,52.58,W/m^2,18:34:03,28/6/17,Day of week:,Wednesday,33.19,Grade Celsius,
35,52.58,W/m^2,18:34:06,28/6/17,Day of week:,Wednesday,33.13,Grade Celsius,
35,52.58,W/m^2,18:34:09,28/6/17,Day of week:,Wednesday,33.13,Grade Celsius,
28,39.44,W/m^2,18:34:12,28/6/17,Day of week:,Wednesday,33.06,Grade Celsius,
33,52.58,W/m^2,18:34:15,28/6/17,Day of week:,Wednesday,33.06,Grade Celsius,
33,51.12,W/m^2,18:34:18,28/6/17,Day of week:,Wednesday,33.00,Grade Celsius,
36,58.43,W/m^2,18:34:22,28/6/17,Day of week:,Wednesday,32.94,Grade Celsius,
33,55.50,W/m^2,18:34:25,28/6/17,Day of week:,Wednesday,33.00,Grade Celsius,
31,48.20,W/m^2,18:34:28,28/6/17,Day of week:,Wednesday,32.94,Grade Celsius,
33,46.74,W/m^2,18:34:31,28/6/17,Day of week:,Wednesday,32.88,Grade Celsius,
36,49.66,W/m^2,18:34:34,28/6/17,Day of week:,Wednesday,32.94,Grade Celsius,
36,51.12,W/m^2,18:34:37,28/6/17,Day of week:,Wednesday,32.94,Grade Celsius,
37,48.20,W/m^2,18:34:40,28/6/17,Day of week:,Wednesday,32.94,Grade Celsius,
29,49.66,W/m^2,18:34:43,28/6/17,Day of week:,Wednesday,32.94,Grade Celsius,
37,46.74,W/m^2,18:34:46,28/6/17,Day of week:,Wednesday,32.94,Grade Celsius,
32,58.43,W/m^2,18:34:49,28/6/17,Day of week:,Wednesday,32.88,Grade Celsius,
34,52.58,W/m^2,18:34:52,28/6/17,Day of week:,Wednesday,32.88,Grade Celsius,
35,49.66,W/m^2,18:34:55,28/6/17,Day of week:,Wednesday,32.88,Grade Celsius,
33,51.12,W/m^2,18:34:58,28/6/17,Day of week:,Wednesday,32.88,Grade Celsius,
33,46.74,W/m^2,18:35:01,28/6/17,Day of week:,Wednesday,32.88,Grade Celsius,
26,58.43,W/m^2,18:35:04,28/6/17,Day of week:,Wednesday,32.88,Grade Celsius,
34,49.66,W/m^2,18:35:08,28/6/17,Day of week:,Wednesday,32.88,Grade Celsius,
35,40.90,W/m^2,18:35:11,28/6/17,Day of week:,Wednesday,32.94,Grade Celsius,
37,46.74,W/m^2,18:35:14,28/6/17,Day of week:,Wednesday,32.94,Grade Celsius,
35,55.50,W/m^2,18:35:17,28/6/17,Day of week:,Wednesday,32.94,Grade Celsius,
40,52.58,W/m^2,18:35:20,28/6/17,Day of week:,Wednesday,33.00,Grade Celsius,
31,52.58,W/m^2,18:35:23,28/6/17,Day of week:,Wednesday,33.00,Grade Celsius,
34,49.66,W/m^2,18:35:26,28/6/17,Day of week:,Wednesday,32.94,Grade Celsius,
30,59.89,W/m^2,18:35:29,28/6/17,Day of week:,Wednesday,32.94,Grade Celsius,
27,52.58,W/m^2,18:35:32,28/6/17,Day of week:,Wednesday,32.94,Grade Celsius,
30,58.43,W/m^2,18:35:35,28/6/17,Day of week:,Wednesday,32.94,Grade Celsius,
33,52.58,W/m^2,18:35:38,28/6/17,Day of week:,Wednesday,33.00,Grade Celsius,
35,58.43,W/m^2,18:35:41,28/6/17,Day of week:,Wednesday,33.00,Grade Celsius,
33,49.66,W/m^2,18:35:44,28/6/17,Day of week:,Wednesday,32.94,Grade Celsius,
33,46.74,W/m^2,18:35:47,28/6/17,Day of week:,Wednesday,32.94,Grade Celsius,
31,61.35,W/m^2,18:35:50,28/6/17,Day of week:,Wednesday,32.94,Grade Celsius,
35,46.74,W/m^2,18:35:54,28/6/17,Day of week:,Wednesday,33.00,Grade Celsius,
31,46.74,W/m^2,18:35:57,28/6/17,Day of week:,Wednesday,33.00,Grade Celsius,
40,52.58,W/m^2,18:36:00,28/6/17,Day of week:,Wednesday,33.00,Grade Celsius,
33,40.90,W/m^2,18:36:03,28/6/17,Day of week:,Wednesday,33.00,Grade Celsius,
39,52.58,W/m^2,18:36:06,28/6/17,Day of week:,Wednesday,33.00,Grade Celsius,
31,48.20,W/m^2,18:36:09,28/6/17,Day of week:,Wednesday,33.00,Grade Celsius,
30,52.58,W/m^2,18:36:12,28/6/17,Day of week:,Wednesday,33.00,Grade Celsius,
35,58.43,W/m^2,18:36:15,28/6/17,Day of week:,Wednesday,33.00,Grade Celsius,
36,64.27,W/m^2,18:36:18,28/6/17,Day of week:,Wednesday,33.00,Grade Celsius,
35,52.58,W/m^2,18:36:21,28/6/17,Day of week:,Wednesday,33.06,Grade Celsius,
33,52.58,W/m^2,18:36:24,28/6/17,Day of week:,Wednesday,33.06,Grade Celsius,
33,46.74,W/m^2,18:36:27,28/6/17,Day of week:,Wednesday,33.06,Grade Celsius,
33,52.58,W/m^2,18:36:30,28/6/17,Day of week:,Wednesday,33.06,Grade Celsius,
29,48.20,W/m^2,18:36:33,28/6/17,Day of week:,Wednesday,33.06,Grade Celsius,
32,51.12,W/m^2,18:36:36,28/6/17,Day of week:,Wednesday,33.06,Grade Celsius,
30,49.66,W/m^2,18:36:39,28/6/17,Day of week:,Wednesday,33.00,Grade Celsius,
33,48.20,W/m^2,18:36:43,28/6/17,Day of week:,Wednesday,33.00,Grade Celsius,
32,46.74,W/m^2,18:36:46,28/6/17,Day of week:,Wednesday,33.06,Grade Celsius,
35,61.35,W/m^2,18:36:49,28/6/17,Day of week:,Wednesday,33.00,Grade Celsius,
35,52.58,W/m^2,18:36:52,28/6/17,Day of week:,Wednesday,33.00,Grade Celsius,
33,46.74,W/m^2,18:36:55,28/6/17,Day of week:,Wednesday,33.00,Grade Celsius,
33,58.43,W/m^2,18:36:58,28/6/17,Day of week:,Wednesday,32.94,Grade Celsius,
35,64.27,W/m^2,18:37:01,28/6/17,Day of week:,Wednesday,32.88,Grade Celsius,
41,46.74,W/m^2,18:37:04,28/6/17,Day of week:,Wednesday,32.88,Grade Celsius,
37,46.74,W/m^2,18:37:07,28/6/17,Day of week:,Wednesday,32.81,Grade Celsius,
33,46.74,W/m^2,18:37:10,28/6/17,Day of week:,Wednesday,32.81,Grade Celsius,
33,52.58,W/m^2,18:37:13,28/6/17,Day of week:,Wednesday,32.81,Grade Celsius,
33,64.27,W/m^2,18:37:16,28/6/17,Day of week:,Wednesday,32.75,Grade Celsius,
34,61.35,W/m^2,18:37:19,28/6/17,Day of week:,Wednesday,32.81,Grade Celsius,
34,49.66,W/m^2,18:37:22,28/6/17,Day of week:,Wednesday,32.75,Grade Celsius,
34,49.66,W/m^2,18:37:25,28/6/17,Day of week:,Wednesday,32.75,Grade Celsius,
39,46.74,W/m^2,18:37:29,28/6/17,Day of week:,Wednesday,32.75,Grade Celsius,
33,52.58,W/m^2,18:37:32,28/6/17,Day of week:,Wednesday,32.81,Grade Celsius,
31,52.58,W/m^2,18:37:35,28/6/17,Day of week:,Wednesday,32.81,Grade Celsius,
35,55.50,W/m^2,18:37:38,28/6/17,Day of week:,Wednesday,32.81,Grade Celsius,
26,40.90,W/m^2,18:37:41,28/6/17,Day of week:,Wednesday,32.88,Grade Celsius,
30,49.66,W/m^2,18:37:44,28/6/17,Day of week:,Wednesday,32.88,Grade Celsius,
33,61.35,W/m^2,18:37:47,28/6/17,Day of week:,Wednesday,32.88,Grade Celsius,
42,46.74,W/m^2,18:37:50,28/6/17,Day of week:,Wednesday,32.88,Grade Celsius,
33,52.58,W/m^2,18:37:53,28/6/17,Day of week:,Wednesday,32.88,Grade Celsius,
36,54.04,W/m^2,18:37:56,28/6/17,Day of week:,Wednesday,32.88,Grade Celsius,
33,46.74,W/m^2,18:37:59,28/6/17,Day of week:,Wednesday,32.88,Grade Celsius,
35,49.66,W/m^2,18:38:02,28/6/17,Day of week:,Wednesday,32.88,Grade Celsius,
35,46.74,W/m^2,18:38:05,28/6/17,Day of week:,Wednesday,32.88,Grade Celsius,
34,52.58,W/m^2,18:38:08,28/6/17,Day of week:,Wednesday,32.88,Grade Celsius,
33,48.20,W/m^2,18:38:11,28/6/17,Day of week:,Wednesday,32.88,Grade Celsius,
30,39.44,W/m^2,18:38:15,28/6/17,Day of week:,Wednesday,32.88,Grade Celsius,
35,52.58,W/m^2,18:38:18,28/6/17,Day of week:,Wednesday,32.88,Grade Celsius,
35,48.20,W/m^2,18:38:21,28/6/17,Day of week:,Wednesday,32.88,Grade Celsius,
36,49.66,W/m^2,18:38:24,28/6/17,Day of week:,Wednesday,32.88,Grade Celsius,
33,48.20,W/m^2,18:38:27,28/6/17,Day of week:,Wednesday,32.88,Grade Celsius,
36,59.89,W/m^2,18:38:30,28/6/17,Day of week:,Wednesday,32.88,Grade Celsius,
36,52.58,W/m^2,18:38:33,28/6/17,Day of week:,Wednesday,32.88,Grade Celsius,
35,52.58,W/m^2,18:38:36,28/6/17,Day of week:,Wednesday,32.88,Grade Celsius,
33,48.20,W/m^2,18:38:39,28/6/17,Day of week:,Wednesday,32.81,Grade Celsius,
33,48.20,W/m^2,18:38:42,28/6/17,Day of week:,Wednesday,32.75,Grade Celsius,
32,49.66,W/m^2,18:38:45,28/6/17,Day of week:,Wednesday,32.75,Grade Celsius,
30,52.58,W/m^2,18:38:48,28/6/17,Day of week:,Wednesday,32.69,Grade Celsius,
35,46.74,W/m^2,18:38:52,28/6/17,Day of week:,Wednesday,32.69,Grade Celsius,
36,46.74,W/m^2,18:38:55,28/6/17,Day of week:,Wednesday,32.63,Grade Celsius,
33,49.66,W/m^2,18:38:58,28/6/17,Day of week:,Wednesday,32.63,Grade Celsius,
30,52.58,W/m^2,18:39:01,28/6/17,Day of week:,Wednesday,32.63,Grade Celsius,
35,46.74,W/m^2,18:39:04,28/6/17,Day of week:,Wednesday,32.63,Grade Celsius,
41,52.58,W/m^2,18:39:07,28/6/17,Day of week:,Wednesday,32.56,Grade Celsius,
33,46.74,W/m^2,18:39:10,28/6/17,Day of week:,Wednesday,32.63,Grade Celsius,
29,64.27,W/m^2,18:39:13,28/6/17,Day of week:,Wednesday,32.63,Grade Celsius,
28,52.58,W/m^2,18:39:16,28/6/17,Day of week:,Wednesday,32.69,Grade Celsius,
29,49.66,W/m^2,18:39:19,28/6/17,Day of week:,Wednesday,32.69,Grade Celsius,
33,48.20,W/m^2,18:39:22,28/6/17,Day of week:,Wednesday,32.69,Grade Celsius,
37,49.66,W/m^2,18:39:25,28/6/17,Day of week:,Wednesday,32.75,Grade Celsius,
25,52.58,W/m^2,18:39:28,28/6/17,Day of week:,Wednesday,32.69,Grade Celsius,
33,42.36,W/m^2,18:39:31,28/6/17,Day of week:,Wednesday,32.69,Grade Celsius,
41,52.58,W/m^2,18:39:34,28/6/17,Day of week:,Wednesday,32.69,Grade Celsius,
34,46.74,W/m^2,18:39:38,28/6/17,Day of week:,Wednesday,32.75,Grade Celsius,
28,48.20,W/m^2,18:39:41,28/6/17,Day of week:,Wednesday,32.69,Grade Celsius,
32,49.66,W/m^2,18:39:44,28/6/17,Day of week:,Wednesday,32.75,Grade Celsius,
32,52.58,W/m^2,18:39:47,28/6/17,Day of week:,Wednesday,32.75,Grade Celsius,
33,52.58,W/m^2,18:39:50,28/6/17,Day of week:,Wednesday,32.69,Grade Celsius,
34,46.74,W/m^2,18:39:53,28/6/17,Day of week:,Wednesday,32.69,Grade Celsius,
33,46.74,W/m^2,18:39:56,28/6/17,Day of week:,Wednesday,32.69,Grade Celsius,
31,52.58,W/m^2,18:39:59,28/6/17,Day of week:,Wednesday,32.69,Grade Celsius,
39,42.36,W/m^2,18:40:02,28/6/17,Day of week:,Wednesday,32.69,Grade Celsius,
32,49.66,W/m^2,18:40:05,28/6/17,Day of week:,Wednesday,32.69,Grade Celsius,
31,52.58,W/m^2,18:40:08,28/6/17,Day of week:,Wednesday,32.69,Grade Celsius,
31,52.58,W/m^2,18:40:11,28/6/17,Day of week:,Wednesday,32.69,Grade Celsius,
35,58.43,W/m^2,18:40:14,28/6/17,Day of week:,Wednesday,32.75,Grade Celsius,
32,49.66,W/m^2,18:40:17,28/6/17,Day of week:,Wednesday,32.75,Grade Celsius,
35,46.74,W/m^2,18:40:20,28/6/17,Day of week:,Wednesday,32.75,Grade Celsius,
32,52.58,W/m^2,18:40:24,28/6/17,Day of week:,Wednesday,32.75,Grade Celsius,
33,54.04,W/m^2,18:40:27,28/6/17,Day of week:,Wednesday,32.75,Grade Celsius,
35,52.58,W/m^2,18:40:30,28/6/17,Day of week:,Wednesday,32.75,Grade Celsius,
38,52.58,W/m^2,18:40:33,28/6/17,Day of week:,Wednesday,32.75,Grade Celsius,
31,49.66,W/m^2,18:40:36,28/6/17,Day of week:,Wednesday,32.81,Grade Celsius,
33,52.58,W/m^2,18:40:39,28/6/17,Day of week:,Wednesday,32.75,Grade Celsius,
35,54.04,W/m^2,18:40:42,28/6/17,Day of week:,Wednesday,32.81,Grade Celsius,
34,49.66,W/m^2,18:40:45,28/6/17,Day of week:,Wednesday,32.81,Grade Celsius,
35,46.74,W/m^2,18:40:48,28/6/17,Day of week:,Wednesday,32.81,Grade Celsius,
31,46.74,W/m^2,18:40:51,28/6/17,Day of week:,Wednesday,32.88,Grade Celsius,
32,48.20,W/m^2,18:40:54,28/6/17,Day of week:,Wednesday,32.88,Grade Celsius,
33,52.58,W/m^2,18:40:57,28/6/17,Day of week:,Wednesday,32.88,Grade Celsius,
32,58.43,W/m^2,18:41:00,28/6/17,Day of week:,Wednesday,32.88,Grade Celsius,
34,46.74,W/m^2,18:41:03,28/6/17,Day of week:,Wednesday,32.88,Grade Celsius,
32,49.66,W/m^2,18:41:06,28/6/17,Day of week:,Wednesday,32.94,Grade Celsius,
26,40.90,W/m^2,18:41:10,28/6/17,Day of week:,Wednesday,32.88,Grade Celsius,
33,49.66,W/m^2,18:41:13,28/6/17,Day of week:,Wednesday,32.88,Grade Celsius,
37,52.58,W/m^2,18:41:16,28/6/17,Day of week:,Wednesday,32.88,Grade Celsius,
40,46.74,W/m^2,18:41:19,28/6/17,Day of week:,Wednesday,32.88,Grade Celsius,
39,46.74,W/m^2,18:41:22,28/6/17,Day of week:,Wednesday,32.88,Grade Celsius,
34,46.74,W/m^2,18:41:25,28/6/17,Day of week:,Wednesday,32.88,Grade Celsius,
35,46.74,W/m^2,18:41:28,28/6/17,Day of week:,Wednesday,32.88,Grade Celsius,
31,52.58,W/m^2,18:41:31,28/6/17,Day of week:,Wednesday,32.88,Grade Celsius,
31,46.74,W/m^2,18:41:34,28/6/17,Day of week:,Wednesday,32.88,Grade Celsius,
33,49.66,W/m^2,18:41:37,28/6/17,Day of week:,Wednesday,32.81,Grade Celsius,
33,49.66,W/m^2,18:41:40,28/6/17,Day of week:,Wednesday,32.81,Grade Celsius,
32,49.66,W/m^2,18:41:43,28/6/17,Day of week:,Wednesday,32.81,Grade Celsius,
31,49.66,W/m^2,18:41:46,28/6/17,Day of week:,Wednesday,32.81,Grade Celsius,
30,48.20,W/m^2,18:41:49,28/6/17,Day of week:,Wednesday,32.81,Grade Celsius,
38,48.20,W/m^2,18:41:52,28/6/17,Day of week:,Wednesday,32.81,Grade Celsius,
32,58.43,W/m^2,18:41:55,28/6/17,Day of week:,Wednesday,32.81,Grade Celsius,
38,49.66,W/m^2,18:41:59,28/6/17,Day of week:,Wednesday,32.88,Grade Celsius,
35,52.58,W/m^2,18:42:02,28/6/17,Day of week:,Wednesday,32.88,Grade Celsius,
35,49.66,W/m^2,18:42:05,28/6/17,Day of week:,Wednesday,32.88,Grade Celsius,
32,46.74,W/m^2,18:42:08,28/6/17,Day of week:,Wednesday,32.88,Grade Celsius,
31,58.43,W/m^2,18:42:11,28/6/17,Day of week:,Wednesday,32.88,Grade Celsius,
28,46.74,W/m^2,18:42:14,28/6/17,Day of week:,Wednesday,32.88,Grade Celsius,
31,52.58,W/m^2,18:42:17,28/6/17,Day of week:,Wednesday,32.94,Grade Celsius,
34,52.58,W/m^2,18:42:20,28/6/17,Day of week:,Wednesday,32.94,Grade Celsius,
33,46.74,W/m^2,18:42:23,28/6/17,Day of week:,Wednesday,32.94,Grade Celsius,
32,49.66,W/m^2,18:42:26,28/6/17,Day of week:,Wednesday,32.94,Grade Celsius,
37,46.74,W/m^2,18:42:29,28/6/17,Day of week:,Wednesday,32.94,Grade Celsius,
27,49.66,W/m^2,18:42:32,28/6/17,Day of week:,Wednesday,32.88,Grade Celsius,
37,52.58,W/m^2,18:42:35,28/6/17,Day of week:,Wednesday,32.88,Grade Celsius,
35,52.58,W/m^2,18:42:38,28/6/17,Day of week:,Wednesday,32.88,Grade Celsius,
34,49.66,W/m^2,18:42:41,28/6/17,Day of week:,Wednesday,32.88,Grade Celsius,
26,46.74,W/m^2,18:42:45,28/6/17,Day of week:,Wednesday,32.94,Grade Celsius,
34,48.20,W/m^2,18:42:48,28/6/17,Day of week:,Wednesday,32.94,Grade Celsius,
34,52.58,W/m^2,18:42:51,28/6/17,Day of week:,Wednesday,32.94,Grade Celsius,
32,46.74,W/m^2,18:42:54,28/6/17,Day of week:,Wednesday,32.94,Grade Celsius,
27,55.50,W/m^2,18:42:57,28/6/17,Day of week:,Wednesday,33.00,Grade Celsius,
39,52.58,W/m^2,18:43:00,28/6/17,Day of week:,Wednesday,33.00,Grade Celsius,
31,42.36,W/m^2,18:43:03,28/6/17,Day of week:,Wednesday,33.00,Grade Celsius,
35,48.20,W/m^2,18:43:06,28/6/17,Day of week:,Wednesday,33.06,Grade Celsius,
32,52.58,W/m^2,18:43:09,28/6/17,Day of week:,Wednesday,33.06,Grade Celsius,
32,49.66,W/m^2,18:43:12,28/6/17,Day of week:,Wednesday,33.06,Grade Celsius,
35,49.66,W/m^2,18:43:15,28/6/17,Day of week:,Wednesday,33.06,Grade Celsius,
35,52.58,W/m^2,18:43:18,28/6/17,Day of week:,Wednesday,33.00,Grade Celsius,
33,46.74,W/m^2,18:43:21,28/6/17,Day of week:,Wednesday,33.00,Grade Celsius,
34,49.66,W/m^2,18:43:24,28/6/17,Day of week:,Wednesday,33.00,Grade Celsius,
32,49.66,W/m^2,18:43:27,28/6/17,Day of week:,Wednesday,33.00,Grade Celsius,
33,46.74,W/m^2,18:43:31,28/6/17,Day of week:,Wednesday,33.00,Grade Celsius,
32,46.74,W/m^2,18:43:34,28/6/17,Day of week:,Wednesday,33.00,Grade Celsius,
32,46.74,W/m^2,18:43:37,28/6/17,Day of week:,Wednesday,33.06,Grade Celsius,
27,52.58,W/m^2,18:43:40,28/6/17,Day of week:,Wednesday,33.06,Grade Celsius,
35,52.58,W/m^2,18:43:43,28/6/17,Day of week:,Wednesday,33.06,Grade Celsius,
35,58.43,W/m^2,18:43:46,28/6/17,Day of week:,Wednesday,33.13,Grade Celsius,
34,40.90,W/m^2,18:43:49,28/6/17,Day of week:,Wednesday,33.06,Grade Celsius,
33,52.58,W/m^2,18:43:52,28/6/17,Day of week:,Wednesday,33.06,Grade Celsius,
29,49.66,W/m^2,18:43:55,28/6/17,Day of week:,Wednesday,33.13,Grade Celsius,
33,46.74,W/m^2,18:43:58,28/6/17,Day of week:,Wednesday,33.06,Grade Celsius,
30,49.66,W/m^2,18:44:01,28/6/17,Day of week:,Wednesday,33.13,Grade Celsius,
32,51.12,W/m^2,18:44:04,28/6/17,Day of week:,Wednesday,33.13,Grade Celsius,
32,46.74,W/m^2,18:44:07,28/6/17,Day of week:,Wednesday,33.13,Grade Celsius,
27,49.66,W/m^2,18:44:10,28/6/17,Day of week:,Wednesday,33.13,Grade Celsius,
35,48.20,W/m^2,18:44:14,28/6/17,Day of week:,Wednesday,33.13,Grade Celsius,
32,49.66,W/m^2,18:44:17,28/6/17,Day of week:,Wednesday,33.13,Grade Celsius,
32,49.66,W/m^2,18:44:20,28/6/17,Day of week:,Wednesday,33.13,Grade Celsius,
32,48.20,W/m^2,18:44:23,28/6/17,Day of week:,Wednesday,33.13,Grade Celsius,
32,52.58,W/m^2,18:44:26,28/6/17,Day of week:,Wednesday,33.13,Grade Celsius,
34,49.66,W/m^2,18:44:29,28/6/17,Day of week:,Wednesday,33.13,Grade Celsius,
33,49.66,W/m^2,18:44:32,28/6/17,Day of week:,Wednesday,33.06,Grade Celsius,
34,48.20,W/m^2,18:44:35,28/6/17,Day of week:,Wednesday,33.00,Grade Celsius,
29,52.58,W/m^2,18:44:38,28/6/17,Day of week:,Wednesday,33.00,Grade Celsius,
35,49.66,W/m^2,18:44:41,28/6/17,Day of week:,Wednesday,33.00,Grade Celsius,
31,48.20,W/m^2,18:44:44,28/6/17,Day of week:,Wednesday,33.00,Grade Celsius,
32,40.90,W/m^2,18:44:47,28/6/17,Day of week:,Wednesday,32.94,Grade Celsius,
34,52.58,W/m^2,18:44:50,28/6/17,Day of week:,Wednesday,32.94,Grade Celsius,
32,40.90,W/m^2,18:44:53,28/6/17,Day of week:,Wednesday,32.94,Grade Celsius,
33,46.74,W/m^2,18:44:56,28/6/17,Day of week:,Wednesday,32.88,Grade Celsius,
33,46.74,W/m^2,18:45:00,28/6/17,Day of week:,Wednesday,32.88,Grade Celsius,
32,48.20,W/m^2,18:45:03,28/6/17,Day of week:,Wednesday,32.88,Grade Celsius,
32,58.43,W/m^2,18:45:06,28/6/17,Day of week:,Wednesday,32.88,Grade Celsius,
32,52.58,W/m^2,18:45:09,28/6/17,Day of week:,Wednesday,32.88,Grade Celsius,
33,46.74,W/m^2,18:45:12,28/6/17,Day of week:,Wednesday,32.88,Grade Celsius,
33,43.82,W/m^2,18:45:15,28/6/17,Day of week:,Wednesday,32.81,Grade Celsius,
34,46.74,W/m^2,18:45:18,28/6/17,Day of week:,Wednesday,32.81,Grade Celsius,
33,52.58,W/m^2,18:45:21,28/6/17,Day of week:,Wednesday,32.88,Grade Celsius,
30,46.74,W/m^2,18:45:24,28/6/17,Day of week:,Wednesday,32.88,Grade Celsius,
30,46.74,W/m^2,18:45:27,28/6/17,Day of week:,Wednesday,32.88,Grade Celsius,
27,52.58,W/m^2,18:45:30,28/6/17,Day of week:,Wednesday,32.94,Grade Celsius,
33,48.20,W/m^2,18:45:33,28/6/17,Day of week:,Wednesday,32.94,Grade Celsius,
34,54.04,W/m^2,18:45:36,28/6/17,Day of week:,Wednesday,32.94,Grade Celsius,
33,49.66,W/m^2,18:45:39,28/6/17,Day of week:,Wednesday,32.94,Grade Celsius,
32,46.74,W/m^2,18:45:42,28/6/17,Day of week:,Wednesday,32.94,Grade Celsius,
32,46.74,W/m^2,18:45:46,28/6/17,Day of week:,Wednesday,32.94,Grade Celsius,
34,52.58,W/m^2,18:45:49,28/6/17,Day of week:,Wednesday,32.94,Grade Celsius,
34,46.74,W/m^2,18:45:52,28/6/17,Day of week:,Wednesday,33.00,Grade Celsius,
26,46.74,W/m^2,18:45:55,28/6/17,Day of week:,Wednesday,33.00,Grade Celsius,
34,46.74,W/m^2,18:45:58,28/6/17,Day of week:,Wednesday,33.00,Grade Celsius,
33,46.74,W/m^2,18:46:01,28/6/17,Day of week:,Wednesday,32.94,Grade Celsius,
33,52.58,W/m^2,18:46:04,28/6/17,Day of week:,Wednesday,32.94,Grade Celsius,
37,49.66,W/m^2,18:46:07,28/6/17,Day of week:,Wednesday,32.94,Grade Celsius,
25,48.20,W/m^2,18:46:10,28/6/17,Day of week:,Wednesday,32.94,Grade Celsius,
32,46.74,W/m^2,18:46:13,28/6/17,Day of week:,Wednesday,32.94,Grade Celsius,
31,58.43,W/m^2,18:46:16,28/6/17,Day of week:,Wednesday,32.81,Grade Celsius,
25,48.20,W/m^2,18:46:19,28/6/17,Day of week:,Wednesday,32.88,Grade Celsius,
28,52.58,W/m^2,18:46:22,28/6/17,Day of week:,Wednesday,32.81,Grade Celsius,
33,49.66,W/m^2,18:46:25,28/6/17,Day of week:,Wednesday,32.88,Grade Celsius,
32,46.74,W/m^2,18:46:28,28/6/17,Day of week:,Wednesday,32.88,Grade Celsius,
29,48.20,W/m^2,18:46:31,28/6/17,Day of week:,Wednesday,32.88,Grade Celsius,
32,46.74,W/m^2,18:46:35,28/6/17,Day of week:,Wednesday,32.81,Grade Celsius,
32,49.66,W/m^2,18:46:38,28/6/17,Day of week:,Wednesday,32.81,Grade Celsius,
32,49.66,W/m^2,18:46:41,28/6/17,Day of week:,Wednesday,32.75,Grade Celsius,
34,58.43,W/m^2,18:46:44,28/6/17,Day of week:,Wednesday,32.75,Grade Celsius,
30,49.66,W/m^2,18:46:47,28/6/17,Day of week:,Wednesday,32.75,Grade Celsius,
33,46.74,W/m^2,18:46:50,28/6/17,Day of week:,Wednesday,32.75,Grade Celsius,
30,46.74,W/m^2,18:46:53,28/6/17,Day of week:,Wednesday,32.69,Grade Celsius,
33,46.74,W/m^2,18:46:56,28/6/17,Day of week:,Wednesday,32.69,Grade Celsius,
33,46.74,W/m^2,18:46:59,28/6/17,Day of week:,Wednesday,32.69,Grade Celsius,
26,49.66,W/m^2,18:47:02,28/6/17,Day of week:,Wednesday,32.63,Grade Celsius,
31,49.66,W/m^2,18:47:05,28/6/17,Day of week:,Wednesday,32.63,Grade Celsius,
30,49.66,W/m^2,18:47:08,28/6/17,Day of week:,Wednesday,32.63,Grade Celsius,
37,52.58,W/m^2,18:47:11,28/6/17,Day of week:,Wednesday,32.63,Grade Celsius,
36,49.66,W/m^2,18:47:14,28/6/17,Day of week:,Wednesday,32.69,Grade Celsius,
31,52.58,W/m^2,18:47:17,28/6/17,Day of week:,Wednesday,32.69,Grade Celsius,
39,46.74,W/m^2,18:47:21,28/6/17,Day of week:,Wednesday,32.69,Grade Celsius,
27,46.74,W/m^2,18:47:24,28/6/17,Day of week:,Wednesday,32.69,Grade Celsius,
33,46.74,W/m^2,18:47:27,28/6/17,Day of week:,Wednesday,32.75,Grade Celsius,
33,46.74,W/m^2,18:47:30,28/6/17,Day of week:,Wednesday,32.69,Grade Celsius,
29,46.74,W/m^2,18:47:33,28/6/17,Day of week:,Wednesday,32.75,Grade Celsius,
30,46.74,W/m^2,18:47:36,28/6/17,Day of week:,Wednesday,32.75,Grade Celsius,
32,46.74,W/m^2,18:47:39,28/6/17,Day of week:,Wednesday,32.75,Grade Celsius,
32,46.74,W/m^2,18:47:42,28/6/17,Day of week:,Wednesday,32.75,Grade Celsius,
33,54.04,W/m^2,18:47:45,28/6/17,Day of week:,Wednesday,32.75,Grade Celsius,
35,46.74,W/m^2,18:47:48,28/6/17,Day of week:,Wednesday,32.75,Grade Celsius,
32,46.74,W/m^2,18:47:51,28/6/17,Day of week:,Wednesday,32.75,Grade Celsius,
32,46.74,W/m^2,18:47:54,28/6/17,Day of week:,Wednesday,32.75,Grade Celsius,
32,52.58,W/m^2,18:47:57,28/6/17,Day of week:,Wednesday,32.75,Grade Celsius,
27,58.43,W/m^2,18:48:00,28/6/17,Day of week:,Wednesday,32.75,Grade Celsius,
34,48.20,W/m^2,18:48:03,28/6/17,Day of week:,Wednesday,32.75,Grade Celsius,
33,52.58,W/m^2,18:48:07,28/6/17,Day of week:,Wednesday,32.75,Grade Celsius,
32,46.74,W/m^2,18:48:10,28/6/17,Day of week:,Wednesday,32.75,Grade Celsius,
32,49.66,W/m^2,18:48:13,28/6/17,Day of week:,Wednesday,32.75,Grade Celsius,
33,46.74,W/m^2,18:48:16,28/6/17,Day of week:,Wednesday,32.75,Grade Celsius,
31,46.74,W/m^2,18:48:19,28/6/17,Day of week:,Wednesday,32.75,Grade Celsius,
29,46.74,W/m^2,18:48:22,28/6/17,Day of week:,Wednesday,32.75,Grade Celsius,
32,40.90,W/m^2,18:48:25,28/6/17,Day of week:,Wednesday,32.75,Grade Celsius,
31,46.74,W/m^2,18:48:28,28/6/17,Day of week:,Wednesday,32.75,Grade Celsius,
31,46.74,W/m^2,18:48:31,28/6/17,Day of week:,Wednesday,32.75,Grade Celsius,
33,46.74,W/m^2,18:48:34,28/6/17,Day of week:,Wednesday,32.75,Grade Celsius,
32,48.20,W/m^2,18:48:37,28/6/17,Day of week:,Wednesday,32.75,Grade Celsius,
33,49.66,W/m^2,18:48:40,28/6/17,Day of week:,Wednesday,32.75,Grade Celsius,
28,55.50,W/m^2,18:48:43,28/6/17,Day of week:,Wednesday,32.75,Grade Celsius,
32,51.12,W/m^2,18:48:46,28/6/17,Day of week:,Wednesday,32.75,Grade Celsius,
30,52.58,W/m^2,18:48:49,28/6/17,Day of week:,Wednesday,32.75,Grade Celsius,
36,49.66,W/m^2,18:48:53,28/6/17,Day of week:,Wednesday,32.75,Grade Celsius,
32,49.66,W/m^2,18:48:56,28/6/17,Day of week:,Wednesday,32.75,Grade Celsius,
30,46.74,W/m^2,18:48:59,28/6/17,Day of week:,Wednesday,32.75,Grade Celsius,
32,52.58,W/m^2,18:49:02,28/6/17,Day of week:,Wednesday,32.75,Grade Celsius,
33,48.20,W/m^2,18:49:05,28/6/17,Day of week:,Wednesday,32.75,Grade Celsius,
31,52.58,W/m^2,18:49:08,28/6/17,Day of week:,Wednesday,32.75,Grade Celsius,
33,49.66,W/m^2,18:49:11,28/6/17,Day of week:,Wednesday,32.75,Grade Celsius,
33,46.74,W/m^2,18:49:14,28/6/17,Day of week:,Wednesday,32.75,Grade Celsius,
29,46.74,W/m^2,18:49:17,28/6/17,Day of week:,Wednesday,32.75,Grade Celsius,
31,49.66,W/m^2,18:49:20,28/6/17,Day of week:,Wednesday,32.75,Grade Celsius,
27,49.66,W/m^2,18:49:23,28/6/17,Day of week:,Wednesday,32.75,Grade Celsius,
39,52.58,W/m^2,18:49:26,28/6/17,Day of week:,Wednesday,32.75,Grade Celsius,
26,52.58,W/m^2,18:49:30,28/6/17,Day of week:,Wednesday,32.75,Grade Celsius,
35,40.90,W/m^2,18:49:33,28/6/17,Day of week:,Wednesday,32.75,Grade Celsius,
33,46.74,W/m^2,18:49:36,28/6/17,Day of week:,Wednesday,32.75,Grade Celsius,
32,46.74,W/m^2,18:49:39,28/6/17,Day of week:,Wednesday,32.81,Grade Celsius,
30,40.90,W/m^2,18:49:42,28/6/17,Day of week:,Wednesday,32.75,Grade Celsius,
32,46.74,W/m^2,18:49:45,28/6/17,Day of week:,Wednesday,32.75,Grade Celsius,
32,51.12,W/m^2,18:49:48,28/6/17,Day of week:,Wednesday,32.75,Grade Celsius,
33,52.58,W/m^2,18:49:51,28/6/17,Day of week:,Wednesday,32.75,Grade Celsius,
37,46.74,W/m^2,18:49:54,28/6/17,Day of week:,Wednesday,32.75,Grade Celsius,
32,46.74,W/m^2,18:49:57,28/6/17,Day of week:,Wednesday,32.75,Grade Celsius,
33,46.74,W/m^2,18:50:00,28/6/17,Day of week:,Wednesday,32.75,Grade Celsius,
36,40.90,W/m^2,18:50:03,28/6/17,Day of week:,Wednesday,32.81,Grade Celsius,
31,46.74,W/m^2,18:50:06,28/6/17,Day of week:,Wednesday,32.75,Grade Celsius,
32,46.74,W/m^2,18:50:09,28/6/17,Day of week:,Wednesday,32.75,Grade Celsius,
27,46.74,W/m^2,18:50:12,28/6/17,Day of week:,Wednesday,32.75,Grade Celsius,
32,46.74,W/m^2,18:50:16,28/6/17,Day of week:,Wednesday,32.75,Grade Celsius,
32,48.20,W/m^2,18:50:19,28/6/17,Day of week:,Wednesday,32.75,Grade Celsius,
32,42.36,W/m^2,18:50:22,28/6/17,Day of week:,Wednesday,32.75,Grade Celsius,
30,37.98,W/m^2,18:50:25,28/6/17,Day of week:,Wednesday,32.75,Grade Celsius,
28,52.58,W/m^2,18:50:28,28/6/17,Day of week:,Wednesday,32.75,Grade Celsius,
26,52.58,W/m^2,18:50:31,28/6/17,Day of week:,Wednesday,32.69,Grade Celsius,
33,52.58,W/m^2,18:50:34,28/6/17,Day of week:,Wednesday,32.69,Grade Celsius,
27,58.43,W/m^2,18:50:37,28/6/17,Day of week:,Wednesday,32.69,Grade Celsius,
32,48.20,W/m^2,18:50:40,28/6/17,Day of week:,Wednesday,32.69,Grade Celsius,
27,46.74,W/m^2,18:50:43,28/6/17,Day of week:,Wednesday,32.69,Grade Celsius,
30,40.90,W/m^2,18:50:46,28/6/17,Day of week:,Wednesday,32.75,Grade Celsius,
31,42.36,W/m^2,18:50:49,28/6/17,Day of week:,Wednesday,32.69,Grade Celsius,
31,52.58,W/m^2,18:50:52,28/6/17,Day of week:,Wednesday,32.75,Grade Celsius,
33,46.74,W/m^2,18:50:55,28/6/17,Day of week:,Wednesday,32.69,Grade Celsius,
28,52.58,W/m^2,18:50:58,28/6/17,Day of week:,Wednesday,32.63,Grade Celsius,
29,40.90,W/m^2,18:51:01,28/6/17,Day of week:,Wednesday,32.63,Grade Celsius,
33,49.66,W/m^2,18:51:05,28/6/17,Day of week:,Wednesday,32.69,Grade Celsius,
37,49.66,W/m^2,18:51:08,28/6/17,Day of week:,Wednesday,32.69,Grade Celsius,
34,46.74,W/m^2,18:51:11,28/6/17,Day of week:,Wednesday,32.69,Grade Celsius,
32,49.66,W/m^2,18:51:14,28/6/17,Day of week:,Wednesday,32.69,Grade Celsius,
32,46.74,W/m^2,18:51:17,28/6/17,Day of week:,Wednesday,32.63,Grade Celsius,
29,51.12,W/m^2,18:51:20,28/6/17,Day of week:,Wednesday,32.63,Grade Celsius,
33,49.66,W/m^2,18:51:23,28/6/17,Day of week:,Wednesday,32.63,Grade Celsius,
30,37.98,W/m^2,18:51:26,28/6/17,Day of week:,Wednesday,32.56,Grade Celsius,
31,46.74,W/m^2,18:51:29,28/6/17,Day of week:,Wednesday,32.63,Grade Celsius,
32,49.66,W/m^2,18:51:32,28/6/17,Day of week:,Wednesday,32.63,Grade Celsius,
29,52.58,W/m^2,18:51:35,28/6/17,Day of week:,Wednesday,32.63,Grade Celsius,
26,37.98,W/m^2,18:51:38,28/6/17,Day of week:,Wednesday,32.63,Grade Celsius,
28,49.66,W/m^2,18:51:41,28/6/17,Day of week:,Wednesday,32.63,Grade Celsius,
25,49.66,W/m^2,18:51:44,28/6/17,Day of week:,Wednesday,32.63,Grade Celsius,
31,49.66,W/m^2,18:51:47,28/6/17,Day of week:,Wednesday,32.63,Grade Celsius,
29,46.74,W/m^2,18:51:51,28/6/17,Day of week:,Wednesday,32.63,Grade Celsius,
29,46.74,W/m^2,18:51:54,28/6/17,Day of week:,Wednesday,32.56,Grade Celsius,
31,46.74,W/m^2,18:51:57,28/6/17,Day of week:,Wednesday,32.56,Grade Celsius,
31,55.50,W/m^2,18:52:00,28/6/17,Day of week:,Wednesday,32.63,Grade Celsius,
31,48.20,W/m^2,18:52:03,28/6/17,Day of week:,Wednesday,32.63,Grade Celsius,
37,58.43,W/m^2,18:52:06,28/6/17,Day of week:,Wednesday,32.56,Grade Celsius,
32,51.12,W/m^2,18:52:09,28/6/17,Day of week:,Wednesday,32.63,Grade Celsius,
31,48.20,W/m^2,18:52:12,28/6/17,Day of week:,Wednesday,32.63,Grade Celsius,
37,49.66,W/m^2,18:52:15,28/6/17,Day of week:,Wednesday,32.63,Grade Celsius,
31,55.50,W/m^2,18:52:18,28/6/17,Day of week:,Wednesday,32.69,Grade Celsius,
29,46.74,W/m^2,18:52:21,28/6/17,Day of week:,Wednesday,32.69,Grade Celsius,
26,49.66,W/m^2,18:52:24,28/6/17,Day of week:,Wednesday,32.69,Grade Celsius,
32,48.20,W/m^2,18:52:27,28/6/17,Day of week:,Wednesday,32.69,Grade Celsius,
33,46.74,W/m^2,18:52:30,28/6/17,Day of week:,Wednesday,32.69,Grade Celsius,
28,46.74,W/m^2,18:52:33,28/6/17,Day of week:,Wednesday,32.69,Grade Celsius,
31,46.74,W/m^2,18:52:37,28/6/17,Day of week:,Wednesday,32.63,Grade Celsius,
32,52.58,W/m^2,18:52:40,28/6/17,Day of week:,Wednesday,32.63,Grade Celsius,
31,55.50,W/m^2,18:52:43,28/6/17,Day of week:,Wednesday,32.63,Grade Celsius,
26,49.66,W/m^2,18:52:46,28/6/17,Day of week:,Wednesday,32.56,Grade Celsius,
33,49.66,W/m^2,18:52:49,28/6/17,Day of week:,Wednesday,32.50,Grade Celsius,
33,48.20,W/m^2,18:52:52,28/6/17,Day of week:,Wednesday,32.50,Grade Celsius,
32,36.52,W/m^2,18:52:55,28/6/17,Day of week:,Wednesday,32.50,Grade Celsius,
31,46.74,W/m^2,18:52:58,28/6/17,Day of week:,Wednesday,32.50,Grade Celsius,
35,52.58,W/m^2,18:53:01,28/6/17,Day of week:,Wednesday,32.50,Grade Celsius,
30,49.66,W/m^2,18:53:04,28/6/17,Day of week:,Wednesday,32.50,Grade Celsius,
29,46.74,W/m^2,18:53:07,28/6/17,Day of week:,Wednesday,32.50,Grade Celsius,
35,49.66,W/m^2,18:53:10,28/6/17,Day of week:,Wednesday,32.50,Grade Celsius,
33,40.90,W/m^2,18:53:13,28/6/17,Day of week:,Wednesday,32.50,Grade Celsius,
33,46.74,W/m^2,18:53:16,28/6/17,Day of week:,Wednesday,32.50,Grade Celsius,
33,48.20,W/m^2,18:53:19,28/6/17,Day of week:,Wednesday,32.50,Grade Celsius,
31,46.74,W/m^2,18:53:23,28/6/17,Day of week:,Wednesday,32.50,Grade Celsius,
30,46.74,W/m^2,18:53:26,28/6/17,Day of week:,Wednesday,32.50,Grade Celsius,
32,46.74,W/m^2,18:53:29,28/6/17,Day of week:,Wednesday,32.50,Grade Celsius,
32,55.50,W/m^2,18:53:32,28/6/17,Day of week:,Wednesday,32.50,Grade Celsius,
31,49.66,W/m^2,18:53:35,28/6/17,Day of week:,Wednesday,32.50,Grade Celsius,
30,46.74,W/m^2,18:53:38,28/6/17,Day of week:,Wednesday,32.50,Grade Celsius,
32,46.74,W/m^2,18:53:41,28/6/17,Day of week:,Wednesday,32.50,Grade Celsius,
35,46.74,W/m^2,18:53:44,28/6/17,Day of week:,Wednesday,32.44,Grade Celsius,
33,43.82,W/m^2,18:53:47,28/6/17,Day of week:,Wednesday,32.44,Grade Celsius,
32,46.74,W/m^2,18:53:50,28/6/17,Day of week:,Wednesday,32.44,Grade Celsius,
31,48.20,W/m^2,18:53:53,28/6/17,Day of week:,Wednesday,32.44,Grade Celsius,
29,55.50,W/m^2,18:53:56,28/6/17,Day of week:,Wednesday,32.44,Grade Celsius,
35,46.74,W/m^2,18:53:59,28/6/17,Day of week:,Wednesday,32.44,Grade Celsius,
28,46.74,W/m^2,18:54:02,28/6/17,Day of week:,Wednesday,32.44,Grade Celsius,
32,48.20,W/m^2,18:54:05,28/6/17,Day of week:,Wednesday,32.38,Grade Celsius,
32,56.96,W/m^2,18:54:09,28/6/17,Day of week:,Wednesday,32.38,Grade Celsius,
32,46.74,W/m^2,18:54:12,28/6/17,Day of week:,Wednesday,32.38,Grade Celsius,
27,48.20,W/m^2,18:54:15,28/6/17,Day of week:,Wednesday,32.38,Grade Celsius,
30,52.58,W/m^2,18:54:18,28/6/17,Day of week:,Wednesday,32.38,Grade Celsius,
26,49.66,W/m^2,18:54:21,28/6/17,Day of week:,Wednesday,32.38,Grade Celsius,
31,36.52,W/m^2,18:54:24,28/6/17,Day of week:,Wednesday,32.38,Grade Celsius,
33,46.74,W/m^2,18:54:27,28/6/17,Day of week:,Wednesday,32.38,Grade Celsius,
29,46.74,W/m^2,18:54:30,28/6/17,Day of week:,Wednesday,32.38,Grade Celsius,
30,46.74,W/m^2,18:54:33,28/6/17,Day of week:,Wednesday,32.38,Grade Celsius,
35,49.66,W/m^2,18:54:36,28/6/17,Day of week:,Wednesday,32.38,Grade Celsius,
24,49.66,W/m^2,18:54:39,28/6/17,Day of week:,Wednesday,32.38,Grade Celsius,
25,52.58,W/m^2,18:54:42,28/6/17,Day of week:,Wednesday,32.38,Grade Celsius,
30,46.74,W/m^2,18:54:45,28/6/17,Day of week:,Wednesday,32.38,Grade Celsius,
31,46.74,W/m^2,18:54:48,28/6/17,Day of week:,Wednesday,32.38,Grade Celsius,
35,58.43,W/m^2,18:54:52,28/6/17,Day of week:,Wednesday,32.38,Grade Celsius,
32,48.20,W/m^2,18:54:55,28/6/17,Day of week:,Wednesday,32.38,Grade Celsius,
29,46.74,W/m^2,18:54:58,28/6/17,Day of week:,Wednesday,32.38,Grade Celsius,
28,46.74,W/m^2,18:55:01,28/6/17,Day of week:,Wednesday,32.38,Grade Celsius,
30,46.74,W/m^2,18:55:04,28/6/17,Day of week:,Wednesday,32.38,Grade Celsius,
29,46.74,W/m^2,18:55:07,28/6/17,Day of week:,Wednesday,32.38,Grade Celsius,
35,49.66,W/m^2,18:55:10,28/6/17,Day of week:,Wednesday,32.38,Grade Celsius,
37,46.74,W/m^2,18:55:13,28/6/17,Day of week:,Wednesday,32.31,Grade Celsius,
36,40.90,W/m^2,18:55:16,28/6/17,Day of week:,Wednesday,32.38,Grade Celsius,
30,46.74,W/m^2,18:55:19,28/6/17,Day of week:,Wednesday,32.38,Grade Celsius,
30,46.74,W/m^2,18:55:22,28/6/17,Day of week:,Wednesday,32.38,Grade Celsius,
31,46.74,W/m^2,18:55:25,28/6/17,Day of week:,Wednesday,32.38,Grade Celsius,
29,48.20,W/m^2,18:55:28,28/6/17,Day of week:,Wednesday,32.38,Grade Celsius,
31,54.04,W/m^2,18:55:31,28/6/17,Day of week:,Wednesday,32.38,Grade Celsius,
29,49.66,W/m^2,18:55:34,28/6/17,Day of week:,Wednesday,32.38,Grade Celsius,
33,49.66,W/m^2,18:55:38,28/6/17,Day of week:,Wednesday,32.38,Grade Celsius,
24,46.74,W/m^2,18:55:41,28/6/17,Day of week:,Wednesday,32.44,Grade Celsius,
30,52.58,W/m^2,18:55:44,28/6/17,Day of week:,Wednesday,32.44,Grade Celsius,
32,46.74,W/m^2,18:55:47,28/6/17,Day of week:,Wednesday,32.38,Grade Celsius,
28,46.74,W/m^2,18:55:50,28/6/17,Day of week:,Wednesday,32.38,Grade Celsius,
30,52.58,W/m^2,18:55:53,28/6/17,Day of week:,Wednesday,32.44,Grade Celsius,
29,40.90,W/m^2,18:55:56,28/6/17,Day of week:,Wednesday,32.44,Grade Celsius,
32,49.66,W/m^2,18:55:59,28/6/17,Day of week:,Wednesday,32.44,Grade Celsius,
35,46.74,W/m^2,18:56:02,28/6/17,Day of week:,Wednesday,32.44,Grade Celsius,
28,40.90,W/m^2,18:56:05,28/6/17,Day of week:,Wednesday,32.44,Grade Celsius,
33,46.74,W/m^2,18:56:08,28/6/17,Day of week:,Wednesday,32.44,Grade Celsius,
32,40.90,W/m^2,18:56:11,28/6/17,Day of week:,Wednesday,32.44,Grade Celsius,
23,46.74,W/m^2,18:56:14,28/6/17,Day of week:,Wednesday,32.50,Grade Celsius,
26,46.74,W/m^2,18:56:17,28/6/17,Day of week:,Wednesday,32.50,Grade Celsius,
31,52.58,W/m^2,18:56:20,28/6/17,Day of week:,Wednesday,32.50,Grade Celsius,
30,46.74,W/m^2,18:56:24,28/6/17,Day of week:,Wednesday,32.50,Grade Celsius,
30,46.74,W/m^2,18:56:27,28/6/17,Day of week:,Wednesday,32.50,Grade Celsius,
26,46.74,W/m^2,18:56:30,28/6/17,Day of week:,Wednesday,32.50,Grade Celsius,
29,48.20,W/m^2,18:56:33,28/6/17,Day of week:,Wednesday,32.50,Grade Celsius,
36,46.74,W/m^2,18:56:36,28/6/17,Day of week:,Wednesday,32.50,Grade Celsius,
35,49.66,W/m^2,18:56:39,28/6/17,Day of week:,Wednesday,32.50,Grade Celsius,
31,40.90,W/m^2,18:56:42,28/6/17,Day of week:,Wednesday,32.50,Grade Celsius,
30,46.74,W/m^2,18:56:45,28/6/17,Day of week:,Wednesday,32.50,Grade Celsius,
31,46.74,W/m^2,18:56:48,28/6/17,Day of week:,Wednesday,32.50,Grade Celsius,
32,46.74,W/m^2,18:56:51,28/6/17,Day of week:,Wednesday,32.44,Grade Celsius,
33,46.74,W/m^2,18:56:54,28/6/17,Day of week:,Wednesday,32.38,Grade Celsius,
24,46.74,W/m^2,18:56:57,28/6/17,Day of week:,Wednesday,32.38,Grade Celsius,
31,46.74,W/m^2,18:57:00,28/6/17,Day of week:,Wednesday,32.38,Grade Celsius,
31,46.74,W/m^2,18:57:03,28/6/17,Day of week:,Wednesday,32.38,Grade Celsius,
34,52.58,W/m^2,18:57:06,28/6/17,Day of week:,Wednesday,32.44,Grade Celsius,
31,46.74,W/m^2,18:57:10,28/6/17,Day of week:,Wednesday,32.38,Grade Celsius,
31,37.98,W/m^2,18:57:13,28/6/17,Day of week:,Wednesday,32.38,Grade Celsius,
34,37.98,W/m^2,18:57:16,28/6/17,Day of week:,Wednesday,32.38,Grade Celsius,
32,49.66,W/m^2,18:57:19,28/6/17,Day of week:,Wednesday,32.44,Grade Celsius,
26,42.36,W/m^2,18:57:22,28/6/17,Day of week:,Wednesday,32.44,Grade Celsius,
32,49.66,W/m^2,18:57:25,28/6/17,Day of week:,Wednesday,32.38,Grade Celsius,
28,46.74,W/m^2,18:57:28,28/6/17,Day of week:,Wednesday,32.38,Grade Celsius,
32,46.74,W/m^2,18:57:31,28/6/17,Day of week:,Wednesday,32.38,Grade Celsius,
32,48.20,W/m^2,18:57:34,28/6/17,Day of week:,Wednesday,32.38,Grade Celsius,
29,46.74,W/m^2,18:57:37,28/6/17,Day of week:,Wednesday,32.44,Grade Celsius,
30,46.74,W/m^2,18:57:40,28/6/17,Day of week:,Wednesday,32.44,Grade Celsius,
32,46.74,W/m^2,18:57:43,28/6/17,Day of week:,Wednesday,32.44,Grade Celsius,
31,52.58,W/m^2,18:57:46,28/6/17,Day of week:,Wednesday,32.44,Grade Celsius,
30,58.43,W/m^2,18:57:49,28/6/17,Day of week:,Wednesday,32.50,Grade Celsius,
32,46.74,W/m^2,18:57:52,28/6/17,Day of week:,Wednesday,32.50,Grade Celsius,
25,36.52,W/m^2,18:57:55,28/6/17,Day of week:,Wednesday,32.50,Grade Celsius,
30,40.90,W/m^2,18:57:59,28/6/17,Day of week:,Wednesday,32.44,Grade Celsius,
31,46.74,W/m^2,18:58:02,28/6/17,Day of week:,Wednesday,32.44,Grade Celsius,
27,46.74,W/m^2,18:58:05,28/6/17,Day of week:,Wednesday,32.44,Grade Celsius,
28,46.74,W/m^2,18:58:08,28/6/17,Day of week:,Wednesday,32.44,Grade Celsius,
27,52.58,W/m^2,18:58:11,28/6/17,Day of week:,Wednesday,32.44,Grade Celsius,
30,46.74,W/m^2,18:58:14,28/6/17,Day of week:,Wednesday,32.44,Grade Celsius,
29,46.74,W/m^2,18:58:17,28/6/17,Day of week:,Wednesday,32.38,Grade Celsius,
31,51.12,W/m^2,18:58:20,28/6/17,Day of week:,Wednesday,32.38,Grade Celsius,
37,46.74,W/m^2,18:58:23,28/6/17,Day of week:,Wednesday,32.38,Grade Celsius,
31,35.06,W/m^2,18:58:26,28/6/17,Day of week:,Wednesday,32.31,Grade Celsius,
30,37.98,W/m^2,18:58:29,28/6/17,Day of week:,Wednesday,32.31,Grade Celsius,
32,46.74,W/m^2,18:58:32,28/6/17,Day of week:,Wednesday,32.25,Grade Celsius,
27,46.74,W/m^2,18:58:35,28/6/17,Day of week:,Wednesday,32.19,Grade Celsius,
26,46.74,W/m^2,18:58:38,28/6/17,Day of week:,Wednesday,32.19,Grade Celsius,
31,55.50,W/m^2,18:58:41,28/6/17,Day of week:,Wednesday,32.13,Grade Celsius,
29,46.74,W/m^2,18:58:45,28/6/17,Day of week:,Wednesday,32.13,Grade Celsius,
29,45.28,W/m^2,18:58:48,28/6/17,Day of week:,Wednesday,32.13,Grade Celsius,
27,46.74,W/m^2,18:58:51,28/6/17,Day of week:,Wednesday,32.13,Grade Celsius,
28,40.90,W/m^2,18:58:54,28/6/17,Day of week:,Wednesday,32.19,Grade Celsius,
33,52.58,W/m^2,18:58:57,28/6/17,Day of week:,Wednesday,32.19,Grade Celsius,
23,40.90,W/m^2,18:59:00,28/6/17,Day of week:,Wednesday,32.19,Grade Celsius,
30,42.36,W/m^2,18:59:03,28/6/17,Day of week:,Wednesday,32.19,Grade Celsius,
31,54.04,W/m^2,18:59:06,28/6/17,Day of week:,Wednesday,32.25,Grade Celsius,
30,46.74,W/m^2,18:59:09,28/6/17,Day of week:,Wednesday,32.25,Grade Celsius,
28,48.20,W/m^2,18:59:12,28/6/17,Day of week:,Wednesday,32.25,Grade Celsius,
25,46.74,W/m^2,18:59:15,28/6/17,Day of week:,Wednesday,32.25,Grade Celsius,
29,46.74,W/m^2,18:59:18,28/6/17,Day of week:,Wednesday,32.25,Grade Celsius,
33,46.74,W/m^2,18:59:21,28/6/17,Day of week:,Wednesday,32.25,Grade Celsius,
32,58.43,W/m^2,18:59:24,28/6/17,Day of week:,Wednesday,32.25,Grade Celsius,
32,49.66,W/m^2,18:59:27,28/6/17,Day of week:,Wednesday,32.25,Grade Celsius,
31,46.74,W/m^2,18:59:31,28/6/17,Day of week:,Wednesday,32.19,Grade Celsius,
28,46.74,W/m^2,18:59:34,28/6/17,Day of week:,Wednesday,32.19,Grade Celsius,
29,46.74,W/m^2,18:59:37,28/6/17,Day of week:,Wednesday,32.19,Grade Celsius,
28,46.74,W/m^2,18:59:40,28/6/17,Day of week:,Wednesday,32.19,Grade Celsius,
32,46.74,W/m^2,18:59:43,28/6/17,Day of week:,Wednesday,32.19,Grade Celsius,
29,46.74,W/m^2,18:59:46,28/6/17,Day of week:,Wednesday,32.19,Grade Celsius,
31,46.74,W/m^2,18:59:49,28/6/17,Day of week:,Wednesday,32.19,Grade Celsius,
29,40.90,W/m^2,18:59:52,28/6/17,Day of week:,Wednesday,32.19,Grade Celsius,
29,52.58,W/m^2,18:59:55,28/6/17,Day of week:,Wednesday,32.19,Grade Celsius,
23,46.74,W/m^2,18:59:58,28/6/17,Day of week:,Wednesday,32.25,Grade Celsius,
29,40.90,W/m^2,19:00:01,28/6/17,Day of week:,Wednesday,32.25,Grade Celsius,
27,46.74,W/m^2,19:00:04,28/6/17,Day of week:,Wednesday,32.25,Grade Celsius,
23,46.74,W/m^2,19:00:07,28/6/17,Day of week:,Wednesday,32.25,Grade Celsius,
30,40.90,W/m^2,19:00:11,28/6/17,Day of week:,Wednesday,32.25,Grade Celsius,
29,46.74,W/m^2,19:00:14,28/6/17,Day of week:,Wednesday,32.25,Grade Celsius,
28,40.90,W/m^2,19:00:17,28/6/17,Day of week:,Wednesday,32.25,Grade Celsius,
29,46.74,W/m^2,19:00:20,28/6/17,Day of week:,Wednesday,32.25,Grade Celsius,
27,46.74,W/m^2,19:00:23,28/6/17,Day of week:,Wednesday,32.25,Grade Celsius,
32,46.74,W/m^2,19:00:26,28/6/17,Day of week:,Wednesday,32.19,Grade Celsius,
32,37.98,W/m^2,19:00:29,28/6/17,Day of week:,Wednesday,32.25,Grade Celsius,
24,37.98,W/m^2,19:00:32,28/6/17,Day of week:,Wednesday,32.19,Grade Celsius,
30,46.74,W/m^2,19:00:35,28/6/17,Day of week:,Wednesday,32.19,Grade Celsius,
31,46.74,W/m^2,19:00:38,28/6/17,Day of week:,Wednesday,32.25,Grade Celsius,
31,46.74,W/m^2,19:00:41,28/6/17,Day of week:,Wednesday,32.19,Grade Celsius,
27,46.74,W/m^2,19:00:44,28/6/17,Day of week:,Wednesday,32.19,Grade Celsius,
31,37.98,W/m^2,19:00:47,28/6/17,Day of week:,Wednesday,32.25,Grade Celsius,
29,40.90,W/m^2,19:00:50,28/6/17,Day of week:,Wednesday,32.25,Grade Celsius,
33,48.20,W/m^2,19:00:54,28/6/17,Day of week:,Wednesday,32.25,Grade Celsius,
23,46.74,W/m^2,19:00:57,28/6/17,Day of week:,Wednesday,32.25,Grade Celsius,
27,46.74,W/m^2,19:01:00,28/6/17,Day of week:,Wednesday,32.31,Grade Celsius,
29,46.74,W/m^2,19:01:03,28/6/17,Day of week:,Wednesday,32.31,Grade Celsius,
31,46.74,W/m^2,19:01:06,28/6/17,Day of week:,Wednesday,32.31,Grade Celsius,
29,49.66,W/m^2,19:01:09,28/6/17,Day of week:,Wednesday,32.31,Grade Celsius,
30,46.74,W/m^2,19:01:12,28/6/17,Day of week:,Wednesday,32.38,Grade Celsius,
29,37.98,W/m^2,19:01:15,28/6/17,Day of week:,Wednesday,32.38,Grade Celsius,
26,35.06,W/m^2,19:01:18,28/6/17,Day of week:,Wednesday,32.38,Grade Celsius,
29,46.74,W/m^2,19:01:21,28/6/17,Day of week:,Wednesday,32.38,Grade Celsius,
23,49.66,W/m^2,19:01:24,28/6/17,Day of week:,Wednesday,32.38,Grade Celsius,
29,37.98,W/m^2,19:01:27,28/6/17,Day of week:,Wednesday,32.44,Grade Celsius,
25,46.74,W/m^2,19:01:30,28/6/17,Day of week:,Wednesday,32.38,Grade Celsius,
31,46.74,W/m^2,19:01:33,28/6/17,Day of week:,Wednesday,32.44,Grade Celsius,
25,49.66,W/m^2,19:01:36,28/6/17,Day of week:,Wednesday,32.38,Grade Celsius,
31,46.74,W/m^2,19:01:40,28/6/17,Day of week:,Wednesday,32.38,Grade Celsius,
28,46.74,W/m^2,19:01:43,28/6/17,Day of week:,Wednesday,32.38,Grade Celsius,
31,40.90,W/m^2,19:01:46,28/6/17,Day of week:,Wednesday,32.38,Grade Celsius,
25,40.90,W/m^2,19:01:49,28/6/17,Day of week:,Wednesday,32.38,Grade Celsius,
26,48.20,W/m^2,19:01:52,28/6/17,Day of week:,Wednesday,32.38,Grade Celsius,
28,46.74,W/m^2,19:01:55,28/6/17,Day of week:,Wednesday,32.31,Grade Celsius,
27,46.74,W/m^2,19:01:58,28/6/17,Day of week:,Wednesday,32.31,Grade Celsius,
25,46.74,W/m^2,19:02:01,28/6/17,Day of week:,Wednesday,32.31,Grade Celsius,
33,52.58,W/m^2,19:02:04,28/6/17,Day of week:,Wednesday,32.31,Grade Celsius,
29,46.74,W/m^2,19:02:07,28/6/17,Day of week:,Wednesday,32.38,Grade Celsius,
30,40.90,W/m^2,19:02:10,28/6/17,Day of week:,Wednesday,32.38,Grade Celsius,
26,46.74,W/m^2,19:02:13,28/6/17,Day of week:,Wednesday,32.38,Grade Celsius,
31,46.74,W/m^2,19:02:16,28/6/17,Day of week:,Wednesday,32.38,Grade Celsius,
27,46.74,W/m^2,19:02:19,28/6/17,Day of week:,Wednesday,32.44,Grade Celsius,
31,46.74,W/m^2,19:02:22,28/6/17,Day of week:,Wednesday,32.44,Grade Celsius,
28,36.52,W/m^2,19:02:25,28/6/17,Day of week:,Wednesday,32.44,Grade Celsius,
29,37.98,W/m^2,19:02:29,28/6/17,Day of week:,Wednesday,32.44,Grade Celsius,
31,48.20,W/m^2,19:02:32,28/6/17,Day of week:,Wednesday,32.38,Grade Celsius,
27,40.90,W/m^2,19:02:35,28/6/17,Day of week:,Wednesday,32.38,Grade Celsius,
28,49.66,W/m^2,19:02:38,28/6/17,Day of week:,Wednesday,32.31,Grade Celsius,
32,46.74,W/m^2,19:02:41,28/6/17,Day of week:,Wednesday,32.31,Grade Celsius,
28,36.52,W/m^2,19:02:44,28/6/17,Day of week:,Wednesday,32.38,Grade Celsius,
29,46.74,W/m^2,19:02:47,28/6/17,Day of week:,Wednesday,32.31,Grade Celsius,
24,46.74,W/m^2,19:02:50,28/6/17,Day of week:,Wednesday,32.31,Grade Celsius,
27,35.06,W/m^2,19:02:53,28/6/17,Day of week:,Wednesday,32.31,Grade Celsius,
27,37.98,W/m^2,19:02:56,28/6/17,Day of week:,Wednesday,32.38,Grade Celsius,
26,46.74,W/m^2,19:02:59,28/6/17,Day of week:,Wednesday,32.31,Grade Celsius,
29,46.74,W/m^2,19:03:02,28/6/17,Day of week:,Wednesday,32.38,Grade Celsius,
29,46.74,W/m^2,19:03:05,28/6/17,Day of week:,Wednesday,32.38,Grade Celsius,
30,39.44,W/m^2,19:03:08,28/6/17,Day of week:,Wednesday,32.31,Grade Celsius,
28,46.74,W/m^2,19:03:11,28/6/17,Day of week:,Wednesday,32.31,Grade Celsius,
27,40.90,W/m^2,19:03:15,28/6/17,Day of week:,Wednesday,32.31,Grade Celsius,
33,46.74,W/m^2,19:03:18,28/6/17,Day of week:,Wednesday,32.31,Grade Celsius,
31,46.74,W/m^2,19:03:21,28/6/17,Day of week:,Wednesday,32.31,Grade Celsius,
28,46.74,W/m^2,19:03:24,28/6/17,Day of week:,Wednesday,32.31,Grade Celsius,
25,46.74,W/m^2,19:03:27,28/6/17,Day of week:,Wednesday,32.31,Grade Celsius,
23,40.90,W/m^2,19:03:30,28/6/17,Day of week:,Wednesday,32.38,Grade Celsius,
27,46.74,W/m^2,19:03:33,28/6/17,Day of week:,Wednesday,32.38,Grade Celsius,
27,46.74,W/m^2,19:03:36,28/6/17,Day of week:,Wednesday,32.38,Grade Celsius,
29,46.74,W/m^2,19:03:39,28/6/17,Day of week:,Wednesday,32.38,Grade Celsius,
26,35.06,W/m^2,19:03:42,28/6/17,Day of week:,Wednesday,32.38,Grade Celsius,
23,46.74,W/m^2,19:03:45,28/6/17,Day of week:,Wednesday,32.31,Grade Celsius,
30,46.74,W/m^2,19:03:48,28/6/17,Day of week:,Wednesday,32.31,Grade Celsius,
29,46.74,W/m^2,19:03:51,28/6/17,Day of week:,Wednesday,32.31,Grade Celsius,
27,35.06,W/m^2,19:03:54,28/6/17,Day of week:,Wednesday,32.31,Grade Celsius,
29,46.74,W/m^2,19:03:58,28/6/17,Day of week:,Wednesday,32.31,Grade Celsius,
28,46.74,W/m^2,19:04:01,28/6/17,Day of week:,Wednesday,32.31,Grade Celsius,
28,37.98,W/m^2,19:04:04,28/6/17,Day of week:,Wednesday,32.38,Grade Celsius,
27,39.44,W/m^2,19:04:07,28/6/17,Day of week:,Wednesday,32.31,Grade Celsius,
27,40.90,W/m^2,19:04:10,28/6/17,Day of week:,Wednesday,32.38,Grade Celsius,
27,35.06,W/m^2,19:04:13,28/6/17,Day of week:,Wednesday,32.38,Grade Celsius,
22,39.44,W/m^2,19:04:16,28/6/17,Day of week:,Wednesday,32.38,Grade Celsius,
29,46.74,W/m^2,19:04:19,28/6/17,Day of week:,Wednesday,32.38,Grade Celsius,
27,46.74,W/m^2,19:04:22,28/6/17,Day of week:,Wednesday,32.38,Grade Celsius,
32,40.90,W/m^2,19:04:25,28/6/17,Day of week:,Wednesday,32.38,Grade Celsius,
26,35.06,W/m^2,19:04:28,28/6/17,Day of week:,Wednesday,32.44,Grade Celsius,
29,37.98,W/m^2,19:04:31,28/6/17,Day of week:,Wednesday,32.44,Grade Celsius,
27,46.74,W/m^2,19:04:34,28/6/17,Day of week:,Wednesday,32.38,Grade Celsius,
29,46.74,W/m^2,19:04:37,28/6/17,Day of week:,Wednesday,32.38,Grade Celsius,
27,46.74,W/m^2,19:04:40,28/6/17,Day of week:,Wednesday,32.38,Grade Celsius,
27,46.74,W/m^2,19:04:43,28/6/17,Day of week:,Wednesday,32.38,Grade Celsius,
27,46.74,W/m^2,19:04:47,28/6/17,Day of week:,Wednesday,32.38,Grade Celsius,
27,37.98,W/m^2,19:04:50,28/6/17,Day of week:,Wednesday,32.38,Grade Celsius,
21,40.90,W/m^2,19:04:53,28/6/17,Day of week:,Wednesday,32.38,Grade Celsius,
30,35.06,W/m^2,19:04:56,28/6/17,Day of week:,Wednesday,32.38,Grade Celsius,
25,40.90,W/m^2,19:04:59,28/6/17,Day of week:,Wednesday,32.38,Grade Celsius,
23,35.06,W/m^2,19:05:02,28/6/17,Day of week:,Wednesday,32.38,Grade Celsius,
24,46.74,W/m^2,19:05:05,28/6/17,Day of week:,Wednesday,32.38,Grade Celsius,
27,35.06,W/m^2,19:05:08,28/6/17,Day of week:,Wednesday,32.38,Grade Celsius,
28,35.06,W/m^2,19:05:11,28/6/17,Day of week:,Wednesday,32.38,Grade Celsius,
22,37.98,W/m^2,19:05:14,28/6/17,Day of week:,Wednesday,32.38,Grade Celsius,
23,37.98,W/m^2,19:05:17,28/6/17,Day of week:,Wednesday,32.38,Grade Celsius,
24,35.06,W/m^2,19:05:20,28/6/17,Day of week:,Wednesday,32.38,Grade Celsius,
25,35.06,W/m^2,19:05:23,28/6/17,Day of week:,Wednesday,32.38,Grade Celsius,
26,40.90,W/m^2,19:05:26,28/6/17,Day of week:,Wednesday,32.38,Grade Celsius,
29,35.06,W/m^2,19:05:29,28/6/17,Day of week:,Wednesday,32.38,Grade Celsius,
22,30.67,W/m^2,19:05:33,28/6/17,Day of week:,Wednesday,32.38,Grade Celsius,
25,37.98,W/m^2,19:05:36,28/6/17,Day of week:,Wednesday,32.31,Grade Celsius,
25,35.06,W/m^2,19:05:39,28/6/17,Day of week:,Wednesday,32.31,Grade Celsius,
24,37.98,W/m^2,19:05:42,28/6/17,Day of week:,Wednesday,32.31,Grade Celsius,
25,40.90,W/m^2,19:05:45,28/6/17,Day of week:,Wednesday,32.31,Grade Celsius,
25,40.90,W/m^2,19:05:48,28/6/17,Day of week:,Wednesday,32.25,Grade Celsius,
23,35.06,W/m^2,19:05:51,28/6/17,Day of week:,Wednesday,32.25,Grade Celsius,
23,29.21,W/m^2,19:05:54,28/6/17,Day of week:,Wednesday,32.25,Grade Celsius,
21,35.06,W/m^2,19:05:57,28/6/17,Day of week:,Wednesday,32.25,Grade Celsius,
25,37.98,W/m^2,19:06:00,28/6/17,Day of week:,Wednesday,32.25,Grade Celsius,
27,42.36,W/m^2,19:06:03,28/6/17,Day of week:,Wednesday,32.25,Grade Celsius,
25,32.13,W/m^2,19:06:06,28/6/17,Day of week:,Wednesday,32.19,Grade Celsius,
22,36.52,W/m^2,19:06:09,28/6/17,Day of week:,Wednesday,32.19,Grade Celsius,
20,29.21,W/m^2,19:06:12,28/6/17,Day of week:,Wednesday,32.19,Grade Celsius,
26,37.98,W/m^2,19:06:16,28/6/17,Day of week:,Wednesday,32.19,Grade Celsius,
22,35.06,W/m^2,19:06:19,28/6/17,Day of week:,Wednesday,32.19,Grade Celsius,
19,35.06,W/m^2,19:06:22,28/6/17,Day of week:,Wednesday,32.19,Grade Celsius,
18,37.98,W/m^2,19:06:25,28/6/17,Day of week:,Wednesday,32.19,Grade Celsius,
17,35.06,W/m^2,19:06:28,28/6/17,Day of week:,Wednesday,32.19,Grade Celsius,
19,40.90,W/m^2,19:06:31,28/6/17,Day of week:,Wednesday,32.19,Grade Celsius,
18,29.21,W/m^2,19:06:34,28/6/17,Day of week:,Wednesday,32.19,Grade Celsius,
23,35.06,W/m^2,19:06:37,28/6/17,Day of week:,Wednesday,32.19,Grade Celsius,
23,29.21,W/m^2,19:06:40,28/6/17,Day of week:,Wednesday,32.19,Grade Celsius,
20,26.29,W/m^2,19:06:43,28/6/17,Day of week:,Wednesday,32.19,Grade Celsius,
18,37.98,W/m^2,19:06:46,28/6/17,Day of week:,Wednesday,32.13,Grade Celsius,
21,37.98,W/m^2,19:06:49,28/6/17,Day of week:,Wednesday,32.19,Grade Celsius,
20,35.06,W/m^2,19:06:52,28/6/17,Day of week:,Wednesday,32.19,Grade Celsius,
18,35.06,W/m^2,19:06:55,28/6/17,Day of week:,Wednesday,32.19,Grade Celsius,
21,29.21,W/m^2,19:06:58,28/6/17,Day of week:,Wednesday,32.19,Grade Celsius,
21,35.06,W/m^2,19:07:01,28/6/17,Day of week:,Wednesday,32.19,Grade Celsius,
22,35.06,W/m^2,19:07:05,28/6/17,Day of week:,Wednesday,32.19,Grade Celsius,
23,35.06,W/m^2,19:07:08,28/6/17,Day of week:,Wednesday,32.19,Grade Celsius,
22,29.21,W/m^2,19:07:11,28/6/17,Day of week:,Wednesday,32.19,Grade Celsius,
19,29.21,W/m^2,19:07:14,28/6/17,Day of week:,Wednesday,32.19,Grade Celsius,
19,35.06,W/m^2,19:07:17,28/6/17,Day of week:,Wednesday,32.19,Grade Celsius,
19,26.29,W/m^2,19:07:20,28/6/17,Day of week:,Wednesday,32.19,Grade Celsius,
21,35.06,W/m^2,19:07:23,28/6/17,Day of week:,Wednesday,32.25,Grade Celsius,
18,35.06,W/m^2,19:07:26,28/6/17,Day of week:,Wednesday,32.25,Grade Celsius,
17,23.37,W/m^2,19:07:29,28/6/17,Day of week:,Wednesday,32.25,Grade Celsius,
19,29.21,W/m^2,19:07:32,28/6/17,Day of week:,Wednesday,32.25,Grade Celsius,
23,35.06,W/m^2,19:07:35,28/6/17,Day of week:,Wednesday,32.25,Grade Celsius,
19,35.06,W/m^2,19:07:38,28/6/17,Day of week:,Wednesday,32.25,Grade Celsius,
19,30.67,W/m^2,19:07:41,28/6/17,Day of week:,Wednesday,32.25,Grade Celsius,
23,24.83,W/m^2,19:07:44,28/6/17,Day of week:,Wednesday,32.25,Grade Celsius,
15,32.13,W/m^2,19:07:47,28/6/17,Day of week:,Wednesday,32.25,Grade Celsius,
19,26.29,W/m^2,19:07:51,28/6/17,Day of week:,Wednesday,32.25,Grade Celsius,
21,29.21,W/m^2,19:07:54,28/6/17,Day of week:,Wednesday,32.25,Grade Celsius,
17,23.37,W/m^2,19:07:57,28/6/17,Day of week:,Wednesday,32.25,Grade Celsius,
17,35.06,W/m^2,19:08:00,28/6/17,Day of week:,Wednesday,32.25,Grade Celsius,
20,23.37,W/m^2,19:08:03,28/6/17,Day of week:,Wednesday,32.25,Grade Celsius,
19,30.67,W/m^2,19:08:06,28/6/17,Day of week:,Wednesday,32.25,Grade Celsius,
19,35.06,W/m^2,19:08:09,28/6/17,Day of week:,Wednesday,32.25,Grade Celsius,
19,23.37,W/m^2,19:08:12,28/6/17,Day of week:,Wednesday,32.25,Grade Celsius,
16,26.29,W/m^2,19:08:15,28/6/17,Day of week:,Wednesday,32.25,Grade Celsius,
17,23.37,W/m^2,19:08:18,28/6/17,Day of week:,Wednesday,32.25,Grade Celsius,
15,29.21,W/m^2,19:08:21,28/6/17,Day of week:,Wednesday,32.25,Grade Celsius,
16,29.21,W/m^2,19:08:24,28/6/17,Day of week:,Wednesday,32.31,Grade Celsius,
17,29.21,W/m^2,19:08:27,28/6/17,Day of week:,Wednesday,32.31,Grade Celsius,
19,24.83,W/m^2,19:08:30,28/6/17,Day of week:,Wednesday,32.31,Grade Celsius,
14,29.21,W/m^2,19:08:33,28/6/17,Day of week:,Wednesday,32.31,Grade Celsius,
18,32.13,W/m^2,19:08:37,28/6/17,Day of week:,Wednesday,32.25,Grade Celsius,
14,23.37,W/m^2,19:08:40,28/6/17,Day of week:,Wednesday,32.25,Grade Celsius,
21,30.67,W/m^2,19:08:43,28/6/17,Day of week:,Wednesday,32.25,Grade Celsius,
19,29.21,W/m^2,19:08:46,28/6/17,Day of week:,Wednesday,32.25,Grade Celsius,
16,23.37,W/m^2,19:08:49,28/6/17,Day of week:,Wednesday,32.25,Grade Celsius,
17,24.83,W/m^2,19:08:52,28/6/17,Day of week:,Wednesday,32.19,Grade Celsius,
19,23.37,W/m^2,19:08:55,28/6/17,Day of week:,Wednesday,32.25,Grade Celsius,
18,26.29,W/m^2,19:08:58,28/6/17,Day of week:,Wednesday,32.19,Grade Celsius,
16,29.21,W/m^2,19:09:01,28/6/17,Day of week:,Wednesday,32.19,Grade Celsius,
16,26.29,W/m^2,19:09:04,28/6/17,Day of week:,Wednesday,32.19,Grade Celsius,
17,26.29,W/m^2,19:09:07,28/6/17,Day of week:,Wednesday,32.19,Grade Celsius,
15,29.21,W/m^2,19:09:10,28/6/17,Day of week:,Wednesday,32.19,Grade Celsius,
15,29.21,W/m^2,19:09:13,28/6/17,Day of week:,Wednesday,32.19,Grade Celsius,
17,23.37,W/m^2,19:09:16,28/6/17,Day of week:,Wednesday,32.19,Grade Celsius,
17,23.37,W/m^2,19:09:19,28/6/17,Day of week:,Wednesday,32.19,Grade Celsius,
16,23.37,W/m^2,19:09:23,28/6/17,Day of week:,Wednesday,32.13,Grade Celsius,
15,27.75,W/m^2,19:09:26,28/6/17,Day of week:,Wednesday,32.13,Grade Celsius,
14,26.29,W/m^2,19:09:29,28/6/17,Day of week:,Wednesday,32.13,Grade Celsius,
15,26.29,W/m^2,19:09:32,28/6/17,Day of week:,Wednesday,32.13,Grade Celsius,
15,26.29,W/m^2,19:09:35,28/6/17,Day of week:,Wednesday,32.13,Grade Celsius,
17,23.37,W/m^2,19:09:38,28/6/17,Day of week:,Wednesday,32.06,Grade Celsius,
15,29.21,W/m^2,19:09:41,28/6/17,Day of week:,Wednesday,32.13,Grade Celsius,
17,29.21,W/m^2,19:09:44,28/6/17,Day of week:,Wednesday,32.13,Grade Celsius,
15,24.83,W/m^2,19:09:47,28/6/17,Day of week:,Wednesday,32.13,Grade Celsius,
13,23.37,W/m^2,19:09:50,28/6/17,Day of week:,Wednesday,32.13,Grade Celsius,
15,26.29,W/m^2,19:09:53,28/6/17,Day of week:,Wednesday,32.06,Grade Celsius,
17,23.37,W/m^2,19:09:56,28/6/17,Day of week:,Wednesday,32.00,Grade Celsius,
17,26.29,W/m^2,19:09:59,28/6/17,Day of week:,Wednesday,32.00,Grade Celsius,
17,29.21,W/m^2,19:10:02,28/6/17,Day of week:,Wednesday,32.00,Grade Celsius,
17,23.37,W/m^2,19:10:05,28/6/17,Day of week:,Wednesday,32.00,Grade Celsius,
15,24.83,W/m^2,19:10:09,28/6/17,Day of week:,Wednesday,32.00,Grade Celsius,
15,23.37,W/m^2,19:10:12,28/6/17,Day of week:,Wednesday,32.00,Grade Celsius,
17,26.29,W/m^2,19:10:15,28/6/17,Day of week:,Wednesday,32.00,Grade Celsius,
14,23.37,W/m^2,19:10:18,28/6/17,Day of week:,Wednesday,32.06,Grade Celsius,
16,23.37,W/m^2,19:10:21,28/6/17,Day of week:,Wednesday,32.06,Grade Celsius,
17,23.37,W/m^2,19:10:24,28/6/17,Day of week:,Wednesday,32.06,Grade Celsius,
13,24.83,W/m^2,19:10:27,28/6/17,Day of week:,Wednesday,32.06,Grade Celsius,
11,23.37,W/m^2,19:10:30,28/6/17,Day of week:,Wednesday,32.00,Grade Celsius,
15,29.21,W/m^2,19:10:33,28/6/17,Day of week:,Wednesday,32.00,Grade Celsius,
17,26.29,W/m^2,19:10:36,28/6/17,Day of week:,Wednesday,31.94,Grade Celsius,
16,23.37,W/m^2,19:10:39,28/6/17,Day of week:,Wednesday,31.94,Grade Celsius,
13,23.37,W/m^2,19:10:42,28/6/17,Day of week:,Wednesday,31.94,Grade Celsius,
15,18.99,W/m^2,19:10:45,28/6/17,Day of week:,Wednesday,31.94,Grade Celsius,
13,23.37,W/m^2,19:10:48,28/6/17,Day of week:,Wednesday,31.87,Grade Celsius,
14,24.83,W/m^2,19:10:51,28/6/17,Day of week:,Wednesday,31.87,Grade Celsius,
17,23.37,W/m^2,19:10:55,28/6/17,Day of week:,Wednesday,31.87,Grade Celsius,
15,23.37,W/m^2,19:10:58,28/6/17,Day of week:,Wednesday,31.87,Grade Celsius,
13,23.37,W/m^2,19:11:01,28/6/17,Day of week:,Wednesday,31.81,Grade Celsius,
13,23.37,W/m^2,19:11:04,28/6/17,Day of week:,Wednesday,31.81,Grade Celsius,
15,23.37,W/m^2,19:11:07,28/6/17,Day of week:,Wednesday,31.75,Grade Celsius,
11,23.37,W/m^2,19:11:10,28/6/17,Day of week:,Wednesday,31.75,Grade Celsius,
12,24.83,W/m^2,19:11:13,28/6/17,Day of week:,Wednesday,31.75,Grade Celsius,
15,26.29,W/m^2,19:11:16,28/6/17,Day of week:,Wednesday,31.75,Grade Celsius,
15,23.37,W/m^2,19:11:19,28/6/17,Day of week:,Wednesday,31.69,Grade Celsius,
11,16.07,W/m^2,19:11:22,28/6/17,Day of week:,Wednesday,31.69,Grade Celsius,
16,23.37,W/m^2,19:11:25,28/6/17,Day of week:,Wednesday,31.69,Grade Celsius,
11,23.37,W/m^2,19:11:28,28/6/17,Day of week:,Wednesday,31.69,Grade Celsius,
13,24.83,W/m^2,19:11:31,28/6/17,Day of week:,Wednesday,31.69,Grade Celsius,
16,23.37,W/m^2,19:11:35,28/6/17,Day of week:,Wednesday,31.69,Grade Celsius,
12,23.37,W/m^2,19:11:38,28/6/17,Day of week:,Wednesday,31.69,Grade Celsius,
14,23.37,W/m^2,19:11:41,28/6/17,Day of week:,Wednesday,31.69,Grade Celsius,
14,23.37,W/m^2,19:11:44,28/6/17,Day of week:,Wednesday,31.69,Grade Celsius,
12,17.53,W/m^2,19:11:47,28/6/17,Day of week:,Wednesday,31.69,Grade Celsius,
14,23.37,W/m^2,19:11:50,28/6/17,Day of week:,Wednesday,31.69,Grade Celsius,
11,23.37,W/m^2,19:11:53,28/6/17,Day of week:,Wednesday,31.69,Grade Celsius,
13,23.37,W/m^2,19:11:56,28/6/17,Day of week:,Wednesday,31.69,Grade Celsius,
11,23.37,W/m^2,19:11:59,28/6/17,Day of week:,Wednesday,31.69,Grade Celsius,
13,23.37,W/m^2,19:12:02,28/6/17,Day of week:,Wednesday,31.69,Grade Celsius,
12,23.37,W/m^2,19:12:05,28/6/17,Day of week:,Wednesday,31.69,Grade Celsius,
13,23.37,W/m^2,19:12:08,28/6/17,Day of week:,Wednesday,31.69,Grade Celsius,
15,23.37,W/m^2,19:12:11,28/6/17,Day of week:,Wednesday,31.62,Grade Celsius,
14,23.37,W/m^2,19:12:14,28/6/17,Day of week:,Wednesday,31.62,Grade Celsius,
11,18.99,W/m^2,19:12:17,28/6/17,Day of week:,Wednesday,31.62,Grade Celsius,
13,23.37,W/m^2,19:12:21,28/6/17,Day of week:,Wednesday,31.62,Grade Celsius,
12,23.37,W/m^2,19:12:24,28/6/17,Day of week:,Wednesday,31.62,Grade Celsius,
11,23.37,W/m^2,19:12:27,28/6/17,Day of week:,Wednesday,31.62,Grade Celsius,
15,23.37,W/m^2,19:12:30,28/6/17,Day of week:,Wednesday,31.62,Grade Celsius,
11,18.99,W/m^2,19:12:33,28/6/17,Day of week:,Wednesday,31.62,Grade Celsius,
11,17.53,W/m^2,19:12:36,28/6/17,Day of week:,Wednesday,31.62,Grade Celsius,
11,23.37,W/m^2,19:12:39,28/6/17,Day of week:,Wednesday,31.69,Grade Celsius,
12,23.37,W/m^2,19:12:42,28/6/17,Day of week:,Wednesday,31.69,Grade Celsius,
12,18.99,W/m^2,19:12:45,28/6/17,Day of week:,Wednesday,31.62,Grade Celsius,
13,18.99,W/m^2,19:12:48,28/6/17,Day of week:,Wednesday,31.62,Grade Celsius,
12,17.53,W/m^2,19:12:51,28/6/17,Day of week:,Wednesday,31.62,Grade Celsius,
13,23.37,W/m^2,19:12:54,28/6/17,Day of week:,Wednesday,31.62,Grade Celsius,
14,23.37,W/m^2,19:12:57,28/6/17,Day of week:,Wednesday,31.62,Grade Celsius,
12,18.99,W/m^2,19:13:00,28/6/17,Day of week:,Wednesday,31.69,Grade Celsius,
11,23.37,W/m^2,19:13:03,28/6/17,Day of week:,Wednesday,31.69,Grade Celsius,
11,23.37,W/m^2,19:13:07,28/6/17,Day of week:,Wednesday,31.69,Grade Celsius,
12,23.37,W/m^2,19:13:10,28/6/17,Day of week:,Wednesday,31.69,Grade Celsius,
14,23.37,W/m^2,19:13:13,28/6/17,Day of week:,Wednesday,31.69,Grade Celsius,
13,17.53,W/m^2,19:13:16,28/6/17,Day of week:,Wednesday,31.62,Grade Celsius,
11,23.37,W/m^2,19:13:19,28/6/17,Day of week:,Wednesday,31.62,Grade Celsius,
13,23.37,W/m^2,19:13:22,28/6/17,Day of week:,Wednesday,31.62,Grade Celsius,
11,23.37,W/m^2,19:13:25,28/6/17,Day of week:,Wednesday,31.62,Grade Celsius,
13,23.37,W/m^2,19:13:28,28/6/17,Day of week:,Wednesday,31.62,Grade Celsius,
13,23.37,W/m^2,19:13:31,28/6/17,Day of week:,Wednesday,31.69,Grade Celsius,
11,17.53,W/m^2,19:13:34,28/6/17,Day of week:,Wednesday,31.62,Grade Celsius,
11,23.37,W/m^2,19:13:37,28/6/17,Day of week:,Wednesday,31.69,Grade Celsius,
12,23.37,W/m^2,19:13:40,28/6/17,Day of week:,Wednesday,31.69,Grade Celsius,
13,23.37,W/m^2,19:13:43,28/6/17,Day of week:,Wednesday,31.69,Grade Celsius,
12,23.37,W/m^2,19:13:46,28/6/17,Day of week:,Wednesday,31.69,Grade Celsius,
13,23.37,W/m^2,19:13:49,28/6/17,Day of week:,Wednesday,31.69,Grade Celsius,
13,17.53,W/m^2,19:13:53,28/6/17,Day of week:,Wednesday,31.69,Grade Celsius,
10,23.37,W/m^2,19:13:56,28/6/17,Day of week:,Wednesday,31.69,Grade Celsius,
11,23.37,W/m^2,19:13:59,28/6/17,Day of week:,Wednesday,31.75,Grade Celsius,
10,23.37,W/m^2,19:14:02,28/6/17,Day of week:,Wednesday,31.75,Grade Celsius,
14,23.37,W/m^2,19:14:05,28/6/17,Day of week:,Wednesday,31.75,Grade Celsius,
14,23.37,W/m^2,19:14:08,28/6/17,Day of week:,Wednesday,31.75,Grade Celsius,
12,23.37,W/m^2,19:14:11,28/6/17,Day of week:,Wednesday,31.75,Grade Celsius,
13,17.53,W/m^2,19:14:14,28/6/17,Day of week:,Wednesday,31.75,Grade Celsius,
11,23.37,W/m^2,19:14:17,28/6/17,Day of week:,Wednesday,31.75,Grade Celsius,
10,23.37,W/m^2,19:14:20,28/6/17,Day of week:,Wednesday,31.75,Grade Celsius,
13,23.37,W/m^2,19:14:23,28/6/17,Day of week:,Wednesday,31.75,Grade Celsius,
13,23.37,W/m^2,19:14:26,28/6/17,Day of week:,Wednesday,31.75,Grade Celsius,
13,18.99,W/m^2,19:14:29,28/6/17,Day of week:,Wednesday,31.69,Grade Celsius,
11,17.53,W/m^2,19:14:32,28/6/17,Day of week:,Wednesday,31.69,Grade Celsius,
11,16.07,W/m^2,19:14:35,28/6/17,Day of week:,Wednesday,31.69,Grade Celsius,
12,23.37,W/m^2,19:14:39,28/6/17,Day of week:,Wednesday,31.69,Grade Celsius,
13,18.99,W/m^2,19:14:42,28/6/17,Day of week:,Wednesday,31.69,Grade Celsius,
10,17.53,W/m^2,19:14:45,28/6/17,Day of week:,Wednesday,31.69,Grade Celsius,
13,17.53,W/m^2,19:14:48,28/6/17,Day of week:,Wednesday,31.69,Grade Celsius,
10,17.53,W/m^2,19:14:51,28/6/17,Day of week:,Wednesday,31.75,Grade Celsius,
12,18.99,W/m^2,19:14:54,28/6/17,Day of week:,Wednesday,31.69,Grade Celsius,
14,23.37,W/m^2,19:14:57,28/6/17,Day of week:,Wednesday,31.69,Grade Celsius,
13,17.53,W/m^2,19:15:00,28/6/17,Day of week:,Wednesday,31.69,Grade Celsius,
11,17.53,W/m^2,19:15:03,28/6/17,Day of week:,Wednesday,31.69,Grade Celsius,
12,20.45,W/m^2,19:15:06,28/6/17,Day of week:,Wednesday,31.69,Grade Celsius,
11,23.37,W/m^2,19:15:09,28/6/17,Day of week:,Wednesday,31.69,Grade Celsius,
11,23.37,W/m^2,19:15:12,28/6/17,Day of week:,Wednesday,31.62,Grade Celsius,
13,23.37,W/m^2,19:15:15,28/6/17,Day of week:,Wednesday,31.62,Grade Celsius,
11,23.37,W/m^2,19:15:18,28/6/17,Day of week:,Wednesday,31.62,Grade Celsius,
11,17.53,W/m^2,19:15:21,28/6/17,Day of week:,Wednesday,31.62,Grade Celsius,
9,17.53,W/m^2,19:15:25,28/6/17,Day of week:,Wednesday,31.62,Grade Celsius,
13,17.53,W/m^2,19:15:28,28/6/17,Day of week:,Wednesday,31.62,Grade Celsius,
11,23.37,W/m^2,19:15:31,28/6/17,Day of week:,Wednesday,31.62,Grade Celsius,
11,17.53,W/m^2,19:15:34,28/6/17,Day of week:,Wednesday,31.56,Grade Celsius,
14,23.37,W/m^2,19:15:37,28/6/17,Day of week:,Wednesday,31.56,Grade Celsius,
13,23.37,W/m^2,19:15:40,28/6/17,Day of week:,Wednesday,31.56,Grade Celsius,
10,17.53,W/m^2,19:15:43,28/6/17,Day of week:,Wednesday,31.56,Grade Celsius,
11,17.53,W/m^2,19:15:46,28/6/17,Day of week:,Wednesday,31.56,Grade Celsius,
10,17.53,W/m^2,19:15:49,28/6/17,Day of week:,Wednesday,31.56,Grade Celsius,
12,23.37,W/m^2,19:15:52,28/6/17,Day of week:,Wednesday,31.56,Grade Celsius,
14,23.37,W/m^2,19:15:55,28/6/17,Day of week:,Wednesday,31.56,Grade Celsius,
12,17.53,W/m^2,19:15:58,28/6/17,Day of week:,Wednesday,31.56,Grade Celsius,
12,23.37,W/m^2,19:16:01,28/6/17,Day of week:,Wednesday,31.56,Grade Celsius,
13,23.37,W/m^2,19:16:04,28/6/17,Day of week:,Wednesday,31.56,Grade Celsius,
12,17.53,W/m^2,19:16:07,28/6/17,Day of week:,Wednesday,31.56,Grade Celsius,
14,23.37,W/m^2,19:16:10,28/6/17,Day of week:,Wednesday,31.56,Grade Celsius,
13,18.99,W/m^2,19:16:14,28/6/17,Day of week:,Wednesday,31.56,Grade Celsius,
12,23.37,W/m^2,19:16:17,28/6/17,Day of week:,Wednesday,31.62,Grade Celsius,
12,23.37,W/m^2,19:16:20,28/6/17,Day of week:,Wednesday,31.62,Grade Celsius,
16,23.37,W/m^2,19:16:23,28/6/17,Day of week:,Wednesday,31.62,Grade Celsius,
13,17.53,W/m^2,19:16:26,28/6/17,Day of week:,Wednesday,31.62,Grade Celsius,
13,18.99,W/m^2,19:16:29,28/6/17,Day of week:,Wednesday,31.62,Grade Celsius,
13,18.99,W/m^2,19:16:32,28/6/17,Day of week:,Wednesday,31.62,Grade Celsius,
12,17.53,W/m^2,19:16:35,28/6/17,Day of week:,Wednesday,31.69,Grade Celsius,
11,23.37,W/m^2,19:16:38,28/6/17,Day of week:,Wednesday,31.62,Grade Celsius,
11,23.37,W/m^2,19:16:41,28/6/17,Day of week:,Wednesday,31.62,Grade Celsius,
12,14.61,W/m^2,19:16:44,28/6/17,Day of week:,Wednesday,31.62,Grade Celsius,
9,18.99,W/m^2,19:16:47,28/6/17,Day of week:,Wednesday,31.62,Grade Celsius,
11,17.53,W/m^2,19:16:50,28/6/17,Day of week:,Wednesday,31.62,Grade Celsius,
10,23.37,W/m^2,19:16:53,28/6/17,Day of week:,Wednesday,31.62,Grade Celsius,
11,18.99,W/m^2,19:16:57,28/6/17,Day of week:,Wednesday,31.62,Grade Celsius,
12,17.53,W/m^2,19:17:00,28/6/17,Day of week:,Wednesday,31.62,Grade Celsius,
11,17.53,W/m^2,19:17:03,28/6/17,Day of week:,Wednesday,31.62,Grade Celsius,
12,23.37,W/m^2,19:17:06,28/6/17,Day of week:,Wednesday,31.62,Grade Celsius,
12,23.37,W/m^2,19:17:09,28/6/17,Day of week:,Wednesday,31.62,Grade Celsius,
10,23.37,W/m^2,19:17:12,28/6/17,Day of week:,Wednesday,31.62,Grade Celsius,
12,23.37,W/m^2,19:17:15,28/6/17,Day of week:,Wednesday,31.62,Grade Celsius,
11,17.53,W/m^2,19:17:18,28/6/17,Day of week:,Wednesday,31.62,Grade Celsius,
11,23.37,W/m^2,19:17:21,28/6/17,Day of week:,Wednesday,31.56,Grade Celsius,
12,23.37,W/m^2,19:17:24,28/6/17,Day of week:,Wednesday,31.56,Grade Celsius,
13,23.37,W/m^2,19:17:27,28/6/17,Day of week:,Wednesday,31.62,Grade Celsius,
12,23.37,W/m^2,19:17:30,28/6/17,Day of week:,Wednesday,31.62,Grade Celsius,
13,23.37,W/m^2,19:17:33,28/6/17,Day of week:,Wednesday,31.62,Grade Celsius,
12,23.37,W/m^2,19:17:36,28/6/17,Day of week:,Wednesday,31.62,Grade Celsius,
11,18.99,W/m^2,19:17:39,28/6/17,Day of week:,Wednesday,31.62,Grade Celsius,
13,24.83,W/m^2,19:17:43,28/6/17,Day of week:,Wednesday,31.62,Grade Celsius,
15,23.37,W/m^2,19:17:46,28/6/17,Day of week:,Wednesday,31.62,Grade Celsius,
12,17.53,W/m^2,19:17:49,28/6/17,Day of week:,Wednesday,31.62,Grade Celsius,
13,17.53,W/m^2,19:17:52,28/6/17,Day of week:,Wednesday,31.62,Grade Celsius,
13,23.37,W/m^2,19:17:55,28/6/17,Day of week:,Wednesday,31.62,Grade Celsius,
13,23.37,W/m^2,19:17:58,28/6/17,Day of week:,Wednesday,31.62,Grade Celsius,
16,23.37,W/m^2,19:18:01,28/6/17,Day of week:,Wednesday,31.62,Grade Celsius,
13,23.37,W/m^2,19:18:04,28/6/17,Day of week:,Wednesday,31.62,Grade Celsius,
14,23.37,W/m^2,19:18:07,28/6/17,Day of week:,Wednesday,31.62,Grade Celsius,
13,24.83,W/m^2,19:18:10,28/6/17,Day of week:,Wednesday,31.62,Grade Celsius,
14,26.29,W/m^2,19:18:13,28/6/17,Day of week:,Wednesday,31.62,Grade Celsius,
16,26.29,W/m^2,19:18:16,28/6/17,Day of week:,Wednesday,31.62,Grade Celsius,
17,26.29,W/m^2,19:18:19,28/6/17,Day of week:,Wednesday,31.62,Grade Celsius,
14,23.37,W/m^2,19:18:22,28/6/17,Day of week:,Wednesday,31.62,Grade Celsius,
13,24.83,W/m^2,19:18:25,28/6/17,Day of week:,Wednesday,31.62,Grade Celsius,
17,23.37,W/m^2,19:18:29,28/6/17,Day of week:,Wednesday,31.62,Grade Celsius,
18,26.29,W/m^2,19:18:32,28/6/17,Day of week:,Wednesday,31.62,Grade Celsius,
16,26.29,W/m^2,19:18:35,28/6/17,Day of week:,Wednesday,31.62,Grade Celsius,
14,23.37,W/m^2,19:18:38,28/6/17,Day of week:,Wednesday,31.62,Grade Celsius,
14,23.37,W/m^2,19:18:41,28/6/17,Day of week:,Wednesday,31.56,Grade Celsius,
13,29.21,W/m^2,19:18:44,28/6/17,Day of week:,Wednesday,31.62,Grade Celsius,
17,23.37,W/m^2,19:18:47,28/6/17,Day of week:,Wednesday,31.62,Grade Celsius,
16,23.37,W/m^2,19:18:50,28/6/17,Day of week:,Wednesday,31.56,Grade Celsius,
14,23.37,W/m^2,19:18:53,28/6/17,Day of week:,Wednesday,31.50,Grade Celsius,
14,23.37,W/m^2,19:18:56,28/6/17,Day of week:,Wednesday,31.50,Grade Celsius,
15,23.37,W/m^2,19:18:59,28/6/17,Day of week:,Wednesday,31.50,Grade Celsius,
17,29.21,W/m^2,19:19:02,28/6/17,Day of week:,Wednesday,31.50,Grade Celsius,
16,23.37,W/m^2,19:19:05,28/6/17,Day of week:,Wednesday,31.50,Grade Celsius,
14,23.37,W/m^2,19:19:08,28/6/17,Day of week:,Wednesday,31.50,Grade Celsius,
17,26.29,W/m^2,19:19:11,28/6/17,Day of week:,Wednesday,31.50,Grade Celsius,
14,23.37,W/m^2,19:19:15,28/6/17,Day of week:,Wednesday,31.50,Grade Celsius,
15,23.37,W/m^2,19:19:18,28/6/17,Day of week:,Wednesday,31.50,Grade Celsius,
15,29.21,W/m^2,19:19:21,28/6/17,Day of week:,Wednesday,31.50,Grade Celsius,
17,26.29,W/m^2,19:19:24,28/6/17,Day of week:,Wednesday,31.50,Grade Celsius,
14,23.37,W/m^2,19:19:27,28/6/17,Day of week:,Wednesday,31.50,Grade Celsius,
15,23.37,W/m^2,19:19:30,28/6/17,Day of week:,Wednesday,31.50,Grade Celsius,
17,23.37,W/m^2,19:19:33,28/6/17,Day of week:,Wednesday,31.50,Grade Celsius,
12,23.37,W/m^2,19:19:36,28/6/17,Day of week:,Wednesday,31.50,Grade Celsius,
14,23.37,W/m^2,19:19:39,28/6/17,Day of week:,Wednesday,31.50,Grade Celsius,
12,23.37,W/m^2,19:19:42,28/6/17,Day of week:,Wednesday,31.50,Grade Celsius,
15,26.29,W/m^2,19:19:45,28/6/17,Day of week:,Wednesday,31.50,Grade Celsius,
17,23.37,W/m^2,19:19:48,28/6/17,Day of week:,Wednesday,31.50,Grade Celsius,
16,24.83,W/m^2,19:19:51,28/6/17,Day of week:,Wednesday,31.50,Grade Celsius,
16,26.29,W/m^2,19:19:54,28/6/17,Day of week:,Wednesday,31.50,Grade Celsius,
17,24.83,W/m^2,19:19:57,28/6/17,Day of week:,Wednesday,31.50,Grade Celsius,
15,24.83,W/m^2,19:20:01,28/6/17,Day of week:,Wednesday,31.50,Grade Celsius,
12,23.37,W/m^2,19:20:04,28/6/17,Day of week:,Wednesday,31.50,Grade Celsius,
15,29.21,W/m^2,19:20:07,28/6/17,Day of week:,Wednesday,31.50,Grade Celsius,
16,23.37,W/m^2,19:20:10,28/6/17,Day of week:,Wednesday,31.50,Grade Celsius,
13,23.37,W/m^2,19:20:13,28/6/17,Day of week:,Wednesday,31.50,Grade Celsius,
18,26.29,W/m^2,19:20:16,28/6/17,Day of week:,Wednesday,31.50,Grade Celsius,
16,23.37,W/m^2,19:20:19,28/6/17,Day of week:,Wednesday,31.50,Grade Celsius,
12,23.37,W/m^2,19:20:22,28/6/17,Day of week:,Wednesday,31.50,Grade Celsius,
15,24.83,W/m^2,19:20:25,28/6/17,Day of week:,Wednesday,31.50,Grade Celsius,
17,24.83,W/m^2,19:20:28,28/6/17,Day of week:,Wednesday,31.56,Grade Celsius,
16,23.37,W/m^2,19:20:31,28/6/17,Day of week:,Wednesday,31.56,Grade Celsius,
17,23.37,W/m^2,19:20:34,28/6/17,Day of week:,Wednesday,31.56,Grade Celsius,
14,23.37,W/m^2,19:20:37,28/6/17,Day of week:,Wednesday,31.56,Grade Celsius,
14,18.99,W/m^2,19:20:40,28/6/17,Day of week:,Wednesday,31.56,Grade Celsius,
16,23.37,W/m^2,19:20:43,28/6/17,Day of week:,Wednesday,31.56,Grade Celsius,
17,26.29,W/m^2,19:20:47,28/6/17,Day of week:,Wednesday,31.56,Grade Celsius,
13,23.37,W/m^2,19:20:50,28/6/17,Day of week:,Wednesday,31.62,Grade Celsius,
12,29.21,W/m^2,19:20:53,28/6/17,Day of week:,Wednesday,31.62,Grade Celsius,
14,24.83,W/m^2,19:20:56,28/6/17,Day of week:,Wednesday,31.56,Grade Celsius,
15,23.37,W/m^2,19:20:59,28/6/17,Day of week:,Wednesday,31.56,Grade Celsius,
14,23.37,W/m^2,19:21:02,28/6/17,Day of week:,Wednesday,31.50,Grade Celsius,
14,23.37,W/m^2,19:21:05,28/6/17,Day of week:,Wednesday,31.50,Grade Celsius,
12,18.99,W/m^2,19:21:08,28/6/17,Day of week:,Wednesday,31.50,Grade Celsius,
15,24.83,W/m^2,19:21:11,28/6/17,Day of week:,Wednesday,31.50,Grade Celsius,
15,23.37,W/m^2,19:21:14,28/6/17,Day of week:,Wednesday,31.50,Grade Celsius,
16,26.29,W/m^2,19:21:17,28/6/17,Day of week:,Wednesday,31.50,Grade Celsius,
16,23.37,W/m^2,19:21:20,28/6/17,Day of week:,Wednesday,31.50,Grade Celsius,
16,18.99,W/m^2,19:21:23,28/6/17,Day of week:,Wednesday,31.50,Grade Celsius,
13,23.37,W/m^2,19:21:26,28/6/17,Day of week:,Wednesday,31.50,Grade Celsius,
11,23.37,W/m^2,19:21:29,28/6/17,Day of week:,Wednesday,31.50,Grade Celsius,
14,24.83,W/m^2,19:21:32,28/6/17,Day of week:,Wednesday,31.50,Grade Celsius,
16,26.29,W/m^2,19:21:36,28/6/17,Day of week:,Wednesday,31.50,Grade Celsius,
14,26.29,W/m^2,19:21:39,28/6/17,Day of week:,Wednesday,31.50,Grade Celsius,
16,23.37,W/m^2,19:21:42,28/6/17,Day of week:,Wednesday,31.50,Grade Celsius,
14,18.99,W/m^2,19:21:45,28/6/17,Day of week:,Wednesday,31.50,Grade Celsius,
15,29.21,W/m^2,19:21:48,28/6/17,Day of week:,Wednesday,31.50,Grade Celsius,
19,29.21,W/m^2,19:21:51,28/6/17,Day of week:,Wednesday,31.50,Grade Celsius,
17,23.37,W/m^2,19:21:54,28/6/17,Day of week:,Wednesday,31.50,Grade Celsius,
15,26.29,W/m^2,19:21:57,28/6/17,Day of week:,Wednesday,31.50,Grade Celsius,
16,26.29,W/m^2,19:22:00,28/6/17,Day of week:,Wednesday,31.50,Grade Celsius,
17,23.37,W/m^2,19:22:03,28/6/17,Day of week:,Wednesday,31.50,Grade Celsius,
13,23.37,W/m^2,19:22:06,28/6/17,Day of week:,Wednesday,31.50,Grade Celsius,
14,23.37,W/m^2,19:22:09,28/6/17,Day of week:,Wednesday,31.50,Grade Celsius,
16,23.37,W/m^2,19:22:13,28/6/17,Day of week:,Wednesday,31.50,Grade Celsius,
12,23.37,W/m^2,19:22:16,28/6/17,Day of week:,Wednesday,31.44,Grade Celsius,
17,26.29,W/m^2,19:22:19,28/6/17,Day of week:,Wednesday,31.44,Grade Celsius,
16,23.37,W/m^2,19:22:22,28/6/17,Day of week:,Wednesday,31.50,Grade Celsius,
13,23.37,W/m^2,19:22:25,28/6/17,Day of week:,Wednesday,31.50,Grade Celsius,
12,23.37,W/m^2,19:22:28,28/6/17,Day of week:,Wednesday,31.50,Grade Celsius,
16,29.21,W/m^2,19:22:31,28/6/17,Day of week:,Wednesday,31.44,Grade Celsius,
14,23.37,W/m^2,19:22:34,28/6/17,Day of week:,Wednesday,31.50,Grade Celsius,
17,26.29,W/m^2,19:22:37,28/6/17,Day of week:,Wednesday,31.44,Grade Celsius,
16,26.29,W/m^2,19:22:40,28/6/17,Day of week:,Wednesday,31.50,Grade Celsius,
15,24.83,W/m^2,19:22:43,28/6/17,Day of week:,Wednesday,31.50,Grade Celsius,
16,23.37,W/m^2,19:22:46,28/6/17,Day of week:,Wednesday,31.50,Grade Celsius,
16,29.21,W/m^2,19:22:49,28/6/17,Day of week:,Wednesday,31.50,Grade Celsius,
17,26.29,W/m^2,19:22:52,28/6/17,Day of week:,Wednesday,31.50,Grade Celsius,
18,24.83,W/m^2,19:22:55,28/6/17,Day of week:,Wednesday,31.44,Grade Celsius,
17,26.29,W/m^2,19:22:59,28/6/17,Day of week:,Wednesday,31.44,Grade Celsius,
14,23.37,W/m^2,19:23:02,28/6/17,Day of week:,Wednesday,31.44,Grade Celsius,
13,23.37,W/m^2,19:23:05,28/6/17,Day of week:,Wednesday,31.44,Grade Celsius,
13,29.21,W/m^2,19:23:08,28/6/17,Day of week:,Wednesday,31.44,Grade Celsius,
15,26.29,W/m^2,19:23:11,28/6/17,Day of week:,Wednesday,31.44,Grade Celsius,
17,23.37,W/m^2,19:23:14,28/6/17,Day of week:,Wednesday,31.44,Grade Celsius,
17,27.75,W/m^2,19:23:17,28/6/17,Day of week:,Wednesday,31.44,Grade Celsius,
15,20.45,W/m^2,19:23:20,28/6/17,Day of week:,Wednesday,31.44,Grade Celsius,
16,21.91,W/m^2,19:23:23,28/6/17,Day of week:,Wednesday,31.44,Grade Celsius,
17,29.21,W/m^2,19:23:26,28/6/17,Day of week:,Wednesday,31.50,Grade Celsius,
18,26.29,W/m^2,19:23:29,28/6/17,Day of week:,Wednesday,31.50,Grade Celsius,
14,23.37,W/m^2,19:23:32,28/6/17,Day of week:,Wednesday,31.50,Grade Celsius,
15,24.83,W/m^2,19:23:35,28/6/17,Day of week:,Wednesday,31.50,Grade Celsius,
14,23.37,W/m^2,19:23:38,28/6/17,Day of week:,Wednesday,31.50,Grade Celsius,
13,23.37,W/m^2,19:23:41,28/6/17,Day of week:,Wednesday,31.50,Grade Celsius,
18,26.29,W/m^2,19:23:45,28/6/17,Day of week:,Wednesday,31.50,Grade Celsius,
17,24.83,W/m^2,19:23:48,28/6/17,Day of week:,Wednesday,31.50,Grade Celsius,
12,23.37,W/m^2,19:23:51,28/6/17,Day of week:,Wednesday,31.56,Grade Celsius,
15,23.37,W/m^2,19:23:54,28/6/17,Day of week:,Wednesday,31.56,Grade Celsius,
18,26.29,W/m^2,19:23:57,28/6/17,Day of week:,Wednesday,31.50,Grade Celsius,
16,26.29,W/m^2,19:24:00,28/6/17,Day of week:,Wednesday,31.50,Grade Celsius,
17,26.29,W/m^2,19:24:03,28/6/17,Day of week:,Wednesday,31.56,Grade Celsius,
17,29.21,W/m^2,19:24:06,28/6/17,Day of week:,Wednesday,31.50,Grade Celsius,
16,18.99,W/m^2,19:24:09,28/6/17,Day of week:,Wednesday,31.56,Grade Celsius,
15,23.37,W/m^2,19:24:12,28/6/17,Day of week:,Wednesday,31.56,Grade Celsius,
15,23.37,W/m^2,19:24:15,28/6/17,Day of week:,Wednesday,31.56,Grade Celsius,
16,24.83,W/m^2,19:24:18,28/6/17,Day of week:,Wednesday,31.56,Grade Celsius,
16,29.21,W/m^2,19:24:21,28/6/17,Day of week:,Wednesday,31.56,Grade Celsius,
15,27.75,W/m^2,19:24:24,28/6/17,Day of week:,Wednesday,31.56,Grade Celsius,
17,23.37,W/m^2,19:24:27,28/6/17,Day of week:,Wednesday,31.56,Grade Celsius,
14,23.37,W/m^2,19:24:31,28/6/17,Day of week:,Wednesday,31.50,Grade Celsius,
12,23.37,W/m^2,19:24:34,28/6/17,Day of week:,Wednesday,31.50,Grade Celsius,
16,24.83,W/m^2,19:24:37,28/6/17,Day of week:,Wednesday,31.50,Grade Celsius,
13,23.37,W/m^2,19:24:40,28/6/17,Day of week:,Wednesday,31.50,Grade Celsius,
12,23.37,W/m^2,19:24:43,28/6/17,Day of week:,Wednesday,31.50,Grade Celsius,
16,26.29,W/m^2,19:24:46,28/6/17,Day of week:,Wednesday,31.44,Grade Celsius,
19,23.37,W/m^2,19:24:49,28/6/17,Day of week:,Wednesday,31.44,Grade Celsius,
16,23.37,W/m^2,19:24:52,28/6/17,Day of week:,Wednesday,31.44,Grade Celsius,
16,23.37,W/m^2,19:24:55,28/6/17,Day of week:,Wednesday,31.44,Grade Celsius,
14,18.99,W/m^2,19:24:58,28/6/17,Day of week:,Wednesday,31.44,Grade Celsius,
16,23.37,W/m^2,19:25:01,28/6/17,Day of week:,Wednesday,31.44,Grade Celsius,
14,24.83,W/m^2,19:25:04,28/6/17,Day of week:,Wednesday,31.44,Grade Celsius,
13,23.37,W/m^2,19:25:07,28/6/17,Day of week:,Wednesday,31.44,Grade Celsius,
17,24.83,W/m^2,19:25:10,28/6/17,Day of week:,Wednesday,31.37,Grade Celsius,
15,29.21,W/m^2,19:25:13,28/6/17,Day of week:,Wednesday,31.37,Grade Celsius,
16,23.37,W/m^2,19:25:16,28/6/17,Day of week:,Wednesday,31.37,Grade Celsius,
18,23.37,W/m^2,19:25:20,28/6/17,Day of week:,Wednesday,31.37,Grade Celsius,
16,26.29,W/m^2,19:25:23,28/6/17,Day of week:,Wednesday,31.37,Grade Celsius,
13,23.37,W/m^2,19:25:26,28/6/17,Day of week:,Wednesday,31.44,Grade Celsius,
12,23.37,W/m^2,19:25:29,28/6/17,Day of week:,Wednesday,31.44,Grade Celsius,
16,27.75,W/m^2,19:25:32,28/6/17,Day of week:,Wednesday,31.44,Grade Celsius,
17,23.37,W/m^2,19:25:35,28/6/17,Day of week:,Wednesday,31.44,Grade Celsius,
17,23.37,W/m^2,19:25:38,28/6/17,Day of week:,Wednesday,31.44,Grade Celsius,
16,23.37,W/m^2,19:25:41,28/6/17,Day of week:,Wednesday,31.50,Grade Celsius,
17,26.29,W/m^2,19:25:44,28/6/17,Day of week:,Wednesday,31.50,Grade Celsius,
15,26.29,W/m^2,19:25:47,28/6/17,Day of week:,Wednesday,31.44,Grade Celsius,
13,23.37,W/m^2,19:25:50,28/6/17,Day of week:,Wednesday,31.44,Grade Celsius,
14,23.37,W/m^2,19:25:53,28/6/17,Day of week:,Wednesday,31.44,Grade Celsius,
14,23.37,W/m^2,19:25:56,28/6/17,Day of week:,Wednesday,31.44,Grade Celsius,
16,23.37,W/m^2,19:25:59,28/6/17,Day of week:,Wednesday,31.44,Grade Celsius,
12,23.37,W/m^2,19:26:03,28/6/17,Day of week:,Wednesday,31.44,Grade Celsius,
16,26.29,W/m^2,19:26:06,28/6/17,Day of week:,Wednesday,31.44,Grade Celsius,
12,26.29,W/m^2,19:26:09,28/6/17,Day of week:,Wednesday,31.44,Grade Celsius,
14,26.29,W/m^2,19:26:12,28/6/17,Day of week:,Wednesday,31.44,Grade Celsius,
16,26.29,W/m^2,19:26:15,28/6/17,Day of week:,Wednesday,31.44,Grade Celsius,
16,23.37,W/m^2,19:26:18,28/6/17,Day of week:,Wednesday,31.44,Grade Celsius,
17,24.83,W/m^2,19:26:21,28/6/17,Day of week:,Wednesday,31.44,Grade Celsius,
13,26.29,W/m^2,19:26:24,28/6/17,Day of week:,Wednesday,31.44,Grade Celsius,
15,23.37,W/m^2,19:26:27,28/6/17,Day of week:,Wednesday,31.44,Grade Celsius,
10,23.37,W/m^2,19:26:30,28/6/17,Day of week:,Wednesday,31.44,Grade Celsius,
14,23.37,W/m^2,19:26:33,28/6/17,Day of week:,Wednesday,31.44,Grade Celsius,
14,26.29,W/m^2,19:26:36,28/6/17,Day of week:,Wednesday,31.44,Grade Celsius,
14,23.37,W/m^2,19:26:39,28/6/17,Day of week:,Wednesday,31.44,Grade Celsius,
16,26.29,W/m^2,19:26:42,28/6/17,Day of week:,Wednesday,31.44,Grade Celsius,
15,24.83,W/m^2,19:26:45,28/6/17,Day of week:,Wednesday,31.37,Grade Celsius,
14,23.37,W/m^2,19:26:48,28/6/17,Day of week:,Wednesday,31.37,Grade Celsius,
16,23.37,W/m^2,19:26:52,28/6/17,Day of week:,Wednesday,31.37,Grade Celsius,
12,24.83,W/m^2,19:26:55,28/6/17,Day of week:,Wednesday,31.37,Grade Celsius,
12,23.37,W/m^2,19:26:58,28/6/17,Day of week:,Wednesday,31.37,Grade Celsius,
13,23.37,W/m^2,19:27:01,28/6/17,Day of week:,Wednesday,31.37,Grade Celsius,
17,23.37,W/m^2,19:27:04,28/6/17,Day of week:,Wednesday,31.37,Grade Celsius,
12,18.99,W/m^2,19:27:07,28/6/17,Day of week:,Wednesday,31.37,Grade Celsius,
15,29.21,W/m^2,19:27:10,28/6/17,Day of week:,Wednesday,31.37,Grade Celsius,
16,29.21,W/m^2,19:27:13,28/6/17,Day of week:,Wednesday,31.37,Grade Celsius,
16,24.83,W/m^2,19:27:16,28/6/17,Day of week:,Wednesday,31.37,Grade Celsius,
17,23.37,W/m^2,19:27:19,28/6/17,Day of week:,Wednesday,31.37,Grade Celsius,
17,26.29,W/m^2,19:27:22,28/6/17,Day of week:,Wednesday,31.37,Grade Celsius,
15,23.37,W/m^2,19:27:25,28/6/17,Day of week:,Wednesday,31.37,Grade Celsius,
12,24.83,W/m^2,19:27:28,28/6/17,Day of week:,Wednesday,31.37,Grade Celsius,
15,24.83,W/m^2,19:27:31,28/6/17,Day of week:,Wednesday,31.37,Grade Celsius,
15,23.37,W/m^2,19:27:35,28/6/17,Day of week:,Wednesday,31.37,Grade Celsius,
12,26.29,W/m^2,19:27:38,28/6/17,Day of week:,Wednesday,31.31,Grade Celsius,
14,29.21,W/m^2,19:27:41,28/6/17,Day of week:,Wednesday,31.37,Grade Celsius,
13,23.37,W/m^2,19:27:44,28/6/17,Day of week:,Wednesday,31.37,Grade Celsius,
17,29.21,W/m^2,19:27:47,28/6/17,Day of week:,Wednesday,31.37,Grade Celsius,
18,23.37,W/m^2,19:27:50,28/6/17,Day of week:,Wednesday,31.37,Grade Celsius,
18,29.21,W/m^2,19:27:53,28/6/17,Day of week:,Wednesday,31.37,Grade Celsius,
16,23.37,W/m^2,19:27:56,28/6/17,Day of week:,Wednesday,31.37,Grade Celsius,
12,23.37,W/m^2,19:27:59,28/6/17,Day of week:,Wednesday,31.37,Grade Celsius,
17,23.37,W/m^2,19:28:02,28/6/17,Day of week:,Wednesday,31.37,Grade Celsius,
16,26.29,W/m^2,19:28:05,28/6/17,Day of week:,Wednesday,31.37,Grade Celsius,
13,23.37,W/m^2,19:28:08,28/6/17,Day of week:,Wednesday,31.44,Grade Celsius,
14,26.29,W/m^2,19:28:11,28/6/17,Day of week:,Wednesday,31.44,Grade Celsius,
19,29.21,W/m^2,19:28:14,28/6/17,Day of week:,Wednesday,31.44,Grade Celsius,
17,26.29,W/m^2,19:28:17,28/6/17,Day of week:,Wednesday,31.44,Grade Celsius,
18,23.37,W/m^2,19:28:21,28/6/17,Day of week:,Wednesday,31.44,Grade Celsius,
18,26.29,W/m^2,19:28:24,28/6/17,Day of week:,Wednesday,31.44,Grade Celsius,
17,23.37,W/m^2,19:28:27,28/6/17,Day of week:,Wednesday,31.44,Grade Celsius,
16,20.45,W/m^2,19:28:30,28/6/17,Day of week:,Wednesday,31.44,Grade Celsius,
16,26.29,W/m^2,19:28:33,28/6/17,Day of week:,Wednesday,31.44,Grade Celsius,
16,26.29,W/m^2,19:28:36,28/6/17,Day of week:,Wednesday,31.44,Grade Celsius,
14,30.67,W/m^2,19:28:39,28/6/17,Day of week:,Wednesday,31.44,Grade Celsius,
19,29.21,W/m^2,19:28:42,28/6/17,Day of week:,Wednesday,31.44,Grade Celsius,
16,29.21,W/m^2,19:28:45,28/6/17,Day of week:,Wednesday,31.44,Grade Celsius,
17,29.21,W/m^2,19:28:48,28/6/17,Day of week:,Wednesday,31.44,Grade Celsius,
16,30.67,W/m^2,19:28:51,28/6/17,Day of week:,Wednesday,31.44,Grade Celsius,
19,23.37,W/m^2,19:28:54,28/6/17,Day of week:,Wednesday,31.44,Grade Celsius,
14,23.37,W/m^2,19:28:57,28/6/17,Day of week:,Wednesday,31.44,Grade Celsius,
16,26.29,W/m^2,19:29:00,28/6/17,Day of week:,Wednesday,31.44,Grade Celsius,
16,23.37,W/m^2,19:29:03,28/6/17,Day of week:,Wednesday,31.44,Grade Celsius,
13,23.37,W/m^2,19:29:07,28/6/17,Day of week:,Wednesday,31.44,Grade Celsius,
14,29.21,W/m^2,19:29:10,28/6/17,Day of week:,Wednesday,31.44,Grade Celsius,
18,26.29,W/m^2,19:29:13,28/6/17,Day of week:,Wednesday,31.44,Grade Celsius,
18,29.21,W/m^2,19:29:16,28/6/17,Day of week:,Wednesday,31.44,Grade Celsius,
19,26.29,W/m^2,19:29:19,28/6/17,Day of week:,Wednesday,31.44,Grade Celsius,
16,23.37,W/m^2,19:29:22,28/6/17,Day of week:,Wednesday,31.44,Grade Celsius,
17,26.29,W/m^2,19:29:25,28/6/17,Day of week:,Wednesday,31.44,Grade Celsius,
17,24.83,W/m^2,19:29:28,28/6/17,Day of week:,Wednesday,31.44,Grade Celsius,
17,29.21,W/m^2,19:29:31,28/6/17,Day of week:,Wednesday,31.44,Grade Celsius,
18,30.67,W/m^2,19:29:34,28/6/17,Day of week:,Wednesday,31.37,Grade Celsius,
15,23.37,W/m^2,19:29:37,28/6/17,Day of week:,Wednesday,31.37,Grade Celsius,
16,23.37,W/m^2,19:29:40,28/6/17,Day of week:,Wednesday,31.37,Grade Celsius,
15,26.29,W/m^2,19:29:43,28/6/17,Day of week:,Wednesday,31.37,Grade Celsius,
17,26.29,W/m^2,19:29:46,28/6/17,Day of week:,Wednesday,31.37,Grade Celsius,
17,26.29,W/m^2,19:29:49,28/6/17,Day of week:,Wednesday,31.37,Grade Celsius,
19,29.21,W/m^2,19:29:53,28/6/17,Day of week:,Wednesday,31.37,Grade Celsius,
19,29.21,W/m^2,19:29:56,28/6/17,Day of week:,Wednesday,31.37,Grade Celsius,
21,29.21,W/m^2,19:29:59,28/6/17,Day of week:,Wednesday,31.37,Grade Celsius,
20,29.21,W/m^2,19:30:02,28/6/17,Day of week:,Wednesday,31.37,Grade Celsius,
18,29.21,W/m^2,19:30:05,28/6/17,Day of week:,Wednesday,31.44,Grade Celsius,
20,26.29,W/m^2,19:30:08,28/6/17,Day of week:,Wednesday,31.37,Grade Celsius,
17,23.37,W/m^2,19:30:11,28/6/17,Day of week:,Wednesday,31.37,Grade Celsius,
18,23.37,W/m^2,19:30:14,28/6/17,Day of week:,Wednesday,31.37,Grade Celsius,
19,35.06,W/m^2,19:30:17,28/6/17,Day of week:,Wednesday,31.37,Grade Celsius,
21,30.67,W/m^2,19:30:20,28/6/17,Day of week:,Wednesday,31.44,Grade Celsius,
21,29.21,W/m^2,19:30:23,28/6/17,Day of week:,Wednesday,31.44,Grade Celsius,
17,30.67,W/m^2,19:30:26,28/6/17,Day of week:,Wednesday,31.44,Grade Celsius,
19,29.21,W/m^2,19:30:29,28/6/17,Day of week:,Wednesday,31.44,Grade Celsius,
18,29.21,W/m^2,19:30:32,28/6/17,Day of week:,Wednesday,31.44,Grade Celsius,
16,29.21,W/m^2,19:30:35,28/6/17,Day of week:,Wednesday,31.44,Grade Celsius,
17,35.06,W/m^2,19:30:38,28/6/17,Day of week:,Wednesday,31.44,Grade Celsius,
21,29.21,W/m^2,19:30:42,28/6/17,Day of week:,Wednesday,31.44,Grade Celsius,
19,29.21,W/m^2,19:30:45,28/6/17,Day of week:,Wednesday,31.44,Grade Celsius,
21,29.21,W/m^2,19:30:48,28/6/17,Day of week:,Wednesday,31.37,Grade Celsius,
19,27.75,W/m^2,19:30:51,28/6/17,Day of week:,Wednesday,31.37,Grade Celsius,
16,24.83,W/m^2,19:30:54,28/6/17,Day of week:,Wednesday,31.44,Grade Celsius,
19,35.06,W/m^2,19:30:57,28/6/17,Day of week:,Wednesday,31.37,Grade Celsius,
21,35.06,W/m^2,19:31:00,28/6/17,Day of week:,Wednesday,31.37,Grade Celsius,
18,29.21,W/m^2,19:31:03,28/6/17,Day of week:,Wednesday,31.37,Grade Celsius,
22,35.06,W/m^2,19:31:06,28/6/17,Day of week:,Wednesday,31.37,Grade Celsius,
20,36.52,W/m^2,19:31:09,28/6/17,Day of week:,Wednesday,31.37,Grade Celsius,
22,35.06,W/m^2,19:31:12,28/6/17,Day of week:,Wednesday,31.37,Grade Celsius,
23,29.21,W/m^2,19:31:15,28/6/17,Day of week:,Wednesday,31.37,Grade Celsius,
18,29.21,W/m^2,19:31:18,28/6/17,Day of week:,Wednesday,31.37,Grade Celsius,
21,30.67,W/m^2,19:31:21,28/6/17,Day of week:,Wednesday,31.37,Grade Celsius,
16,26.29,W/m^2,19:31:24,28/6/17,Day of week:,Wednesday,31.37,Grade Celsius,
21,35.06,W/m^2,19:31:28,28/6/17,Day of week:,Wednesday,31.37,Grade Celsius,
21,32.13,W/m^2,19:31:31,28/6/17,Day of week:,Wednesday,31.37,Grade Celsius,
23,26.29,W/m^2,19:31:34,28/6/17,Day of week:,Wednesday,31.37,Grade Celsius,
20,24.83,W/m^2,19:31:37,28/6/17,Day of week:,Wednesday,31.37,Grade Celsius,
20,35.06,W/m^2,19:31:40,28/6/17,Day of week:,Wednesday,31.44,Grade Celsius,
18,35.06,W/m^2,19:31:43,28/6/17,Day of week:,Wednesday,31.44,Grade Celsius,
18,23.37,W/m^2,19:31:46,28/6/17,Day of week:,Wednesday,31.37,Grade Celsius,
24,35.06,W/m^2,19:31:49,28/6/17,Day of week:,Wednesday,31.37,Grade Celsius,
22,29.21,W/m^2,19:31:52,28/6/17,Day of week:,Wednesday,31.44,Grade Celsius,
18,35.06,W/m^2,19:31:55,28/6/17,Day of week:,Wednesday,31.44,Grade Celsius,
20,24.83,W/m^2,19:31:58,28/6/17,Day of week:,Wednesday,31.44,Grade Celsius,
21,35.06,W/m^2,19:32:01,28/6/17,Day of week:,Wednesday,31.44,Grade Celsius,
21,35.06,W/m^2,19:32:04,28/6/17,Day of week:,Wednesday,31.44,Grade Celsius,
20,35.06,W/m^2,19:32:07,28/6/17,Day of week:,Wednesday,31.44,Grade Celsius,
21,29.21,W/m^2,19:32:10,28/6/17,Day of week:,Wednesday,31.44,Grade Celsius,
18,29.21,W/m^2,19:32:14,28/6/17,Day of week:,Wednesday,31.44,Grade Celsius,
22,30.67,W/m^2,19:32:17,28/6/17,Day of week:,Wednesday,31.44,Grade Celsius,
21,29.21,W/m^2,19:32:20,28/6/17,Day of week:,Wednesday,31.44,Grade Celsius,
18,35.06,W/m^2,19:32:23,28/6/17,Day of week:,Wednesday,31.44,Grade Celsius,
19,36.52,W/m^2,19:32:26,28/6/17,Day of week:,Wednesday,31.44,Grade Celsius,
21,35.06,W/m^2,19:32:29,28/6/17,Day of week:,Wednesday,31.44,Grade Celsius,
26,36.52,W/m^2,19:32:32,28/6/17,Day of week:,Wednesday,31.44,Grade Celsius,
21,37.98,W/m^2,19:32:35,28/6/17,Day of week:,Wednesday,31.44,Grade Celsius,
21,32.13,W/m^2,19:32:38,28/6/17,Day of week:,Wednesday,31.44,Grade Celsius,
19,35.06,W/m^2,19:32:41,28/6/17,Day of week:,Wednesday,31.44,Grade Celsius,
19,35.06,W/m^2,19:32:44,28/6/17,Day of week:,Wednesday,31.44,Grade Celsius,
25,35.06,W/m^2,19:32:47,28/6/17,Day of week:,Wednesday,31.44,Grade Celsius,
17,35.06,W/m^2,19:32:51,28/6/17,Day of week:,Wednesday,31.44,Grade Celsius,
20,29.21,W/m^2,19:32:54,28/6/17,Day of week:,Wednesday,31.44,Grade Celsius,
19,35.06,W/m^2,19:32:57,28/6/17,Day of week:,Wednesday,31.44,Grade Celsius,
19,35.06,W/m^2,19:33:00,28/6/17,Day of week:,Wednesday,31.37,Grade Celsius,
25,29.21,W/m^2,19:33:03,28/6/17,Day of week:,Wednesday,31.44,Grade Celsius,
21,35.06,W/m^2,19:33:06,28/6/17,Day of week:,Wednesday,31.44,Grade Celsius,
23,37.98,W/m^2,19:33:09,28/6/17,Day of week:,Wednesday,31.44,Grade Celsius,
22,37.98,W/m^2,19:33:12,28/6/17,Day of week:,Wednesday,31.44,Grade Celsius,
24,29.21,W/m^2,19:33:15,28/6/17,Day of week:,Wednesday,31.44,Grade Celsius,
24,30.67,W/m^2,19:33:18,28/6/17,Day of week:,Wednesday,31.44,Grade Celsius,
19,35.06,W/m^2,19:33:21,28/6/17,Day of week:,Wednesday,31.44,Grade Celsius,
25,32.13,W/m^2,19:33:24,28/6/17,Day of week:,Wednesday,31.44,Grade Celsius,
22,35.06,W/m^2,19:33:27,28/6/17,Day of week:,Wednesday,31.50,Grade Celsius,
22,29.21,W/m^2,19:33:30,28/6/17,Day of week:,Wednesday,31.44,Grade Celsius,
22,35.06,W/m^2,19:33:33,28/6/17,Day of week:,Wednesday,31.44,Grade Celsius,
24,35.06,W/m^2,19:33:37,28/6/17,Day of week:,Wednesday,31.44,Grade Celsius,
24,30.67,W/m^2,19:33:40,28/6/17,Day of week:,Wednesday,31.44,Grade Celsius,
19,35.06,W/m^2,19:33:43,28/6/17,Day of week:,Wednesday,31.50,Grade Celsius,
22,35.06,W/m^2,19:33:46,28/6/17,Day of week:,Wednesday,31.44,Grade Celsius,
21,37.98,W/m^2,19:33:49,28/6/17,Day of week:,Wednesday,31.44,Grade Celsius,
21,37.98,W/m^2,19:33:52,28/6/17,Day of week:,Wednesday,31.50,Grade Celsius,
19,37.98,W/m^2,19:33:55,28/6/17,Day of week:,Wednesday,31.50,Grade Celsius,
22,35.06,W/m^2,19:33:58,28/6/17,Day of week:,Wednesday,31.50,Grade Celsius,
24,35.06,W/m^2,19:34:01,28/6/17,Day of week:,Wednesday,31.50,Grade Celsius,
24,29.21,W/m^2,19:34:04,28/6/17,Day of week:,Wednesday,31.44,Grade Celsius,
22,39.44,W/m^2,19:34:07,28/6/17,Day of week:,Wednesday,31.50,Grade Celsius,
20,35.06,W/m^2,19:34:10,28/6/17,Day of week:,Wednesday,31.44,Grade Celsius,
24,29.21,W/m^2,19:34:13,28/6/17,Day of week:,Wednesday,31.44,Grade Celsius,
20,30.67,W/m^2,19:34:16,28/6/17,Day of week:,Wednesday,31.44,Grade Celsius,
19,40.90,W/m^2,19:34:19,28/6/17,Day of week:,Wednesday,31.50,Grade Celsius,
23,40.90,W/m^2,19:34:23,28/6/17,Day of week:,Wednesday,31.50,Grade Celsius,
22,37.98,W/m^2,19:34:26,28/6/17,Day of week:,Wednesday,31.44,Grade Celsius,
25,40.90,W/m^2,19:34:29,28/6/17,Day of week:,Wednesday,31.50,Grade Celsius,
25,35.06,W/m^2,19:34:32,28/6/17,Day of week:,Wednesday,31.44,Grade Celsius,
25,35.06,W/m^2,19:34:35,28/6/17,Day of week:,Wednesday,31.44,Grade Celsius,
20,37.98,W/m^2,19:34:38,28/6/17,Day of week:,Wednesday,31.50,Grade Celsius,
23,35.06,W/m^2,19:34:41,28/6/17,Day of week:,Wednesday,31.50,Grade Celsius,
24,35.06,W/m^2,19:34:44,28/6/17,Day of week:,Wednesday,31.44,Grade Celsius,
22,36.52,W/m^2,19:34:47,28/6/17,Day of week:,Wednesday,31.44,Grade Celsius,
24,35.06,W/m^2,19:34:50,28/6/17,Day of week:,Wednesday,31.44,Grade Celsius,
25,35.06,W/m^2,19:34:53,28/6/17,Day of week:,Wednesday,31.44,Grade Celsius,
20,36.52,W/m^2,19:34:56,28/6/17,Day of week:,Wednesday,31.44,Grade Celsius,
21,35.06,W/m^2,19:34:59,28/6/17,Day of week:,Wednesday,31.44,Grade Celsius,
21,46.74,W/m^2,19:35:02,28/6/17,Day of week:,Wednesday,31.44,Grade Celsius,
30,37.98,W/m^2,19:35:05,28/6/17,Day of week:,Wednesday,31.44,Grade Celsius,
22,40.90,W/m^2,19:35:08,28/6/17,Day of week:,Wednesday,31.44,Grade Celsius,
25,40.90,W/m^2,19:35:12,28/6/17,Day of week:,Wednesday,31.50,Grade Celsius,
30,40.90,W/m^2,19:35:15,28/6/17,Day of week:,Wednesday,31.44,Grade Celsius,
19,35.06,W/m^2,19:35:18,28/6/17,Day of week:,Wednesday,31.44,Grade Celsius,
24,46.74,W/m^2,19:35:21,28/6/17,Day of week:,Wednesday,31.50,Grade Celsius,
22,36.52,W/m^2,19:35:24,28/6/17,Day of week:,Wednesday,31.50,Grade Celsius,
20,40.90,W/m^2,19:35:27,28/6/17,Day of week:,Wednesday,31.50,Grade Celsius,
27,40.90,W/m^2,19:35:30,28/6/17,Day of week:,Wednesday,31.50,Grade Celsius,
22,40.90,W/m^2,19:35:33,28/6/17,Day of week:,Wednesday,31.50,Grade Celsius,
25,35.06,W/m^2,19:35:36,28/6/17,Day of week:,Wednesday,31.50,Grade Celsius,
28,37.98,W/m^2,19:35:39,28/6/17,Day of week:,Wednesday,31.50,Grade Celsius,
26,40.90,W/m^2,19:35:42,28/6/17,Day of week:,Wednesday,31.50,Grade Celsius,
29,37.98,W/m^2,19:35:45,28/6/17,Day of week:,Wednesday,31.50,Grade Celsius,
24,46.74,W/m^2,19:35:48,28/6/17,Day of week:,Wednesday,31.50,Grade Celsius,
22,35.06,W/m^2,19:35:51,28/6/17,Day of week:,Wednesday,31.50,Grade Celsius,
24,40.90,W/m^2,19:35:54,28/6/17,Day of week:,Wednesday,31.50,Grade Celsius,
21,37.98,W/m^2,19:35:58,28/6/17,Day of week:,Wednesday,31.50,Grade Celsius,
25,37.98,W/m^2,19:36:01,28/6/17,Day of week:,Wednesday,31.50,Grade Celsius,
26,46.74,W/m^2,19:36:04,28/6/17,Day of week:,Wednesday,31.50,Grade Celsius,
25,40.90,W/m^2,19:36:07,28/6/17,Day of week:,Wednesday,31.50,Grade Celsius,
23,35.06,W/m^2,19:36:10,28/6/17,Day of week:,Wednesday,31.50,Grade Celsius,
24,46.74,W/m^2,19:36:13,28/6/17,Day of week:,Wednesday,31.50,Grade Celsius,
26,35.06,W/m^2,19:36:16,28/6/17,Day of week:,Wednesday,31.50,Grade Celsius,
25,40.90,W/m^2,19:36:19,28/6/17,Day of week:,Wednesday,31.56,Grade Celsius,
26,32.13,W/m^2,19:36:22,28/6/17,Day of week:,Wednesday,31.56,Grade Celsius,
23,40.90,W/m^2,19:36:25,28/6/17,Day of week:,Wednesday,31.50,Grade Celsius,
26,35.06,W/m^2,19:36:28,28/6/17,Day of week:,Wednesday,31.50,Grade Celsius,
26,46.74,W/m^2,19:36:31,28/6/17,Day of week:,Wednesday,31.50,Grade Celsius,
25,29.21,W/m^2,19:36:34,28/6/17,Day of week:,Wednesday,31.50,Grade Celsius,
27,37.98,W/m^2,19:36:37,28/6/17,Day of week:,Wednesday,31.50,Grade Celsius,
29,30.67,W/m^2,19:36:40,28/6/17,Day of week:,Wednesday,31.50,Grade Celsius,
29,46.74,W/m^2,19:36:44,28/6/17,Day of week:,Wednesday,31.56,Grade Celsius,
25,35.06,W/m^2,19:36:47,28/6/17,Day of week:,Wednesday,31.50,Grade Celsius,
25,46.74,W/m^2,19:36:50,28/6/17,Day of week:,Wednesday,31.50,Grade Celsius,
21,37.98,W/m^2,19:36:53,28/6/17,Day of week:,Wednesday,31.50,Grade Celsius,
30,46.74,W/m^2,19:36:56,28/6/17,Day of week:,Wednesday,31.50,Grade Celsius,
27,40.90,W/m^2,19:36:59,28/6/17,Day of week:,Wednesday,31.50,Grade Celsius,
25,35.06,W/m^2,19:37:02,28/6/17,Day of week:,Wednesday,31.50,Grade Celsius,
29,37.98,W/m^2,19:37:05,28/6/17,Day of week:,Wednesday,31.56,Grade Celsius,
21,36.52,W/m^2,19:37:08,28/6/17,Day of week:,Wednesday,31.56,Grade Celsius,
22,37.98,W/m^2,19:37:11,28/6/17,Day of week:,Wednesday,31.56,Grade Celsius,
26,36.52,W/m^2,19:37:14,28/6/17,Day of week:,Wednesday,31.56,Grade Celsius,
24,46.74,W/m^2,19:37:17,28/6/17,Day of week:,Wednesday,31.56,Grade Celsius,
25,35.06,W/m^2,19:37:20,28/6/17,Day of week:,Wednesday,31.56,Grade Celsius,
25,40.90,W/m^2,19:37:23,28/6/17,Day of week:,Wednesday,31.56,Grade Celsius,
26,46.74,W/m^2,19:37:26,28/6/17,Day of week:,Wednesday,31.50,Grade Celsius,
27,40.90,W/m^2,19:37:30,28/6/17,Day of week:,Wednesday,31.50,Grade Celsius,
27,40.90,W/m^2,19:37:33,28/6/17,Day of week:,Wednesday,31.50,Grade Celsius,
24,46.74,W/m^2,19:37:36,28/6/17,Day of week:,Wednesday,31.50,Grade Celsius,
28,35.06,W/m^2,19:37:39,28/6/17,Day of week:,Wednesday,31.50,Grade Celsius,
25,35.06,W/m^2,19:37:42,28/6/17,Day of week:,Wednesday,31.50,Grade Celsius,
25,39.44,W/m^2,19:37:45,28/6/17,Day of week:,Wednesday,31.50,Grade Celsius,
31,35.06,W/m^2,19:37:48,28/6/17,Day of week:,Wednesday,31.50,Grade Celsius,
27,35.06,W/m^2,19:37:51,28/6/17,Day of week:,Wednesday,31.50,Grade Celsius,
23,40.90,W/m^2,19:37:54,28/6/17,Day of week:,Wednesday,31.50,Grade Celsius,
22,35.06,W/m^2,19:37:57,28/6/17,Day of week:,Wednesday,31.50,Grade Celsius,
29,37.98,W/m^2,19:38:00,28/6/17,Day of week:,Wednesday,31.50,Grade Celsius,
26,46.74,W/m^2,19:38:03,28/6/17,Day of week:,Wednesday,31.56,Grade Celsius,
26,46.74,W/m^2,19:38:06,28/6/17,Day of week:,Wednesday,31.50,Grade Celsius,
27,46.74,W/m^2,19:38:09,28/6/17,Day of week:,Wednesday,31.50,Grade Celsius,
32,46.74,W/m^2,19:38:12,28/6/17,Day of week:,Wednesday,31.50,Grade Celsius,
21,35.06,W/m^2,19:38:16,28/6/17,Day of week:,Wednesday,31.50,Grade Celsius,
27,40.90,W/m^2,19:38:19,28/6/17,Day of week:,Wednesday,31.50,Grade Celsius,
27,46.74,W/m^2,19:38:22,28/6/17,Day of week:,Wednesday,31.50,Grade Celsius,
29,46.74,W/m^2,19:38:25,28/6/17,Day of week:,Wednesday,31.50,Grade Celsius,
27,46.74,W/m^2,19:38:28,28/6/17,Day of week:,Wednesday,31.50,Grade Celsius,
29,35.06,W/m^2,19:38:31,28/6/17,Day of week:,Wednesday,31.50,Grade Celsius,
24,42.36,W/m^2,19:38:34,28/6/17,Day of week:,Wednesday,31.50,Grade Celsius,
29,48.20,W/m^2,19:38:37,28/6/17,Day of week:,Wednesday,31.50,Grade Celsius,
30,40.90,W/m^2,19:38:40,28/6/17,Day of week:,Wednesday,31.50,Grade Celsius,
26,40.90,W/m^2,19:38:43,28/6/17,Day of week:,Wednesday,31.50,Grade Celsius,
25,40.90,W/m^2,19:38:46,28/6/17,Day of week:,Wednesday,31.50,Grade Celsius,
27,40.90,W/m^2,19:38:49,28/6/17,Day of week:,Wednesday,31.50,Grade Celsius,
28,40.90,W/m^2,19:38:52,28/6/17,Day of week:,Wednesday,31.50,Grade Celsius,
26,40.90,W/m^2,19:38:55,28/6/17,Day of week:,Wednesday,31.50,Grade Celsius,
26,39.44,W/m^2,19:38:59,28/6/17,Day of week:,Wednesday,31.50,Grade Celsius,
24,46.74,W/m^2,19:39:02,28/6/17,Day of week:,Wednesday,31.50,Grade Celsius,
29,46.74,W/m^2,19:39:05,28/6/17,Day of week:,Wednesday,31.50,Grade Celsius,
29,46.74,W/m^2,19:39:08,28/6/17,Day of week:,Wednesday,31.50,Grade Celsius,
30,58.43,W/m^2,19:39:11,28/6/17,Day of week:,Wednesday,31.50,Grade Celsius,
28,39.44,W/m^2,19:39:14,28/6/17,Day of week:,Wednesday,31.50,Grade Celsius,
28,36.52,W/m^2,19:39:17,28/6/17,Day of week:,Wednesday,31.50,Grade Celsius,
34,46.74,W/m^2,19:39:20,28/6/17,Day of week:,Wednesday,31.50,Grade Celsius,
24,35.06,W/m^2,19:39:23,28/6/17,Day of week:,Wednesday,31.50,Grade Celsius,
30,40.90,W/m^2,19:39:26,28/6/17,Day of week:,Wednesday,31.50,Grade Celsius,
25,46.74,W/m^2,19:39:29,28/6/17,Day of week:,Wednesday,31.50,Grade Celsius,
26,46.74,W/m^2,19:39:32,28/6/17,Day of week:,Wednesday,31.50,Grade Celsius,
28,40.90,W/m^2,19:39:35,28/6/17,Day of week:,Wednesday,31.50,Grade Celsius,
26,48.20,W/m^2,19:39:38,28/6/17,Day of week:,Wednesday,31.50,Grade Celsius,
30,35.06,W/m^2,19:39:41,28/6/17,Day of week:,Wednesday,31.50,Grade Celsius,
30,46.74,W/m^2,19:39:45,28/6/17,Day of week:,Wednesday,31.50,Grade Celsius,
26,46.74,W/m^2,19:39:48,28/6/17,Day of week:,Wednesday,31.50,Grade Celsius,
29,46.74,W/m^2,19:39:51,28/6/17,Day of week:,Wednesday,31.50,Grade Celsius,
29,37.98,W/m^2,19:39:54,28/6/17,Day of week:,Wednesday,31.50,Grade Celsius,
30,43.82,W/m^2,19:39:57,28/6/17,Day of week:,Wednesday,31.56,Grade Celsius,
30,46.74,W/m^2,19:40:00,28/6/17,Day of week:,Wednesday,31.50,Grade Celsius,
28,46.74,W/m^2,19:40:03,28/6/17,Day of week:,Wednesday,31.50,Grade Celsius,
30,46.74,W/m^2,19:40:06,28/6/17,Day of week:,Wednesday,31.50,Grade Celsius,
28,46.74,W/m^2,19:40:09,28/6/17,Day of week:,Wednesday,31.50,Grade Celsius,
29,46.74,W/m^2,19:40:12,28/6/17,Day of week:,Wednesday,31.50,Grade Celsius,
30,40.90,W/m^2,19:40:15,28/6/17,Day of week:,Wednesday,31.50,Grade Celsius,
28,49.66,W/m^2,19:40:18,28/6/17,Day of week:,Wednesday,31.50,Grade Celsius,
29,37.98,W/m^2,19:40:21,28/6/17,Day of week:,Wednesday,31.50,Grade Celsius,
30,46.74,W/m^2,19:40:24,28/6/17,Day of week:,Wednesday,31.50,Grade Celsius,
27,48.20,W/m^2,19:40:27,28/6/17,Day of week:,Wednesday,31.50,Grade Celsius,
28,46.74,W/m^2,19:40:30,28/6/17,Day of week:,Wednesday,31.50,Grade Celsius,
27,35.06,W/m^2,19:40:34,28/6/17,Day of week:,Wednesday,31.50,Grade Celsius,
32,48.20,W/m^2,19:40:37,28/6/17,Day of week:,Wednesday,31.50,Grade Celsius,
36,35.06,W/m^2,19:40:40,28/6/17,Day of week:,Wednesday,31.50,Grade Celsius,
27,39.44,W/m^2,19:40:43,28/6/17,Day of week:,Wednesday,31.50,Grade Celsius,
26,37.98,W/m^2,19:40:46,28/6/17,Day of week:,Wednesday,31.50,Grade Celsius,
33,46.74,W/m^2,19:40:49,28/6/17,Day of week:,Wednesday,31.50,Grade Celsius,
29,52.58,W/m^2,19:40:52,28/6/17,Day of week:,Wednesday,31.50,Grade Celsius,
24,46.74,W/m^2,19:40:55,28/6/17,Day of week:,Wednesday,31.50,Grade Celsius,
26,40.90,W/m^2,19:40:58,28/6/17,Day of week:,Wednesday,31.50,Grade Celsius,
29,46.74,W/m^2,19:41:01,28/6/17,Day of week:,Wednesday,31.50,Grade Celsius,
27,46.74,W/m^2,19:41:04,28/6/17,Day of week:,Wednesday,31.50,Grade Celsius,
31,40.90,W/m^2,19:41:07,28/6/17,Day of week:,Wednesday,31.50,Grade Celsius,
30,46.74,W/m^2,19:41:10,28/6/17,Day of week:,Wednesday,31.50,Grade Celsius,
30,46.74,W/m^2,19:41:13,28/6/17,Day of week:,Wednesday,31.50,Grade Celsius,
24,46.74,W/m^2,19:41:16,28/6/17,Day of week:,Wednesday,31.50,Grade Celsius,
36,55.50,W/m^2,19:41:20,28/6/17,Day of week:,Wednesday,31.50,Grade Celsius,
27,37.98,W/m^2,19:41:23,28/6/17,Day of week:,Wednesday,31.50,Grade Celsius,
31,36.52,W/m^2,19:41:26,28/6/17,Day of week:,Wednesday,31.50,Grade Celsius,
24,46.74,W/m^2,19:41:29,28/6/17,Day of week:,Wednesday,31.56,Grade Celsius,
24,40.90,W/m^2,19:41:32,28/6/17,Day of week:,Wednesday,31.56,Grade Celsius,
28,46.74,W/m^2,19:41:35,28/6/17,Day of week:,Wednesday,31.50,Grade Celsius,
28,46.74,W/m^2,19:41:38,28/6/17,Day of week:,Wednesday,31.56,Grade Celsius,
30,40.90,W/m^2,19:41:41,28/6/17,Day of week:,Wednesday,31.56,Grade Celsius,
29,40.90,W/m^2,19:41:44,28/6/17,Day of week:,Wednesday,31.50,Grade Celsius,
26,58.43,W/m^2,19:41:47,28/6/17,Day of week:,Wednesday,31.50,Grade Celsius,
32,46.74,W/m^2,19:41:50,28/6/17,Day of week:,Wednesday,31.50,Grade Celsius,
33,46.74,W/m^2,19:41:53,28/6/17,Day of week:,Wednesday,31.50,Grade Celsius,
35,46.74,W/m^2,19:41:56,28/6/17,Day of week:,Wednesday,31.50,Grade Celsius,
35,46.74,W/m^2,19:41:59,28/6/17,Day of week:,Wednesday,31.50,Grade Celsius,
36,46.74,W/m^2,19:42:02,28/6/17,Day of week:,Wednesday,31.50,Grade Celsius,
35,46.74,W/m^2,19:42:06,28/6/17,Day of week:,Wednesday,31.50,Grade Celsius,
31,52.58,W/m^2,19:42:09,28/6/17,Day of week:,Wednesday,31.50,Grade Celsius,
27,40.90,W/m^2,19:42:12,28/6/17,Day of week:,Wednesday,31.50,Grade Celsius,
29,46.74,W/m^2,19:42:15,28/6/17,Day of week:,Wednesday,31.50,Grade Celsius,
31,46.74,W/m^2,19:42:18,28/6/17,Day of week:,Wednesday,31.50,Grade Celsius,
36,46.74,W/m^2,19:42:21,28/6/17,Day of week:,Wednesday,31.50,Grade Celsius,
29,46.74,W/m^2,19:42:24,28/6/17,Day of week:,Wednesday,31.56,Grade Celsius,
32,46.74,W/m^2,19:42:27,28/6/17,Day of week:,Wednesday,31.56,Grade Celsius,
29,37.98,W/m^2,19:42:30,28/6/17,Day of week:,Wednesday,31.50,Grade Celsius,
26,51.12,W/m^2,19:42:33,28/6/17,Day of week:,Wednesday,31.50,Grade Celsius,
28,48.20,W/m^2,19:42:36,28/6/17,Day of week:,Wednesday,31.50,Grade Celsius,
29,46.74,W/m^2,19:42:39,28/6/17,Day of week:,Wednesday,31.50,Grade Celsius,
32,46.74,W/m^2,19:42:42,28/6/17,Day of week:,Wednesday,31.56,Grade Celsius,
34,46.74,W/m^2,19:42:45,28/6/17,Day of week:,Wednesday,31.56,Grade Celsius,
25,46.74,W/m^2,19:42:48,28/6/17,Day of week:,Wednesday,31.56,Grade Celsius,
29,46.74,W/m^2,19:42:52,28/6/17,Day of week:,Wednesday,31.56,Grade Celsius,
29,46.74,W/m^2,19:42:55,28/6/17,Day of week:,Wednesday,31.62,Grade Celsius,
32,42.36,W/m^2,19:42:58,28/6/17,Day of week:,Wednesday,31.56,Grade Celsius,
32,58.43,W/m^2,19:43:01,28/6/17,Day of week:,Wednesday,31.56,Grade Celsius,
34,52.58,W/m^2,19:43:04,28/6/17,Day of week:,Wednesday,31.56,Grade Celsius,
29,37.98,W/m^2,19:43:07,28/6/17,Day of week:,Wednesday,31.62,Grade Celsius,
34,46.74,W/m^2,19:43:10,28/6/17,Day of week:,Wednesday,31.62,Grade Celsius,
29,35.06,W/m^2,19:43:13,28/6/17,Day of week:,Wednesday,31.62,Grade Celsius,
30,40.90,W/m^2,19:43:16,28/6/17,Day of week:,Wednesday,31.62,Grade Celsius,
32,46.74,W/m^2,19:43:19,28/6/17,Day of week:,Wednesday,31.62,Grade Celsius,
27,35.06,W/m^2,19:43:22,28/6/17,Day of week:,Wednesday,31.62,Grade Celsius,
30,46.74,W/m^2,19:43:25,28/6/17,Day of week:,Wednesday,31.62,Grade Celsius,
30,42.36,W/m^2,19:43:28,28/6/17,Day of week:,Wednesday,31.62,Grade Celsius,
32,46.74,W/m^2,19:43:31,28/6/17,Day of week:,Wednesday,31.62,Grade Celsius,
32,46.74,W/m^2,19:43:34,28/6/17,Day of week:,Wednesday,31.62,Grade Celsius,
32,46.74,W/m^2,19:43:38,28/6/17,Day of week:,Wednesday,31.62,Grade Celsius,
37,55.50,W/m^2,19:43:41,28/6/17,Day of week:,Wednesday,31.62,Grade Celsius,
31,37.98,W/m^2,19:43:44,28/6/17,Day of week:,Wednesday,31.62,Grade Celsius,
24,46.74,W/m^2,19:43:47,28/6/17,Day of week:,Wednesday,31.62,Grade Celsius,
26,52.58,W/m^2,19:43:50,28/6/17,Day of week:,Wednesday,31.62,Grade Celsius,
37,40.90,W/m^2,19:43:53,28/6/17,Day of week:,Wednesday,31.56,Grade Celsius,
31,40.90,W/m^2,19:43:56,28/6/17,Day of week:,Wednesday,31.62,Grade Celsius,
25,49.66,W/m^2,19:43:59,28/6/17,Day of week:,Wednesday,31.62,Grade Celsius,
32,46.74,W/m^2,19:44:02,28/6/17,Day of week:,Wednesday,31.62,Grade Celsius,
30,52.58,W/m^2,19:44:05,28/6/17,Day of week:,Wednesday,31.56,Grade Celsius,
29,46.74,W/m^2,19:44:08,28/6/17,Day of week:,Wednesday,31.62,Grade Celsius,
26,46.74,W/m^2,19:44:11,28/6/17,Day of week:,Wednesday,31.62,Grade Celsius,
28,43.82,W/m^2,19:44:15,28/6/17,Day of week:,Wednesday,31.62,Grade Celsius,
32,48.20,W/m^2,19:44:18,28/6/17,Day of week:,Wednesday,31.62,Grade Celsius,
28,46.74,W/m^2,19:44:21,28/6/17,Day of week:,Wednesday,31.62,Grade Celsius,
23,46.74,W/m^2,19:44:24,28/6/17,Day of week:,Wednesday,31.62,Grade Celsius,
30,46.74,W/m^2,19:44:27,28/6/17,Day of week:,Wednesday,31.62,Grade Celsius,
30,42.36,W/m^2,19:44:30,28/6/17,Day of week:,Wednesday,31.62,Grade Celsius,
33,46.74,W/m^2,19:44:33,28/6/17,Day of week:,Wednesday,31.56,Grade Celsius,
31,46.74,W/m^2,19:44:36,28/6/17,Day of week:,Wednesday,31.56,Grade Celsius,
34,46.74,W/m^2,19:44:39,28/6/17,Day of week:,Wednesday,31.56,Grade Celsius,
32,46.74,W/m^2,19:44:42,28/6/17,Day of week:,Wednesday,31.50,Grade Celsius,
34,46.74,W/m^2,19:44:45,28/6/17,Day of week:,Wednesday,31.56,Grade Celsius,
24,46.74,W/m^2,19:44:48,28/6/17,Day of week:,Wednesday,31.50,Grade Celsius,
28,54.04,W/m^2,19:44:51,28/6/17,Day of week:,Wednesday,31.56,Grade Celsius,
29,46.74,W/m^2,19:44:54,28/6/17,Day of week:,Wednesday,31.56,Grade Celsius,
31,46.74,W/m^2,19:44:57,28/6/17,Day of week:,Wednesday,31.56,Grade Celsius,
25,49.66,W/m^2,19:45:00,28/6/17,Day of week:,Wednesday,31.62,Grade Celsius,
29,46.74,W/m^2,19:45:04,28/6/17,Day of week:,Wednesday,31.62,Grade Celsius,
27,46.74,W/m^2,19:45:07,28/6/17,Day of week:,Wednesday,31.56,Grade Celsius,
28,49.66,W/m^2,19:45:10,28/6/17,Day of week:,Wednesday,31.56,Grade Celsius,
29,35.06,W/m^2,19:45:13,28/6/17,Day of week:,Wednesday,31.56,Grade Celsius,
31,46.74,W/m^2,19:45:16,28/6/17,Day of week:,Wednesday,31.56,Grade Celsius,
28,46.74,W/m^2,19:45:19,28/6/17,Day of week:,Wednesday,31.56,Grade Celsius,
35,46.74,W/m^2,19:45:22,28/6/17,Day of week:,Wednesday,31.50,Grade Celsius,
28,40.90,W/m^2,19:45:25,28/6/17,Day of week:,Wednesday,31.50,Grade Celsius,
28,46.74,W/m^2,19:45:28,28/6/17,Day of week:,Wednesday,31.50,Grade Celsius,
28,49.66,W/m^2,19:45:31,28/6/17,Day of week:,Wednesday,31.50,Grade Celsius,
27,42.36,W/m^2,19:45:34,28/6/17,Day of week:,Wednesday,31.56,Grade Celsius,
28,46.74,W/m^2,19:45:37,28/6/17,Day of week:,Wednesday,31.56,Grade Celsius,
23,46.74,W/m^2,19:45:40,28/6/17,Day of week:,Wednesday,31.62,Grade Celsius,
34,40.90,W/m^2,19:45:43,28/6/17,Day of week:,Wednesday,31.56,Grade Celsius,
33,46.74,W/m^2,19:45:46,28/6/17,Day of week:,Wednesday,31.56,Grade Celsius,
26,46.74,W/m^2,19:45:50,28/6/17,Day of week:,Wednesday,31.56,Grade Celsius,
33,39.44,W/m^2,19:45:53,28/6/17,Day of week:,Wednesday,31.62,Grade Celsius,
34,37.98,W/m^2,19:45:56,28/6/17,Day of week:,Wednesday,31.56,Grade Celsius,
29,46.74,W/m^2,19:45:59,28/6/17,Day of week:,Wednesday,31.56,Grade Celsius,
29,37.98,W/m^2,19:46:02,28/6/17,Day of week:,Wednesday,31.50,Grade Celsius,
23,46.74,W/m^2,19:46:05,28/6/17,Day of week:,Wednesday,31.50,Grade Celsius,
29,46.74,W/m^2,19:46:08,28/6/17,Day of week:,Wednesday,31.50,Grade Celsius,
31,40.90,W/m^2,19:46:11,28/6/17,Day of week:,Wednesday,31.50,Grade Celsius,
27,42.36,W/m^2,19:46:14,28/6/17,Day of week:,Wednesday,31.50,Grade Celsius,
27,46.74,W/m^2,19:46:17,28/6/17,Day of week:,Wednesday,31.50,Grade Celsius,
30,40.90,W/m^2,19:46:20,28/6/17,Day of week:,Wednesday,31.44,Grade Celsius,
24,35.06,W/m^2,19:46:23,28/6/17,Day of week:,Wednesday,31.44,Grade Celsius,
25,46.74,W/m^2,19:46:26,28/6/17,Day of week:,Wednesday,31.44,Grade Celsius,
28,52.58,W/m^2,19:46:29,28/6/17,Day of week:,Wednesday,31.44,Grade Celsius,
29,46.74,W/m^2,19:46:32,28/6/17,Day of week:,Wednesday,31.44,Grade Celsius,
26,46.74,W/m^2,19:46:36,28/6/17,Day of week:,Wednesday,31.50,Grade Celsius,
29,40.90,W/m^2,19:46:39,28/6/17,Day of week:,Wednesday,31.44,Grade Celsius,
25,37.98,W/m^2,19:46:42,28/6/17,Day of week:,Wednesday,31.44,Grade Celsius,
32,35.06,W/m^2,19:46:45,28/6/17,Day of week:,Wednesday,31.44,Grade Celsius,
29,37.98,W/m^2,19:46:48,28/6/17,Day of week:,Wednesday,31.44,Grade Celsius,
27,46.74,W/m^2,19:46:51,28/6/17,Day of week:,Wednesday,31.44,Grade Celsius,
28,40.90,W/m^2,19:46:54,28/6/17,Day of week:,Wednesday,31.44,Grade Celsius,
25,46.74,W/m^2,19:46:57,28/6/17,Day of week:,Wednesday,31.44,Grade Celsius,
24,48.20,W/m^2,19:47:00,28/6/17,Day of week:,Wednesday,31.44,Grade Celsius,
25,46.74,W/m^2,19:47:03,28/6/17,Day of week:,Wednesday,31.44,Grade Celsius,
23,37.98,W/m^2,19:47:06,28/6/17,Day of week:,Wednesday,31.44,Grade Celsius,
28,49.66,W/m^2,19:47:09,28/6/17,Day of week:,Wednesday,31.44,Grade Celsius,
26,40.90,W/m^2,19:47:12,28/6/17,Day of week:,Wednesday,31.44,Grade Celsius,
28,35.06,W/m^2,19:47:15,28/6/17,Day of week:,Wednesday,31.44,Grade Celsius,
26,40.90,W/m^2,19:47:18,28/6/17,Day of week:,Wednesday,31.44,Grade Celsius,
27,46.74,W/m^2,19:47:22,28/6/17,Day of week:,Wednesday,31.44,Grade Celsius,
27,40.90,W/m^2,19:47:25,28/6/17,Day of week:,Wednesday,31.44,Grade Celsius,
26,40.90,W/m^2,19:47:28,28/6/17,Day of week:,Wednesday,31.44,Grade Celsius,
29,35.06,W/m^2,19:47:31,28/6/17,Day of week:,Wednesday,31.44,Grade Celsius,
26,40.90,W/m^2,19:47:34,28/6/17,Day of week:,Wednesday,31.44,Grade Celsius,
30,32.13,W/m^2,19:47:37,28/6/17,Day of week:,Wednesday,31.44,Grade Celsius,
23,35.06,W/m^2,19:47:40,28/6/17,Day of week:,Wednesday,31.44,Grade Celsius,
28,43.82,W/m^2,19:47:43,28/6/17,Day of week:,Wednesday,31.44,Grade Celsius,
25,46.74,W/m^2,19:47:46,28/6/17,Day of week:,Wednesday,31.44,Grade Celsius,
27,40.90,W/m^2,19:47:49,28/6/17,Day of week:,Wednesday,31.50,Grade Celsius,
26,48.20,W/m^2,19:47:52,28/6/17,Day of week:,Wednesday,31.50,Grade Celsius,
30,48.20,W/m^2,19:47:55,28/6/17,Day of week:,Wednesday,31.50,Grade Celsius,
29,46.74,W/m^2,19:47:58,28/6/17,Day of week:,Wednesday,31.50,Grade Celsius,
29,46.74,W/m^2,19:48:01,28/6/17,Day of week:,Wednesday,31.44,Grade Celsius,
26,46.74,W/m^2,19:48:04,28/6/17,Day of week:,Wednesday,31.44,Grade Celsius,
30,40.90,W/m^2,19:48:08,28/6/17,Day of week:,Wednesday,31.44,Grade Celsius,
28,40.90,W/m^2,19:48:11,28/6/17,Day of week:,Wednesday,31.44,Grade Celsius,
28,42.36,W/m^2,19:48:14,28/6/17,Day of week:,Wednesday,31.44,Grade Celsius,
32,40.90,W/m^2,19:48:17,28/6/17,Day of week:,Wednesday,31.37,Grade Celsius,
27,39.44,W/m^2,19:48:20,28/6/17,Day of week:,Wednesday,31.37,Grade Celsius,
23,46.74,W/m^2,19:48:23,28/6/17,Day of week:,Wednesday,31.37,Grade Celsius,
29,40.90,W/m^2,19:48:26,28/6/17,Day of week:,Wednesday,31.37,Grade Celsius,
24,35.06,W/m^2,19:48:29,28/6/17,Day of week:,Wednesday,31.37,Grade Celsius,
26,46.74,W/m^2,19:48:32,28/6/17,Day of week:,Wednesday,31.37,Grade Celsius,
24,35.06,W/m^2,19:48:35,28/6/17,Day of week:,Wednesday,31.37,Grade Celsius,
25,46.74,W/m^2,19:48:38,28/6/17,Day of week:,Wednesday,31.37,Grade Celsius,
28,46.74,W/m^2,19:48:41,28/6/17,Day of week:,Wednesday,31.37,Grade Celsius,
30,35.06,W/m^2,19:48:44,28/6/17,Day of week:,Wednesday,31.37,Grade Celsius,
29,46.74,W/m^2,19:48:47,28/6/17,Day of week:,Wednesday,31.37,Grade Celsius,
23,35.06,W/m^2,19:48:50,28/6/17,Day of week:,Wednesday,31.37,Grade Celsius,
25,40.90,W/m^2,19:48:54,28/6/17,Day of week:,Wednesday,31.37,Grade Celsius,
27,35.06,W/m^2,19:48:57,28/6/17,Day of week:,Wednesday,31.37,Grade Celsius,
27,35.06,W/m^2,19:49:00,28/6/17,Day of week:,Wednesday,31.37,Grade Celsius,
26,37.98,W/m^2,19:49:03,28/6/17,Day of week:,Wednesday,31.37,Grade Celsius,
26,40.90,W/m^2,19:49:06,28/6/17,Day of week:,Wednesday,31.37,Grade Celsius,
20,40.90,W/m^2,19:49:09,28/6/17,Day of week:,Wednesday,31.37,Grade Celsius,
21,46.74,W/m^2,19:49:12,28/6/17,Day of week:,Wednesday,31.37,Grade Celsius,
29,40.90,W/m^2,19:49:15,28/6/17,Day of week:,Wednesday,31.31,Grade Celsius,
27,40.90,W/m^2,19:49:18,28/6/17,Day of week:,Wednesday,31.31,Grade Celsius,
27,37.98,W/m^2,19:49:21,28/6/17,Day of week:,Wednesday,31.37,Grade Celsius,
25,32.13,W/m^2,19:49:24,28/6/17,Day of week:,Wednesday,31.31,Grade Celsius,
27,46.74,W/m^2,19:49:27,28/6/17,Day of week:,Wednesday,31.31,Grade Celsius,
29,46.74,W/m^2,19:49:30,28/6/17,Day of week:,Wednesday,31.31,Grade Celsius,
27,40.90,W/m^2,19:49:33,28/6/17,Day of week:,Wednesday,31.31,Grade Celsius,
21,37.98,W/m^2,19:49:37,28/6/17,Day of week:,Wednesday,31.31,Grade Celsius,
26,30.67,W/m^2,19:49:40,28/6/17,Day of week:,Wednesday,31.31,Grade Celsius,
27,40.90,W/m^2,19:49:43,28/6/17,Day of week:,Wednesday,31.31,Grade Celsius,
25,32.13,W/m^2,19:49:46,28/6/17,Day of week:,Wednesday,31.31,Grade Celsius,
22,40.90,W/m^2,19:49:49,28/6/17,Day of week:,Wednesday,31.31,Grade Celsius,
29,35.06,W/m^2,19:49:52,28/6/17,Day of week:,Wednesday,31.31,Grade Celsius,
24,37.98,W/m^2,19:49:55,28/6/17,Day of week:,Wednesday,31.31,Grade Celsius,
21,35.06,W/m^2,19:49:58,28/6/17,Day of week:,Wednesday,31.31,Grade Celsius,
25,46.74,W/m^2,19:50:01,28/6/17,Day of week:,Wednesday,31.31,Grade Celsius,
25,40.90,W/m^2,19:50:04,28/6/17,Day of week:,Wednesday,31.31,Grade Celsius,
25,40.90,W/m^2,19:50:07,28/6/17,Day of week:,Wednesday,31.25,Grade Celsius,
24,35.06,W/m^2,19:50:10,28/6/17,Day of week:,Wednesday,31.25,Grade Celsius,
26,35.06,W/m^2,19:50:13,28/6/17,Day of week:,Wednesday,31.31,Grade Celsius,
29,35.06,W/m^2,19:50:16,28/6/17,Day of week:,Wednesday,31.31,Grade Celsius,
22,40.90,W/m^2,19:50:19,28/6/17,Day of week:,Wednesday,31.31,Grade Celsius,
27,46.74,W/m^2,19:50:22,28/6/17,Day of week:,Wednesday,31.31,Grade Celsius,
23,35.06,W/m^2,19:50:26,28/6/17,Day of week:,Wednesday,31.37,Grade Celsius,
22,46.74,W/m^2,19:50:29,28/6/17,Day of week:,Wednesday,31.37,Grade Celsius,
26,46.74,W/m^2,19:50:32,28/6/17,Day of week:,Wednesday,31.37,Grade Celsius,
29,35.06,W/m^2,19:50:35,28/6/17,Day of week:,Wednesday,31.37,Grade Celsius,
25,37.98,W/m^2,19:50:38,28/6/17,Day of week:,Wednesday,31.37,Grade Celsius,
28,40.90,W/m^2,19:50:41,28/6/17,Day of week:,Wednesday,31.37,Grade Celsius,
28,32.13,W/m^2,19:50:44,28/6/17,Day of week:,Wednesday,31.37,Grade Celsius,
27,40.90,W/m^2,19:50:47,28/6/17,Day of week:,Wednesday,31.37,Grade Celsius,
29,35.06,W/m^2,19:50:50,28/6/17,Day of week:,Wednesday,31.37,Grade Celsius,
22,46.74,W/m^2,19:50:53,28/6/17,Day of week:,Wednesday,31.44,Grade Celsius,
22,35.06,W/m^2,19:50:56,28/6/17,Day of week:,Wednesday,31.44,Grade Celsius,
26,35.06,W/m^2,19:50:59,28/6/17,Day of week:,Wednesday,31.37,Grade Celsius,
26,40.90,W/m^2,19:51:02,28/6/17,Day of week:,Wednesday,31.37,Grade Celsius,
25,46.74,W/m^2,19:51:05,28/6/17,Day of week:,Wednesday,31.37,Grade Celsius,
25,39.44,W/m^2,19:51:08,28/6/17,Day of week:,Wednesday,31.37,Grade Celsius,
26,32.13,W/m^2,19:51:12,28/6/17,Day of week:,Wednesday,31.37,Grade Celsius,
24,35.06,W/m^2,19:51:15,28/6/17,Day of week:,Wednesday,31.37,Grade Celsius,
24,40.90,W/m^2,19:51:18,28/6/17,Day of week:,Wednesday,31.37,Grade Celsius,
27,40.90,W/m^2,19:51:21,28/6/17,Day of week:,Wednesday,31.37,Grade Celsius,
24,30.67,W/m^2,19:51:24,28/6/17,Day of week:,Wednesday,31.37,Grade Celsius,
22,46.74,W/m^2,19:51:27,28/6/17,Day of week:,Wednesday,31.37,Grade Celsius,
24,36.52,W/m^2,19:51:30,28/6/17,Day of week:,Wednesday,31.37,Grade Celsius,
22,40.90,W/m^2,19:51:33,28/6/17,Day of week:,Wednesday,31.31,Grade Celsius,
21,40.90,W/m^2,19:51:36,28/6/17,Day of week:,Wednesday,31.31,Grade Celsius,
26,40.90,W/m^2,19:51:39,28/6/17,Day of week:,Wednesday,31.31,Grade Celsius,
24,35.06,W/m^2,19:51:42,28/6/17,Day of week:,Wednesday,31.31,Grade Celsius,
32,37.98,W/m^2,19:51:45,28/6/17,Day of week:,Wednesday,31.31,Grade Celsius,
27,37.98,W/m^2,19:51:48,28/6/17,Day of week:,Wednesday,31.31,Grade Celsius,
20,35.06,W/m^2,19:51:51,28/6/17,Day of week:,Wednesday,31.31,Grade Celsius,
29,36.52,W/m^2,19:51:54,28/6/17,Day of week:,Wednesday,31.31,Grade Celsius,
27,35.06,W/m^2,19:51:58,28/6/17,Day of week:,Wednesday,31.31,Grade Celsius,
27,40.90,W/m^2,19:52:01,28/6/17,Day of week:,Wednesday,31.31,Grade Celsius,
23,37.98,W/m^2,19:52:04,28/6/17,Day of week:,Wednesday,31.31,Grade Celsius,
26,35.06,W/m^2,19:52:07,28/6/17,Day of week:,Wednesday,31.31,Grade Celsius,
27,35.06,W/m^2,19:52:10,28/6/17,Day of week:,Wednesday,31.31,Grade Celsius,
26,35.06,W/m^2,19:52:13,28/6/17,Day of week:,Wednesday,31.25,Grade Celsius,
26,32.13,W/m^2,19:52:16,28/6/17,Day of week:,Wednesday,31.25,Grade Celsius,
28,35.06,W/m^2,19:52:19,28/6/17,Day of week:,Wednesday,31.25,Grade Celsius,
20,46.74,W/m^2,19:52:22,28/6/17,Day of week:,Wednesday,31.25,Grade Celsius,
25,35.06,W/m^2,19:52:25,28/6/17,Day of week:,Wednesday,31.19,Grade Celsius,
29,35.06,W/m^2,19:52:28,28/6/17,Day of week:,Wednesday,31.19,Grade Celsius,
21,35.06,W/m^2,19:52:31,28/6/17,Day of week:,Wednesday,31.19,Grade Celsius,
25,35.06,W/m^2,19:52:34,28/6/17,Day of week:,Wednesday,31.19,Grade Celsius,
23,29.21,W/m^2,19:52:37,28/6/17,Day of week:,Wednesday,31.25,Grade Celsius,
28,35.06,W/m^2,19:52:40,28/6/17,Day of week:,Wednesday,31.25,Grade Celsius,
24,37.98,W/m^2,19:52:44,28/6/17,Day of week:,Wednesday,31.25,Grade Celsius,
25,46.74,W/m^2,19:52:47,28/6/17,Day of week:,Wednesday,31.25,Grade Celsius,
22,36.52,W/m^2,19:52:50,28/6/17,Day of week:,Wednesday,31.25,Grade Celsius,
20,33.59,W/m^2,19:52:53,28/6/17,Day of week:,Wednesday,31.19,Grade Celsius,
26,40.90,W/m^2,19:52:56,28/6/17,Day of week:,Wednesday,31.19,Grade Celsius,
25,46.74,W/m^2,19:52:59,28/6/17,Day of week:,Wednesday,31.19,Grade Celsius,
25,46.74,W/m^2,19:53:02,28/6/17,Day of week:,Wednesday,31.19,Grade Celsius,
19,46.74,W/m^2,19:53:05,28/6/17,Day of week:,Wednesday,31.19,Grade Celsius,
28,35.06,W/m^2,19:53:08,28/6/17,Day of week:,Wednesday,31.19,Grade Celsius,
25,37.98,W/m^2,19:53:11,28/6/17,Day of week:,Wednesday,31.19,Grade Celsius,
25,35.06,W/m^2,19:53:14,28/6/17,Day of week:,Wednesday,31.12,Grade Celsius,
22,37.98,W/m^2,19:53:17,28/6/17,Day of week:,Wednesday,31.19,Grade Celsius,
21,29.21,W/m^2,19:53:20,28/6/17,Day of week:,Wednesday,31.19,Grade Celsius,
26,37.98,W/m^2,19:53:23,28/6/17,Day of week:,Wednesday,31.19,Grade Celsius,
28,37.98,W/m^2,19:53:26,28/6/17,Day of week:,Wednesday,31.19,Grade Celsius,
26,35.06,W/m^2,19:53:30,28/6/17,Day of week:,Wednesday,31.25,Grade Celsius,
25,36.52,W/m^2,19:53:33,28/6/17,Day of week:,Wednesday,31.25,Grade Celsius,
25,40.90,W/m^2,19:53:36,28/6/17,Day of week:,Wednesday,31.25,Grade Celsius,
22,37.98,W/m^2,19:53:39,28/6/17,Day of week:,Wednesday,31.25,Grade Celsius,
25,35.06,W/m^2,19:53:42,28/6/17,Day of week:,Wednesday,31.25,Grade Celsius,
25,37.98,W/m^2,19:53:45,28/6/17,Day of week:,Wednesday,31.25,Grade Celsius,
24,46.74,W/m^2,19:53:48,28/6/17,Day of week:,Wednesday,31.25,Grade Celsius,
25,35.06,W/m^2,19:53:51,28/6/17,Day of week:,Wednesday,31.25,Grade Celsius,
25,40.90,W/m^2,19:53:54,28/6/17,Day of week:,Wednesday,31.25,Grade Celsius,
25,29.21,W/m^2,19:53:57,28/6/17,Day of week:,Wednesday,31.25,Grade Celsius,
22,30.67,W/m^2,19:54:00,28/6/17,Day of week:,Wednesday,31.19,Grade Celsius,
23,35.06,W/m^2,19:54:03,28/6/17,Day of week:,Wednesday,31.19,Grade Celsius,
23,35.06,W/m^2,19:54:06,28/6/17,Day of week:,Wednesday,31.12,Grade Celsius,
23,35.06,W/m^2,19:54:09,28/6/17,Day of week:,Wednesday,31.19,Grade Celsius,
19,35.06,W/m^2,19:54:12,28/6/17,Day of week:,Wednesday,31.12,Grade Celsius,
19,35.06,W/m^2,19:54:16,28/6/17,Day of week:,Wednesday,31.06,Grade Celsius,
29,37.98,W/m^2,19:54:19,28/6/17,Day of week:,Wednesday,31.06,Grade Celsius,
28,37.98,W/m^2,19:54:22,28/6/17,Day of week:,Wednesday,31.06,Grade Celsius,
24,35.06,W/m^2,19:54:25,28/6/17,Day of week:,Wednesday,31.06,Grade Celsius,
23,35.06,W/m^2,19:54:28,28/6/17,Day of week:,Wednesday,31.06,Grade Celsius,
18,37.98,W/m^2,19:54:31,28/6/17,Day of week:,Wednesday,31.12,Grade Celsius,
26,39.44,W/m^2,19:54:34,28/6/17,Day of week:,Wednesday,31.12,Grade Celsius,
22,32.13,W/m^2,19:54:37,28/6/17,Day of week:,Wednesday,31.06,Grade Celsius,
18,35.06,W/m^2,19:54:40,28/6/17,Day of week:,Wednesday,31.12,Grade Celsius,
25,35.06,W/m^2,19:54:43,28/6/17,Day of week:,Wednesday,31.06,Grade Celsius,
24,35.06,W/m^2,19:54:46,28/6/17,Day of week:,Wednesday,31.12,Grade Celsius,
25,30.67,W/m^2,19:54:49,28/6/17,Day of week:,Wednesday,31.12,Grade Celsius,
25,40.90,W/m^2,19:54:52,28/6/17,Day of week:,Wednesday,31.12,Grade Celsius,
25,37.98,W/m^2,19:54:56,28/6/17,Day of week:,Wednesday,31.12,Grade Celsius,
26,35.06,W/m^2,19:54:59,28/6/17,Day of week:,Wednesday,31.06,Grade Celsius,
24,35.06,W/m^2,19:55:02,28/6/17,Day of week:,Wednesday,31.06,Grade Celsius,
27,35.06,W/m^2,19:55:05,28/6/17,Day of week:,Wednesday,31.06,Grade Celsius,
23,29.21,W/m^2,19:55:08,28/6/17,Day of week:,Wednesday,31.06,Grade Celsius,
24,30.67,W/m^2,19:55:11,28/6/17,Day of week:,Wednesday,31.00,Grade Celsius,
23,35.06,W/m^2,19:55:14,28/6/17,Day of week:,Wednesday,31.06,Grade Celsius,
24,35.06,W/m^2,19:55:17,28/6/17,Day of week:,Wednesday,31.06,Grade Celsius,
20,40.90,W/m^2,19:55:20,28/6/17,Day of week:,Wednesday,31.06,Grade Celsius,
25,37.98,W/m^2,19:55:23,28/6/17,Day of week:,Wednesday,31.06,Grade Celsius,
29,36.52,W/m^2,19:55:26,28/6/17,Day of week:,Wednesday,31.06,Grade Celsius,
24,40.90,W/m^2,19:55:29,28/6/17,Day of week:,Wednesday,31.06,Grade Celsius,
23,35.06,W/m^2,19:55:32,28/6/17,Day of week:,Wednesday,31.00,Grade Celsius,
24,37.98,W/m^2,19:55:35,28/6/17,Day of week:,Wednesday,31.06,Grade Celsius,
26,35.06,W/m^2,19:55:38,28/6/17,Day of week:,Wednesday,31.06,Grade Celsius,
18,35.06,W/m^2,19:55:42,28/6/17,Day of week:,Wednesday,31.06,Grade Celsius,
22,37.98,W/m^2,19:55:45,28/6/17,Day of week:,Wednesday,31.12,Grade Celsius,
28,35.06,W/m^2,19:55:48,28/6/17,Day of week:,Wednesday,31.06,Grade Celsius,
23,35.06,W/m^2,19:55:51,28/6/17,Day of week:,Wednesday,31.06,Grade Celsius,
22,32.13,W/m^2,19:55:54,28/6/17,Day of week:,Wednesday,31.06,Grade Celsius,
25,46.74,W/m^2,19:55:57,28/6/17,Day of week:,Wednesday,31.00,Grade Celsius,
22,35.06,W/m^2,19:56:00,28/6/17,Day of week:,Wednesday,31.06,Grade Celsius,
23,36.52,W/m^2,19:56:03,28/6/17,Day of week:,Wednesday,31.06,Grade Celsius,
20,37.98,W/m^2,19:56:06,28/6/17,Day of week:,Wednesday,31.06,Grade Celsius,
24,36.52,W/m^2,19:56:09,28/6/17,Day of week:,Wednesday,31.06,Grade Celsius,
26,36.52,W/m^2,19:56:12,28/6/17,Day of week:,Wednesday,31.06,Grade Celsius,
25,40.90,W/m^2,19:56:15,28/6/17,Day of week:,Wednesday,31.06,Grade Celsius,
25,37.98,W/m^2,19:56:18,28/6/17,Day of week:,Wednesday,31.06,Grade Celsius,
29,42.36,W/m^2,19:56:21,28/6/17,Day of week:,Wednesday,31.06,Grade Celsius,
19,37.98,W/m^2,19:56:24,28/6/17,Day of week:,Wednesday,31.06,Grade Celsius,
22,35.06,W/m^2,19:56:28,28/6/17,Day of week:,Wednesday,31.12,Grade Celsius,
23,40.90,W/m^2,19:56:31,28/6/17,Day of week:,Wednesday,31.12,Grade Celsius,
25,40.90,W/m^2,19:56:34,28/6/17,Day of week:,Wednesday,31.12,Grade Celsius,
23,35.06,W/m^2,19:56:37,28/6/17,Day of week:,Wednesday,31.12,Grade Celsius,
25,36.52,W/m^2,19:56:40,28/6/17,Day of week:,Wednesday,31.12,Grade Celsius,
25,37.98,W/m^2,19:56:43,28/6/17,Day of week:,Wednesday,31.12,Grade Celsius,
22,29.21,W/m^2,19:56:46,28/6/17,Day of week:,Wednesday,31.06,Grade Celsius,
23,35.06,W/m^2,19:56:49,28/6/17,Day of week:,Wednesday,31.06,Grade Celsius,
23,37.98,W/m^2,19:56:52,28/6/17,Day of week:,Wednesday,31.06,Grade Celsius,
23,37.98,W/m^2,19:56:55,28/6/17,Day of week:,Wednesday,31.12,Grade Celsius,
22,37.98,W/m^2,19:56:58,28/6/17,Day of week:,Wednesday,31.12,Grade Celsius,
19,36.52,W/m^2,19:57:01,28/6/17,Day of week:,Wednesday,31.06,Grade Celsius,
24,36.52,W/m^2,19:57:04,28/6/17,Day of week:,Wednesday,31.06,Grade Celsius,
22,37.98,W/m^2,19:57:07,28/6/17,Day of week:,Wednesday,31.06,Grade Celsius,
25,36.52,W/m^2,19:57:10,28/6/17,Day of week:,Wednesday,31.06,Grade Celsius,
26,35.06,W/m^2,19:57:13,28/6/17,Day of week:,Wednesday,31.06,Grade Celsius,
24,46.74,W/m^2,19:57:17,28/6/17,Day of week:,Wednesday,31.06,Grade Celsius,
27,40.90,W/m^2,19:57:20,28/6/17,Day of week:,Wednesday,31.06,Grade Celsius,
23,29.21,W/m^2,19:57:23,28/6/17,Day of week:,Wednesday,31.06,Grade Celsius,
27,36.52,W/m^2,19:57:26,28/6/17,Day of week:,Wednesday,31.00,Grade Celsius,
23,29.21,W/m^2,19:57:29,28/6/17,Day of week:,Wednesday,31.00,Grade Celsius,
22,35.06,W/m^2,19:57:32,28/6/17,Day of week:,Wednesday,31.00,Grade Celsius,
23,35.06,W/m^2,19:57:35,28/6/17,Day of week:,Wednesday,31.00,Grade Celsius,
24,26.29,W/m^2,19:57:38,28/6/17,Day of week:,Wednesday,31.00,Grade Celsius,
23,39.44,W/m^2,19:57:41,28/6/17,Day of week:,Wednesday,31.00,Grade Celsius,
24,32.13,W/m^2,19:57:44,28/6/17,Day of week:,Wednesday,31.00,Grade Celsius,
23,46.74,W/m^2,19:57:47,28/6/17,Day of week:,Wednesday,31.00,Grade Celsius,
24,40.90,W/m^2,19:57:50,28/6/17,Day of week:,Wednesday,31.00,Grade Celsius,
19,32.13,W/m^2,19:57:53,28/6/17,Day of week:,Wednesday,31.00,Grade Celsius,
23,37.98,W/m^2,19:57:56,28/6/17,Day of week:,Wednesday,30.94,Grade Celsius,
25,32.13,W/m^2,19:58:00,28/6/17,Day of week:,Wednesday,31.00,Grade Celsius,
23,37.98,W/m^2,19:58:03,28/6/17,Day of week:,Wednesday,31.00,Grade Celsius,
23,35.06,W/m^2,19:58:06,28/6/17,Day of week:,Wednesday,31.00,Grade Celsius,
20,33.59,W/m^2,19:58:09,28/6/17,Day of week:,Wednesday,31.00,Grade Celsius,
25,37.98,W/m^2,19:58:12,28/6/17,Day of week:,Wednesday,31.00,Grade Celsius,
27,35.06,W/m^2,19:58:15,28/6/17,Day of week:,Wednesday,31.00,Grade Celsius,
23,29.21,W/m^2,19:58:18,28/6/17,Day of week:,Wednesday,31.06,Grade Celsius,
26,30.67,W/m^2,19:58:21,28/6/17,Day of week:,Wednesday,31.00,Grade Celsius,
24,29.21,W/m^2,19:58:24,28/6/17,Day of week:,Wednesday,31.06,Grade Celsius,
23,29.21,W/m^2,19:58:27,28/6/17,Day of week:,Wednesday,31.06,Grade Celsius,
23,37.98,W/m^2,19:58:30,28/6/17,Day of week:,Wednesday,31.06,Grade Celsius,
21,35.06,W/m^2,19:58:33,28/6/17,Day of week:,Wednesday,31.06,Grade Celsius,
23,37.98,W/m^2,19:58:36,28/6/17,Day of week:,Wednesday,31.12,Grade Celsius,
18,36.52,W/m^2,19:58:39,28/6/17,Day of week:,Wednesday,31.12,Grade Celsius,
19,37.98,W/m^2,19:58:42,28/6/17,Day of week:,Wednesday,31.06,Grade Celsius,
22,46.74,W/m^2,19:58:46,28/6/17,Day of week:,Wednesday,31.12,Grade Celsius,
25,36.52,W/m^2,19:58:49,28/6/17,Day of week:,Wednesday,31.12,Grade Celsius,
24,26.29,W/m^2,19:58:52,28/6/17,Day of week:,Wednesday,31.12,Grade Celsius,
25,35.06,W/m^2,19:58:55,28/6/17,Day of week:,Wednesday,31.12,Grade Celsius,
23,35.06,W/m^2,19:58:58,28/6/17,Day of week:,Wednesday,31.12,Grade Celsius,
19,35.06,W/m^2,19:59:01,28/6/17,Day of week:,Wednesday,31.12,Grade Celsius,
18,30.67,W/m^2,19:59:04,28/6/17,Day of week:,Wednesday,31.12,Grade Celsius,
25,36.52,W/m^2,19:59:07,28/6/17,Day of week:,Wednesday,31.12,Grade Celsius,
25,36.52,W/m^2,19:59:10,28/6/17,Day of week:,Wednesday,31.12,Grade Celsius,
22,36.52,W/m^2,19:59:13,28/6/17,Day of week:,Wednesday,31.12,Grade Celsius,
21,35.06,W/m^2,19:59:16,28/6/17,Day of week:,Wednesday,31.12,Grade Celsius,
23,32.13,W/m^2,19:59:19,28/6/17,Day of week:,Wednesday,31.12,Grade Celsius,
24,40.90,W/m^2,19:59:22,28/6/17,Day of week:,Wednesday,31.06,Grade Celsius,
19,35.06,W/m^2,19:59:25,28/6/17,Day of week:,Wednesday,31.06,Grade Celsius,
22,35.06,W/m^2,19:59:28,28/6/17,Day of week:,Wednesday,31.06,Grade Celsius,
25,35.06,W/m^2,19:59:31,28/6/17,Day of week:,Wednesday,31.00,Grade Celsius,
24,35.06,W/m^2,19:59:35,28/6/17,Day of week:,Wednesday,31.00,Grade Celsius,
24,35.06,W/m^2,19:59:38,28/6/17,Day of week:,Wednesday,31.00,Grade Celsius,
22,35.06,W/m^2,19:59:41,28/6/17,Day of week:,Wednesday,31.00,Grade Celsius,
26,30.67,W/m^2,19:59:44,28/6/17,Day of week:,Wednesday,31.00,Grade Celsius,
22,35.06,W/m^2,19:59:47,28/6/17,Day of week:,Wednesday,31.06,Grade Celsius,
24,36.52,W/m^2,19:59:50,28/6/17,Day of week:,Wednesday,31.06,Grade Celsius,
22,35.06,W/m^2,19:59:53,28/6/17,Day of week:,Wednesday,31.06,Grade Celsius,
22,40.90,W/m^2,19:59:56,28/6/17,Day of week:,Wednesday,31.06,Grade Celsius,
22,36.52,W/m^2,19:59:59,28/6/17,Day of week:,Wednesday,31.06,Grade Celsius,
25,30.67,W/m^2,20:00:02,28/6/17,Day of week:,Wednesday,31.00,Grade Celsius,
17,35.06,W/m^2,20:00:05,28/6/17,Day of week:,Wednesday,31.00,Grade Celsius,
19,29.21,W/m^2,20:00:08,28/6/17,Day of week:,Wednesday,31.00,Grade Celsius,
21,40.90,W/m^2,20:00:11,28/6/17,Day of week:,Wednesday,31.00,Grade Celsius,
24,37.98,W/m^2,20:00:14,28/6/17,Day of week:,Wednesday,31.00,Grade Celsius,
29,37.98,W/m^2,20:00:18,28/6/17,Day of week:,Wednesday,31.00,Grade Celsius,
23,40.90,W/m^2,20:00:21,28/6/17,Day of week:,Wednesday,31.00,Grade Celsius,
23,37.98,W/m^2,20:00:24,28/6/17,Day of week:,Wednesday,31.00,Grade Celsius,
29,40.90,W/m^2,20:00:27,28/6/17,Day of week:,Wednesday,31.00,Grade Celsius,
29,46.74,W/m^2,20:00:30,28/6/17,Day of week:,Wednesday,31.00,Grade Celsius,
22,35.06,W/m^2,20:00:33,28/6/17,Day of week:,Wednesday,31.00,Grade Celsius,
26,37.98,W/m^2,20:00:36,28/6/17,Day of week:,Wednesday,31.00,Grade Celsius,
19,35.06,W/m^2,20:00:39,28/6/17,Day of week:,Wednesday,31.00,Grade Celsius,
25,35.06,W/m^2,20:00:42,28/6/17,Day of week:,Wednesday,31.00,Grade Celsius,
24,35.06,W/m^2,20:00:45,28/6/17,Day of week:,Wednesday,31.00,Grade Celsius,
24,26.29,W/m^2,20:00:48,28/6/17,Day of week:,Wednesday,31.00,Grade Celsius,
23,26.29,W/m^2,20:00:51,28/6/17,Day of week:,Wednesday,31.00,Grade Celsius,
20,32.13,W/m^2,20:00:54,28/6/17,Day of week:,Wednesday,31.00,Grade Celsius,
25,35.06,W/m^2,20:00:57,28/6/17,Day of week:,Wednesday,31.00,Grade Celsius,
18,35.06,W/m^2,20:01:00,28/6/17,Day of week:,Wednesday,31.00,Grade Celsius,
23,35.06,W/m^2,20:01:04,28/6/17,Day of week:,Wednesday,31.00,Grade Celsius,
24,36.52,W/m^2,20:01:07,28/6/17,Day of week:,Wednesday,31.00,Grade Celsius,
19,37.98,W/m^2,20:01:10,28/6/17,Day of week:,Wednesday,31.00,Grade Celsius,
19,29.21,W/m^2,20:01:13,28/6/17,Day of week:,Wednesday,31.00,Grade Celsius,
22,35.06,W/m^2,20:01:16,28/6/17,Day of week:,Wednesday,31.00,Grade Celsius,
22,35.06,W/m^2,20:01:19,28/6/17,Day of week:,Wednesday,31.00,Grade Celsius,
19,37.98,W/m^2,20:01:22,28/6/17,Day of week:,Wednesday,31.00,Grade Celsius,
23,37.98,W/m^2,20:01:25,28/6/17,Day of week:,Wednesday,31.00,Grade Celsius,
28,36.52,W/m^2,20:01:28,28/6/17,Day of week:,Wednesday,31.00,Grade Celsius,
27,32.13,W/m^2,20:01:31,28/6/17,Day of week:,Wednesday,31.00,Grade Celsius,
24,35.06,W/m^2,20:01:34,28/6/17,Day of week:,Wednesday,31.00,Grade Celsius,
21,30.67,W/m^2,20:01:37,28/6/17,Day of week:,Wednesday,31.00,Grade Celsius,
22,32.13,W/m^2,20:01:40,28/6/17,Day of week:,Wednesday,31.00,Grade Celsius,
21,35.06,W/m^2,20:01:43,28/6/17,Day of week:,Wednesday,30.94,Grade Celsius,
22,35.06,W/m^2,20:01:46,28/6/17,Day of week:,Wednesday,30.87,Grade Celsius,
25,30.67,W/m^2,20:01:50,28/6/17,Day of week:,Wednesday,30.87,Grade Celsius,
22,35.06,W/m^2,20:01:53,28/6/17,Day of week:,Wednesday,30.87,Grade Celsius,
21,35.06,W/m^2,20:01:56,28/6/17,Day of week:,Wednesday,30.87,Grade Celsius,
19,35.06,W/m^2,20:01:59,28/6/17,Day of week:,Wednesday,30.87,Grade Celsius,
22,29.21,W/m^2,20:02:02,28/6/17,Day of week:,Wednesday,30.87,Grade Celsius,
23,35.06,W/m^2,20:02:05,28/6/17,Day of week:,Wednesday,30.87,Grade Celsius,
22,35.06,W/m^2,20:02:08,28/6/17,Day of week:,Wednesday,30.87,Grade Celsius,
19,26.29,W/m^2,20:02:11,28/6/17,Day of week:,Wednesday,30.87,Grade Celsius,
19,35.06,W/m^2,20:02:14,28/6/17,Day of week:,Wednesday,30.94,Grade Celsius,
22,37.98,W/m^2,20:02:17,28/6/17,Day of week:,Wednesday,30.94,Grade Celsius,
21,35.06,W/m^2,20:02:20,28/6/17,Day of week:,Wednesday,30.94,Grade Celsius,
20,40.90,W/m^2,20:02:23,28/6/17,Day of week:,Wednesday,30.94,Grade Celsius,
25,36.52,W/m^2,20:02:26,28/6/17,Day of week:,Wednesday,30.94,Grade Celsius,
22,35.06,W/m^2,20:02:29,28/6/17,Day of week:,Wednesday,31.00,Grade Celsius,
23,35.06,W/m^2,20:02:32,28/6/17,Day of week:,Wednesday,31.00,Grade Celsius,
23,37.98,W/m^2,20:02:36,28/6/17,Day of week:,Wednesday,31.00,Grade Celsius,
18,36.52,W/m^2,20:02:39,28/6/17,Day of week:,Wednesday,30.94,Grade Celsius,
19,40.90,W/m^2,20:02:42,28/6/17,Day of week:,Wednesday,30.94,Grade Celsius,
25,35.06,W/m^2,20:02:45,28/6/17,Day of week:,Wednesday,30.94,Grade Celsius,
24,35.06,W/m^2,20:02:48,28/6/17,Day of week:,Wednesday,30.94,Grade Celsius,
21,30.67,W/m^2,20:02:51,28/6/17,Day of week:,Wednesday,31.00,Grade Celsius,
25,35.06,W/m^2,20:02:54,28/6/17,Day of week:,Wednesday,30.94,Grade Celsius,
22,29.21,W/m^2,20:02:57,28/6/17,Day of week:,Wednesday,31.00,Grade Celsius,
19,29.21,W/m^2,20:03:00,28/6/17,Day of week:,Wednesday,31.00,Grade Celsius,
25,35.06,W/m^2,20:03:03,28/6/17,Day of week:,Wednesday,30.94,Grade Celsius,
19,40.90,W/m^2,20:03:06,28/6/17,Day of week:,Wednesday,30.94,Grade Celsius,
20,35.06,W/m^2,20:03:09,28/6/17,Day of week:,Wednesday,30.94,Grade Celsius,
25,33.59,W/m^2,20:03:12,28/6/17,Day of week:,Wednesday,30.94,Grade Celsius,
27,29.21,W/m^2,20:03:15,28/6/17,Day of week:,Wednesday,30.94,Grade Celsius,
20,32.13,W/m^2,20:03:18,28/6/17,Day of week:,Wednesday,30.94,Grade Celsius,
24,35.06,W/m^2,20:03:22,28/6/17,Day of week:,Wednesday,30.94,Grade Celsius,
23,35.06,W/m^2,20:03:25,28/6/17,Day of week:,Wednesday,30.94,Grade Celsius,
22,35.06,W/m^2,20:03:28,28/6/17,Day of week:,Wednesday,30.87,Grade Celsius,
22,37.98,W/m^2,20:03:31,28/6/17,Day of week:,Wednesday,30.94,Grade Celsius,
27,36.52,W/m^2,20:03:34,28/6/17,Day of week:,Wednesday,30.94,Grade Celsius,
22,29.21,W/m^2,20:03:37,28/6/17,Day of week:,Wednesday,30.94,Grade Celsius,
18,35.06,W/m^2,20:03:40,28/6/17,Day of week:,Wednesday,30.94,Grade Celsius,
23,35.06,W/m^2,20:03:43,28/6/17,Day of week:,Wednesday,30.94,Grade Celsius,
19,32.13,W/m^2,20:03:46,28/6/17,Day of week:,Wednesday,31.00,Grade Celsius,
26,37.98,W/m^2,20:03:49,28/6/17,Day of week:,Wednesday,31.00,Grade Celsius,
22,35.06,W/m^2,20:03:52,28/6/17,Day of week:,Wednesday,31.00,Grade Celsius,
25,35.06,W/m^2,20:03:55,28/6/17,Day of week:,Wednesday,31.00,Grade Celsius,
23,35.06,W/m^2,20:03:58,28/6/17,Day of week:,Wednesday,31.00,Grade Celsius,
19,35.06,W/m^2,20:04:01,28/6/17,Day of week:,Wednesday,31.00,Grade Celsius,
19,35.06,W/m^2,20:04:04,28/6/17,Day of week:,Wednesday,31.00,Grade Celsius,
23,35.06,W/m^2,20:04:08,28/6/17,Day of week:,Wednesday,31.00,Grade Celsius,
19,40.90,W/m^2,20:04:11,28/6/17,Day of week:,Wednesday,31.00,Grade Celsius,
27,36.52,W/m^2,20:04:14,28/6/17,Day of week:,Wednesday,31.00,Grade Celsius,
25,35.06,W/m^2,20:04:17,28/6/17,Day of week:,Wednesday,31.00,Grade Celsius,
25,35.06,W/m^2,20:04:20,28/6/17,Day of week:,Wednesday,31.00,Grade Celsius,
18,29.21,W/m^2,20:04:23,28/6/17,Day of week:,Wednesday,31.00,Grade Celsius,
22,40.90,W/m^2,20:04:26,28/6/17,Day of week:,Wednesday,31.00,Grade Celsius,
26,35.06,W/m^2,20:04:29,28/6/17,Day of week:,Wednesday,31.00,Grade Celsius,
24,37.98,W/m^2,20:04:32,28/6/17,Day of week:,Wednesday,31.00,Grade Celsius,
24,35.06,W/m^2,20:04:35,28/6/17,Day of week:,Wednesday,31.00,Grade Celsius,
26,35.06,W/m^2,20:04:38,28/6/17,Day of week:,Wednesday,31.00,Grade Celsius,
23,35.06,W/m^2,20:04:41,28/6/17,Day of week:,Wednesday,31.00,Grade Celsius,
22,32.13,W/m^2,20:04:44,28/6/17,Day of week:,Wednesday,31.00,Grade Celsius,
24,35.06,W/m^2,20:04:47,28/6/17,Day of week:,Wednesday,31.00,Grade Celsius,
23,35.06,W/m^2,20:04:50,28/6/17,Day of week:,Wednesday,31.00,Grade Celsius,
24,35.06,W/m^2,20:04:53,28/6/17,Day of week:,Wednesday,31.00,Grade Celsius,
26,35.06,W/m^2,20:04:57,28/6/17,Day of week:,Wednesday,31.00,Grade Celsius,
21,30.67,W/m^2,20:05:00,28/6/17,Day of week:,Wednesday,31.00,Grade Celsius,
18,35.06,W/m^2,20:05:03,28/6/17,Day of week:,Wednesday,31.00,Grade Celsius,
25,35.06,W/m^2,20:05:06,28/6/17,Day of week:,Wednesday,31.00,Grade Celsius,
22,35.06,W/m^2,20:05:09,28/6/17,Day of week:,Wednesday,31.00,Grade Celsius,
19,40.90,W/m^2,20:05:12,28/6/17,Day of week:,Wednesday,31.00,Grade Celsius,
19,35.06,W/m^2,20:05:15,28/6/17,Day of week:,Wednesday,31.00,Grade Celsius,
20,35.06,W/m^2,20:05:18,28/6/17,Day of week:,Wednesday,30.94,Grade Celsius,
25,36.52,W/m^2,20:05:21,28/6/17,Day of week:,Wednesday,30.94,Grade Celsius,
22,40.90,W/m^2,20:05:24,28/6/17,Day of week:,Wednesday,30.94,Grade Celsius,
23,40.90,W/m^2,20:05:27,28/6/17,Day of week:,Wednesday,30.94,Grade Celsius,
21,40.90,W/m^2,20:05:30,28/6/17,Day of week:,Wednesday,30.94,Grade Celsius,
24,35.06,W/m^2,20:05:34,28/6/17,Day of week:,Wednesday,30.87,Grade Celsius,
19,35.06,W/m^2,20:05:37,28/6/17,Day of week:,Wednesday,30.94,Grade Celsius,
19,35.06,W/m^2,20:05:40,28/6/17,Day of week:,Wednesday,30.94,Grade Celsius,
22,30.67,W/m^2,20:05:43,28/6/17,Day of week:,Wednesday,30.94,Grade Celsius,
19,35.06,W/m^2,20:05:46,28/6/17,Day of week:,Wednesday,30.94,Grade Celsius,
22,40.90,W/m^2,20:05:49,28/6/17,Day of week:,Wednesday,30.94,Grade Celsius,
22,35.06,W/m^2,20:05:52,28/6/17,Day of week:,Wednesday,30.94,Grade Celsius,
25,32.13,W/m^2,20:05:55,28/6/17,Day of week:,Wednesday,30.94,Grade Celsius,
21,35.06,W/m^2,20:05:58,28/6/17,Day of week:,Wednesday,30.94,Grade Celsius,
23,35.06,W/m^2,20:06:01,28/6/17,Day of week:,Wednesday,30.87,Grade Celsius,
22,36.52,W/m^2,20:06:04,28/6/17,Day of week:,Wednesday,30.94,Grade Celsius,
19,29.21,W/m^2,20:06:07,28/6/17,Day of week:,Wednesday,30.94,Grade Celsius,
23,35.06,W/m^2,20:06:10,28/6/17,Day of week:,Wednesday,31.00,Grade Celsius,
23,35.06,W/m^2,20:06:13,28/6/17,Day of week:,Wednesday,30.94,Grade Celsius,
21,35.06,W/m^2,20:06:16,28/6/17,Day of week:,Wednesday,31.00,Grade Celsius,
24,35.06,W/m^2,20:06:20,28/6/17,Day of week:,Wednesday,31.00,Grade Celsius,
23,35.06,W/m^2,20:06:23,28/6/17,Day of week:,Wednesday,31.00,Grade Celsius,
25,35.06,W/m^2,20:06:26,28/6/17,Day of week:,Wednesday,31.00,Grade Celsius,
22,37.98,W/m^2,20:06:29,28/6/17,Day of week:,Wednesday,31.00,Grade Celsius,
23,35.06,W/m^2,20:06:32,28/6/17,Day of week:,Wednesday,31.00,Grade Celsius,
27,37.98,W/m^2,20:06:35,28/6/17,Day of week:,Wednesday,31.00,Grade Celsius,
21,40.90,W/m^2,20:06:38,28/6/17,Day of week:,Wednesday,31.00,Grade Celsius,
23,24.83,W/m^2,20:06:41,28/6/17,Day of week:,Wednesday,31.00,Grade Celsius,
18,35.06,W/m^2,20:06:44,28/6/17,Day of week:,Wednesday,31.00,Grade Celsius,
27,37.98,W/m^2,20:06:47,28/6/17,Day of week:,Wednesday,31.00,Grade Celsius,
20,36.52,W/m^2,20:06:50,28/6/17,Day of week:,Wednesday,31.00,Grade Celsius,
22,35.06,W/m^2,20:06:53,28/6/17,Day of week:,Wednesday,30.94,Grade Celsius,
23,30.67,W/m^2,20:06:56,28/6/17,Day of week:,Wednesday,30.94,Grade Celsius,
22,35.06,W/m^2,20:06:59,28/6/17,Day of week:,Wednesday,30.94,Grade Celsius,
25,35.06,W/m^2,20:07:02,28/6/17,Day of week:,Wednesday,30.94,Grade Celsius,
24,29.21,W/m^2,20:07:05,28/6/17,Day of week:,Wednesday,30.87,Grade Celsius,
22,37.98,W/m^2,20:07:09,28/6/17,Day of week:,Wednesday,30.87,Grade Celsius,
22,37.98,W/m^2,20:07:12,28/6/17,Day of week:,Wednesday,30.87,Grade Celsius,
23,36.52,W/m^2,20:07:15,28/6/17,Day of week:,Wednesday,30.87,Grade Celsius,
23,35.06,W/m^2,20:07:18,28/6/17,Day of week:,Wednesday,30.87,Grade Celsius,
24,26.29,W/m^2,20:07:21,28/6/17,Day of week:,Wednesday,30.87,Grade Celsius,
21,35.06,W/m^2,20:07:24,28/6/17,Day of week:,Wednesday,30.87,Grade Celsius,
22,35.06,W/m^2,20:07:27,28/6/17,Day of week:,Wednesday,30.87,Grade Celsius,
19,35.06,W/m^2,20:07:30,28/6/17,Day of week:,Wednesday,30.87,Grade Celsius,
21,29.21,W/m^2,20:07:33,28/6/17,Day of week:,Wednesday,30.87,Grade Celsius,
22,40.90,W/m^2,20:07:36,28/6/17,Day of week:,Wednesday,30.87,Grade Celsius,
23,35.06,W/m^2,20:07:39,28/6/17,Day of week:,Wednesday,30.87,Grade Celsius,
20,40.90,W/m^2,20:07:42,28/6/17,Day of week:,Wednesday,30.94,Grade Celsius,
18,29.21,W/m^2,20:07:45,28/6/17,Day of week:,Wednesday,30.87,Grade Celsius,
24,36.52,W/m^2,20:07:48,28/6/17,Day of week:,Wednesday,30.94,Grade Celsius,
24,35.06,W/m^2,20:07:52,28/6/17,Day of week:,Wednesday,30.94,Grade Celsius,
19,35.06,W/m^2,20:07:55,28/6/17,Day of week:,Wednesday,30.94,Grade Celsius,
23,35.06,W/m^2,20:07:58,28/6/17,Day of week:,Wednesday,30.94,Grade Celsius,
19,30.67,W/m^2,20:08:01,28/6/17,Day of week:,Wednesday,30.94,Grade Celsius,
21,29.21,W/m^2,20:08:04,28/6/17,Day of week:,Wednesday,30.94,Grade Celsius,
22,35.06,W/m^2,20:08:07,28/6/17,Day of week:,Wednesday,30.94,Grade Celsius,
16,32.13,W/m^2,20:08:10,28/6/17,Day of week:,Wednesday,30.94,Grade Celsius,
21,29.21,W/m^2,20:08:13,28/6/17,Day of week:,Wednesday,30.94,Grade Celsius,
24,35.06,W/m^2,20:08:16,28/6/17,Day of week:,Wednesday,30.94,Grade Celsius,
22,30.67,W/m^2,20:08:19,28/6/17,Day of week:,Wednesday,30.94,Grade Celsius,
17,26.29,W/m^2,20:08:22,28/6/17,Day of week:,Wednesday,30.87,Grade Celsius,
22,35.06,W/m^2,20:08:25,28/6/17,Day of week:,Wednesday,30.87,Grade Celsius,
23,35.06,W/m^2,20:08:28,28/6/17,Day of week:,Wednesday,30.94,Grade Celsius,
24,35.06,W/m^2,20:08:31,28/6/17,Day of week:,Wednesday,30.94,Grade Celsius,
22,40.90,W/m^2,20:08:34,28/6/17,Day of week:,Wednesday,30.87,Grade Celsius,
18,35.06,W/m^2,20:08:37,28/6/17,Day of week:,Wednesday,30.87,Grade Celsius,
21,29.21,W/m^2,20:08:41,28/6/17,Day of week:,Wednesday,30.87,Grade Celsius,
24,29.21,W/m^2,20:08:44,28/6/17,Day of week:,Wednesday,30.87,Grade Celsius,
26,35.06,W/m^2,20:08:47,28/6/17,Day of week:,Wednesday,30.87,Grade Celsius,
20,35.06,W/m^2,20:08:50,28/6/17,Day of week:,Wednesday,30.87,Grade Celsius,
19,35.06,W/m^2,20:08:53,28/6/17,Day of week:,Wednesday,30.87,Grade Celsius,
18,27.75,W/m^2,20:08:56,28/6/17,Day of week:,Wednesday,30.94,Grade Celsius,
24,40.90,W/m^2,20:08:59,28/6/17,Day of week:,Wednesday,30.94,Grade Celsius,
23,30.67,W/m^2,20:09:02,28/6/17,Day of week:,Wednesday,30.94,Grade Celsius,
22,35.06,W/m^2,20:09:05,28/6/17,Day of week:,Wednesday,30.94,Grade Celsius,
18,32.13,W/m^2,20:09:08,28/6/17,Day of week:,Wednesday,30.94,Grade Celsius,
22,30.67,W/m^2,20:09:11,28/6/17,Day of week:,Wednesday,30.94,Grade Celsius,
20,29.21,W/m^2,20:09:14,28/6/17,Day of week:,Wednesday,30.94,Grade Celsius,
17,35.06,W/m^2,20:09:17,28/6/17,Day of week:,Wednesday,30.87,Grade Celsius,
23,35.06,W/m^2,20:09:20,28/6/17,Day of week:,Wednesday,30.94,Grade Celsius,
23,29.21,W/m^2,20:09:23,28/6/17,Day of week:,Wednesday,30.94,Grade Celsius,
21,29.21,W/m^2,20:09:27,28/6/17,Day of week:,Wednesday,30.94,Grade Celsius,
20,35.06,W/m^2,20:09:30,28/6/17,Day of week:,Wednesday,30.94,Grade Celsius,
16,35.06,W/m^2,20:09:33,28/6/17,Day of week:,Wednesday,30.87,Grade Celsius,
21,35.06,W/m^2,20:09:36,28/6/17,Day of week:,Wednesday,30.87,Grade Celsius,
22,29.21,W/m^2,20:09:39,28/6/17,Day of week:,Wednesday,30.87,Grade Celsius,
20,36.52,W/m^2,20:09:42,28/6/17,Day of week:,Wednesday,30.87,Grade Celsius,
21,33.59,W/m^2,20:09:45,28/6/17,Day of week:,Wednesday,30.87,Grade Celsius,
25,35.06,W/m^2,20:09:48,28/6/17,Day of week:,Wednesday,30.87,Grade Celsius,
21,46.74,W/m^2,20:09:51,28/6/17,Day of week:,Wednesday,30.87,Grade Celsius,
21,35.06,W/m^2,20:09:54,28/6/17,Day of week:,Wednesday,30.87,Grade Celsius,
22,35.06,W/m^2,20:09:57,28/6/17,Day of week:,Wednesday,30.87,Grade Celsius,
22,32.13,W/m^2,20:10:00,28/6/17,Day of week:,Wednesday,30.87,Grade Celsius,
23,35.06,W/m^2,20:10:03,28/6/17,Day of week:,Wednesday,30.87,Grade Celsius,
22,26.29,W/m^2,20:10:06,28/6/17,Day of week:,Wednesday,30.94,Grade Celsius,
21,29.21,W/m^2,20:10:09,28/6/17,Day of week:,Wednesday,30.94,Grade Celsius,
21,35.06,W/m^2,20:10:13,28/6/17,Day of week:,Wednesday,30.94,Grade Celsius,
20,32.13,W/m^2,20:10:16,28/6/17,Day of week:,Wednesday,30.87,Grade Celsius,
21,29.21,W/m^2,20:10:19,28/6/17,Day of week:,Wednesday,30.94,Grade Celsius,
26,35.06,W/m^2,20:10:22,28/6/17,Day of week:,Wednesday,30.94,Grade Celsius,
23,35.06,W/m^2,20:10:25,28/6/17,Day of week:,Wednesday,30.94,Grade Celsius,
16,26.29,W/m^2,20:10:28,28/6/17,Day of week:,Wednesday,30.94,Grade Celsius,
21,35.06,W/m^2,20:10:31,28/6/17,Day of week:,Wednesday,30.94,Grade Celsius,
20,23.37,W/m^2,20:10:34,28/6/17,Day of week:,Wednesday,30.94,Grade Celsius,
18,35.06,W/m^2,20:10:37,28/6/17,Day of week:,Wednesday,30.94,Grade Celsius,
21,35.06,W/m^2,20:10:40,28/6/17,Day of week:,Wednesday,30.94,Grade Celsius,
22,35.06,W/m^2,20:10:43,28/6/17,Day of week:,Wednesday,30.94,Grade Celsius,
20,29.21,W/m^2,20:10:46,28/6/17,Day of week:,Wednesday,30.94,Grade Celsius,
19,29.21,W/m^2,20:10:49,28/6/17,Day of week:,Wednesday,30.94,Grade Celsius,
22,35.06,W/m^2,20:10:52,28/6/17,Day of week:,Wednesday,30.94,Grade Celsius,
18,35.06,W/m^2,20:10:56,28/6/17,Day of week:,Wednesday,30.94,Grade Celsius,
17,35.06,W/m^2,20:10:59,28/6/17,Day of week:,Wednesday,30.87,Grade Celsius,
21,35.06,W/m^2,20:11:02,28/6/17,Day of week:,Wednesday,30.87,Grade Celsius,
22,29.21,W/m^2,20:11:05,28/6/17,Day of week:,Wednesday,30.87,Grade Celsius,
22,35.06,W/m^2,20:11:08,28/6/17,Day of week:,Wednesday,30.87,Grade Celsius,
19,29.21,W/m^2,20:11:11,28/6/17,Day of week:,Wednesday,30.81,Grade Celsius,
21,32.13,W/m^2,20:11:14,28/6/17,Day of week:,Wednesday,30.81,Grade Celsius,
20,26.29,W/m^2,20:11:17,28/6/17,Day of week:,Wednesday,30.81,Grade Celsius,
17,23.37,W/m^2,20:11:20,28/6/17,Day of week:,Wednesday,30.81,Grade Celsius,
21,35.06,W/m^2,20:11:23,28/6/17,Day of week:,Wednesday,30.81,Grade Celsius,
19,32.13,W/m^2,20:11:26,28/6/17,Day of week:,Wednesday,30.81,Grade Celsius,
19,23.37,W/m^2,20:11:29,28/6/17,Day of week:,Wednesday,30.87,Grade Celsius,
21,35.06,W/m^2,20:11:32,28/6/17,Day of week:,Wednesday,30.87,Grade Celsius,
19,29.21,W/m^2,20:11:35,28/6/17,Day of week:,Wednesday,30.87,Grade Celsius,
19,26.29,W/m^2,20:11:38,28/6/17,Day of week:,Wednesday,30.87,Grade Celsius,
21,35.06,W/m^2,20:11:41,28/6/17,Day of week:,Wednesday,30.81,Grade Celsius,
21,29.21,W/m^2,20:11:45,28/6/17,Day of week:,Wednesday,30.81,Grade Celsius,
19,29.21,W/m^2,20:11:48,28/6/17,Day of week:,Wednesday,30.81,Grade Celsius,
21,29.21,W/m^2,20:11:51,28/6/17,Day of week:,Wednesday,30.81,Grade Celsius,
23,27.75,W/m^2,20:11:54,28/6/17,Day of week:,Wednesday,30.81,Grade Celsius,
18,27.75,W/m^2,20:11:57,28/6/17,Day of week:,Wednesday,30.81,Grade Celsius,
18,26.29,W/m^2,20:12:00,28/6/17,Day of week:,Wednesday,30.81,Grade Celsius,
19,35.06,W/m^2,20:12:03,28/6/17,Day of week:,Wednesday,30.81,Grade Celsius,
20,35.06,W/m^2,20:12:06,28/6/17,Day of week:,Wednesday,30.81,Grade Celsius,
20,29.21,W/m^2,20:12:09,28/6/17,Day of week:,Wednesday,30.81,Grade Celsius,
19,35.06,W/m^2,20:12:12,28/6/17,Day of week:,Wednesday,30.75,Grade Celsius,
21,26.29,W/m^2,20:12:15,28/6/17,Day of week:,Wednesday,30.81,Grade Celsius,
21,35.06,W/m^2,20:12:18,28/6/17,Day of week:,Wednesday,30.75,Grade Celsius,
20,26.29,W/m^2,20:12:21,28/6/17,Day of week:,Wednesday,30.75,Grade Celsius,
15,24.83,W/m^2,20:12:24,28/6/17,Day of week:,Wednesday,30.75,Grade Celsius,
19,32.13,W/m^2,20:12:28,28/6/17,Day of week:,Wednesday,30.75,Grade Celsius,
19,29.21,W/m^2,20:12:31,28/6/17,Day of week:,Wednesday,30.81,Grade Celsius,
21,35.06,W/m^2,20:12:34,28/6/17,Day of week:,Wednesday,30.81,Grade Celsius,
19,29.21,W/m^2,20:12:37,28/6/17,Day of week:,Wednesday,30.81,Grade Celsius,
19,29.21,W/m^2,20:12:40,28/6/17,Day of week:,Wednesday,30.81,Grade Celsius,
21,35.06,W/m^2,20:12:43,28/6/17,Day of week:,Wednesday,30.81,Grade Celsius,
17,23.37,W/m^2,20:12:46,28/6/17,Day of week:,Wednesday,30.81,Grade Celsius,
17,23.37,W/m^2,20:12:49,28/6/17,Day of week:,Wednesday,30.87,Grade Celsius,
18,24.83,W/m^2,20:12:52,28/6/17,Day of week:,Wednesday,30.81,Grade Celsius,
19,29.21,W/m^2,20:12:55,28/6/17,Day of week:,Wednesday,30.81,Grade Celsius,
20,30.67,W/m^2,20:12:58,28/6/17,Day of week:,Wednesday,30.81,Grade Celsius,
16,26.29,W/m^2,20:13:01,28/6/17,Day of week:,Wednesday,30.81,Grade Celsius,
15,23.37,W/m^2,20:13:04,28/6/17,Day of week:,Wednesday,30.81,Grade Celsius,
18,35.06,W/m^2,20:13:07,28/6/17,Day of week:,Wednesday,30.81,Grade Celsius,
21,26.29,W/m^2,20:13:10,28/6/17,Day of week:,Wednesday,30.81,Grade Celsius,
22,23.37,W/m^2,20:13:13,28/6/17,Day of week:,Wednesday,30.81,Grade Celsius,
21,30.67,W/m^2,20:13:17,28/6/17,Day of week:,Wednesday,30.81,Grade Celsius,
17,23.37,W/m^2,20:13:20,28/6/17,Day of week:,Wednesday,30.81,Grade Celsius,
18,35.06,W/m^2,20:13:23,28/6/17,Day of week:,Wednesday,30.81,Grade Celsius,
17,26.29,W/m^2,20:13:26,28/6/17,Day of week:,Wednesday,30.81,Grade Celsius,
19,29.21,W/m^2,20:13:29,28/6/17,Day of week:,Wednesday,30.81,Grade Celsius,
18,29.21,W/m^2,20:13:32,28/6/17,Day of week:,Wednesday,30.75,Grade Celsius,
15,35.06,W/m^2,20:13:35,28/6/17,Day of week:,Wednesday,30.75,Grade Celsius,
20,35.06,W/m^2,20:13:38,28/6/17,Day of week:,Wednesday,30.75,Grade Celsius,
22,23.37,W/m^2,20:13:41,28/6/17,Day of week:,Wednesday,30.81,Grade Celsius,
19,32.13,W/m^2,20:13:44,28/6/17,Day of week:,Wednesday,30.75,Grade Celsius,
21,32.13,W/m^2,20:13:47,28/6/17,Day of week:,Wednesday,30.75,Grade Celsius,
17,35.06,W/m^2,20:13:50,28/6/17,Day of week:,Wednesday,30.75,Grade Celsius,
20,29.21,W/m^2,20:13:53,28/6/17,Day of week:,Wednesday,30.75,Grade Celsius,
19,23.37,W/m^2,20:13:56,28/6/17,Day of week:,Wednesday,30.75,Grade Celsius,
21,29.21,W/m^2,20:13:59,28/6/17,Day of week:,Wednesday,30.75,Grade Celsius,
16,29.21,W/m^2,20:14:03,28/6/17,Day of week:,Wednesday,30.75,Grade Celsius,
19,23.37,W/m^2,20:14:06,28/6/17,Day of week:,Wednesday,30.75,Grade Celsius,
16,26.29,W/m^2,20:14:09,28/6/17,Day of week:,Wednesday,30.75,Grade Celsius,
19,26.29,W/m^2,20:14:12,28/6/17,Day of week:,Wednesday,30.75,Grade Celsius,
20,35.06,W/m^2,20:14:15,28/6/17,Day of week:,Wednesday,30.75,Grade Celsius,
16,29.21,W/m^2,20:14:18,28/6/17,Day of week:,Wednesday,30.75,Grade Celsius,
16,26.29,W/m^2,20:14:21,28/6/17,Day of week:,Wednesday,30.75,Grade Celsius,
17,35.06,W/m^2,20:14:24,28/6/17,Day of week:,Wednesday,30.75,Grade Celsius,
19,29.21,W/m^2,20:14:27,28/6/17,Day of week:,Wednesday,30.75,Grade Celsius,
18,24.83,W/m^2,20:14:30,28/6/17,Day of week:,Wednesday,30.75,Grade Celsius,
14,24.83,W/m^2,20:14:33,28/6/17,Day of week:,Wednesday,30.75,Grade Celsius,
14,26.29,W/m^2,20:14:36,28/6/17,Day of week:,Wednesday,30.69,Grade Celsius,
16,29.21,W/m^2,20:14:39,28/6/17,Day of week:,Wednesday,30.69,Grade Celsius,
18,29.21,W/m^2,20:14:42,28/6/17,Day of week:,Wednesday,30.69,Grade Celsius,
13,24.83,W/m^2,20:14:45,28/6/17,Day of week:,Wednesday,30.69,Grade Celsius,
17,26.29,W/m^2,20:14:49,28/6/17,Day of week:,Wednesday,30.69,Grade Celsius,
20,26.29,W/m^2,20:14:52,28/6/17,Day of week:,Wednesday,30.75,Grade Celsius,
18,29.21,W/m^2,20:14:55,28/6/17,Day of week:,Wednesday,30.75,Grade Celsius,
19,27.75,W/m^2,20:14:58,28/6/17,Day of week:,Wednesday,30.75,Grade Celsius,
17,23.37,W/m^2,20:15:01,28/6/17,Day of week:,Wednesday,30.75,Grade Celsius,
15,29.21,W/m^2,20:15:04,28/6/17,Day of week:,Wednesday,30.75,Grade Celsius,
20,29.21,W/m^2,20:15:07,28/6/17,Day of week:,Wednesday,30.75,Grade Celsius,
19,23.37,W/m^2,20:15:10,28/6/17,Day of week:,Wednesday,30.81,Grade Celsius,
19,26.29,W/m^2,20:15:13,28/6/17,Day of week:,Wednesday,30.75,Grade Celsius,
17,29.21,W/m^2,20:15:16,28/6/17,Day of week:,Wednesday,30.75,Grade Celsius,
18,23.37,W/m^2,20:15:19,28/6/17,Day of week:,Wednesday,30.75,Grade Celsius,
11,24.83,W/m^2,20:15:22,28/6/17,Day of week:,Wednesday,30.75,Grade Celsius,
16,26.29,W/m^2,20:15:25,28/6/17,Day of week:,Wednesday,30.75,Grade Celsius,
18,29.21,W/m^2,20:15:28,28/6/17,Day of week:,Wednesday,30.75,Grade Celsius,
18,24.83,W/m^2,20:15:31,28/6/17,Day of week:,Wednesday,30.75,Grade Celsius,
19,29.21,W/m^2,20:15:35,28/6/17,Day of week:,Wednesday,30.75,Grade Celsius,
18,24.83,W/m^2,20:15:38,28/6/17,Day of week:,Wednesday,30.75,Grade Celsius,
16,29.21,W/m^2,20:15:41,28/6/17,Day of week:,Wednesday,30.75,Grade Celsius,
17,29.21,W/m^2,20:15:44,28/6/17,Day of week:,Wednesday,30.75,Grade Celsius,
16,26.29,W/m^2,20:15:47,28/6/17,Day of week:,Wednesday,30.75,Grade Celsius,
16,23.37,W/m^2,20:15:50,28/6/17,Day of week:,Wednesday,30.75,Grade Celsius,
17,26.29,W/m^2,20:15:53,28/6/17,Day of week:,Wednesday,30.81,Grade Celsius,
16,30.67,W/m^2,20:15:56,28/6/17,Day of week:,Wednesday,30.81,Grade Celsius,
18,23.37,W/m^2,20:15:59,28/6/17,Day of week:,Wednesday,30.81,Grade Celsius,
18,29.21,W/m^2,20:16:02,28/6/17,Day of week:,Wednesday,30.81,Grade Celsius,
15,29.21,W/m^2,20:16:05,28/6/17,Day of week:,Wednesday,30.81,Grade Celsius,
17,23.37,W/m^2,20:16:08,28/6/17,Day of week:,Wednesday,30.81,Grade Celsius,
16,26.29,W/m^2,20:16:11,28/6/17,Day of week:,Wednesday,30.75,Grade Celsius,
16,26.29,W/m^2,20:16:14,28/6/17,Day of week:,Wednesday,30.75,Grade Celsius,
16,29.21,W/m^2,20:16:17,28/6/17,Day of week:,Wednesday,30.75,Grade Celsius,
17,23.37,W/m^2,20:16:21,28/6/17,Day of week:,Wednesday,30.75,Grade Celsius,
17,23.37,W/m^2,20:16:24,28/6/17,Day of week:,Wednesday,30.75,Grade Celsius,
18,29.21,W/m^2,20:16:27,28/6/17,Day of week:,Wednesday,30.75,Grade Celsius,
17,26.29,W/m^2,20:16:30,28/6/17,Day of week:,Wednesday,30.75,Grade Celsius,
14,29.21,W/m^2,20:16:33,28/6/17,Day of week:,Wednesday,30.69,Grade Celsius,
17,23.37,W/m^2,20:16:36,28/6/17,Day of week:,Wednesday,30.69,Grade Celsius,
19,23.37,W/m^2,20:16:39,28/6/17,Day of week:,Wednesday,30.69,Grade Celsius,
16,29.21,W/m^2,20:16:42,28/6/17,Day of week:,Wednesday,30.69,Grade Celsius,
16,23.37,W/m^2,20:16:45,28/6/17,Day of week:,Wednesday,30.69,Grade Celsius,
16,23.37,W/m^2,20:16:48,28/6/17,Day of week:,Wednesday,30.69,Grade Celsius,
16,26.29,W/m^2,20:16:51,28/6/17,Day of week:,Wednesday,30.62,Grade Celsius,
18,23.37,W/m^2,20:16:54,28/6/17,Day of week:,Wednesday,30.62,Grade Celsius,
16,23.37,W/m^2,20:16:57,28/6/17,Day of week:,Wednesday,30.62,Grade Celsius,
16,23.37,W/m^2,20:17:01,28/6/17,Day of week:,Wednesday,30.62,Grade Celsius,
13,24.83,W/m^2,20:17:04,28/6/17,Day of week:,Wednesday,30.69,Grade Celsius,
18,23.37,W/m^2,20:17:07,28/6/17,Day of week:,Wednesday,30.62,Grade Celsius,
18,30.67,W/m^2,20:17:10,28/6/17,Day of week:,Wednesday,30.69,Grade Celsius,
13,18.99,W/m^2,20:17:13,28/6/17,Day of week:,Wednesday,30.69,Grade Celsius,
16,26.29,W/m^2,20:17:16,28/6/17,Day of week:,Wednesday,30.69,Grade Celsius,
17,13.15,W/m^2,20:17:19,28/6/17,Day of week:,Wednesday,30.69,Grade Celsius,
17,26.29,W/m^2,20:17:22,28/6/17,Day of week:,Wednesday,30.69,Grade Celsius,
18,27.75,W/m^2,20:17:25,28/6/17,Day of week:,Wednesday,30.75,Grade Celsius,
18,29.21,W/m^2,20:17:28,28/6/17,Day of week:,Wednesday,30.75,Grade Celsius,
16,26.29,W/m^2,20:17:31,28/6/17,Day of week:,Wednesday,30.75,Grade Celsius,
17,29.21,W/m^2,20:17:34,28/6/17,Day of week:,Wednesday,30.75,Grade Celsius,
18,24.83,W/m^2,20:17:37,28/6/17,Day of week:,Wednesday,30.75,Grade Celsius,
18,23.37,W/m^2,20:17:40,28/6/17,Day of week:,Wednesday,30.75,Grade Celsius,
19,29.21,W/m^2,20:17:44,28/6/17,Day of week:,Wednesday,30.69,Grade Celsius,
13,23.37,W/m^2,20:17:47,28/6/17,Day of week:,Wednesday,30.69,Grade Celsius,
17,29.21,W/m^2,20:17:50,28/6/17,Day of week:,Wednesday,30.69,Grade Celsius,
19,26.29,W/m^2,20:17:53,28/6/17,Day of week:,Wednesday,30.69,Grade Celsius,
17,23.37,W/m^2,20:17:56,28/6/17,Day of week:,Wednesday,30.75,Grade Celsius,
17,23.37,W/m^2,20:17:59,28/6/17,Day of week:,Wednesday,30.75,Grade Celsius,
17,26.29,W/m^2,20:18:02,28/6/17,Day of week:,Wednesday,30.75,Grade Celsius,
17,23.37,W/m^2,20:18:05,28/6/17,Day of week:,Wednesday,30.75,Grade Celsius,
17,29.21,W/m^2,20:18:08,28/6/17,Day of week:,Wednesday,30.75,Grade Celsius,
16,23.37,W/m^2,20:18:11,28/6/17,Day of week:,Wednesday,30.75,Grade Celsius,
17,26.29,W/m^2,20:18:14,28/6/17,Day of week:,Wednesday,30.75,Grade Celsius,
16,24.83,W/m^2,20:18:17,28/6/17,Day of week:,Wednesday,30.69,Grade Celsius,
17,24.83,W/m^2,20:18:20,28/6/17,Day of week:,Wednesday,30.69,Grade Celsius,
15,24.83,W/m^2,20:18:23,28/6/17,Day of week:,Wednesday,30.69,Grade Celsius,
16,26.29,W/m^2,20:18:26,28/6/17,Day of week:,Wednesday,30.62,Grade Celsius,
17,26.29,W/m^2,20:18:29,28/6/17,Day of week:,Wednesday,30.62,Grade Celsius,
15,26.29,W/m^2,20:18:33,28/6/17,Day of week:,Wednesday,30.62,Grade Celsius,
16,26.29,W/m^2,20:18:36,28/6/17,Day of week:,Wednesday,30.62,Grade Celsius,
15,26.29,W/m^2,20:18:39,28/6/17,Day of week:,Wednesday,30.56,Grade Celsius,
13,24.83,W/m^2,20:18:42,28/6/17,Day of week:,Wednesday,30.56,Grade Celsius,
17,23.37,W/m^2,20:18:45,28/6/17,Day of week:,Wednesday,30.62,Grade Celsius,
17,26.29,W/m^2,20:18:48,28/6/17,Day of week:,Wednesday,30.56,Grade Celsius,
16,24.83,W/m^2,20:18:51,28/6/17,Day of week:,Wednesday,30.62,Grade Celsius,
12,26.29,W/m^2,20:18:54,28/6/17,Day of week:,Wednesday,30.62,Grade Celsius,
16,24.83,W/m^2,20:18:57,28/6/17,Day of week:,Wednesday,30.62,Grade Celsius,
18,26.29,W/m^2,20:19:00,28/6/17,Day of week:,Wednesday,30.62,Grade Celsius,
17,23.37,W/m^2,20:19:03,28/6/17,Day of week:,Wednesday,30.62,Grade Celsius,
17,26.29,W/m^2,20:19:06,28/6/17,Day of week:,Wednesday,30.69,Grade Celsius,
12,24.83,W/m^2,20:19:09,28/6/17,Day of week:,Wednesday,30.62,Grade Celsius,
12,23.37,W/m^2,20:19:12,28/6/17,Day of week:,Wednesday,30.62,Grade Celsius,
16,29.21,W/m^2,20:19:15,28/6/17,Day of week:,Wednesday,30.62,Grade Celsius,
17,23.37,W/m^2,20:19:19,28/6/17,Day of week:,Wednesday,30.62,Grade Celsius,
16,23.37,W/m^2,20:19:22,28/6/17,Day of week:,Wednesday,30.69,Grade Celsius,
14,24.83,W/m^2,20:19:25,28/6/17,Day of week:,Wednesday,30.69,Grade Celsius,
12,23.37,W/m^2,20:19:28,28/6/17,Day of week:,Wednesday,30.69,Grade Celsius,
15,23.37,W/m^2,20:19:31,28/6/17,Day of week:,Wednesday,30.69,Grade Celsius,
16,26.29,W/m^2,20:19:34,28/6/17,Day of week:,Wednesday,30.62,Grade Celsius,
15,23.37,W/m^2,20:19:37,28/6/17,Day of week:,Wednesday,30.62,Grade Celsius,
17,23.37,W/m^2,20:19:40,28/6/17,Day of week:,Wednesday,30.62,Grade Celsius,
17,26.29,W/m^2,20:19:43,28/6/17,Day of week:,Wednesday,30.62,Grade Celsius,
16,23.37,W/m^2,20:19:46,28/6/17,Day of week:,Wednesday,30.62,Grade Celsius,
11,23.37,W/m^2,20:19:49,28/6/17,Day of week:,Wednesday,30.62,Grade Celsius,
16,26.29,W/m^2,20:19:52,28/6/17,Day of week:,Wednesday,30.62,Grade Celsius,
13,26.29,W/m^2,20:19:55,28/6/17,Day of week:,Wednesday,30.56,Grade Celsius,
15,26.29,W/m^2,20:19:58,28/6/17,Day of week:,Wednesday,30.62,Grade Celsius,
17,23.37,W/m^2,20:20:01,28/6/17,Day of week:,Wednesday,30.62,Grade Celsius,
14,26.29,W/m^2,20:20:05,28/6/17,Day of week:,Wednesday,30.62,Grade Celsius,
16,24.83,W/m^2,20:20:08,28/6/17,Day of week:,Wednesday,30.62,Grade Celsius,
16,23.37,W/m^2,20:20:11,28/6/17,Day of week:,Wednesday,30.62,Grade Celsius,
13,18.99,W/m^2,20:20:14,28/6/17,Day of week:,Wednesday,30.62,Grade Celsius,
12,23.37,W/m^2,20:20:17,28/6/17,Day of week:,Wednesday,30.62,Grade Celsius,
15,29.21,W/m^2,20:20:20,28/6/17,Day of week:,Wednesday,30.69,Grade Celsius,
13,23.37,W/m^2,20:20:23,28/6/17,Day of week:,Wednesday,30.69,Grade Celsius,
13,23.37,W/m^2,20:20:26,28/6/17,Day of week:,Wednesday,30.62,Grade Celsius,
17,23.37,W/m^2,20:20:29,28/6/17,Day of week:,Wednesday,30.62,Grade Celsius,
16,23.37,W/m^2,20:20:32,28/6/17,Day of week:,Wednesday,30.62,Grade Celsius,
13,23.37,W/m^2,20:20:35,28/6/17,Day of week:,Wednesday,30.62,Grade Celsius,
14,23.37,W/m^2,20:20:38,28/6/17,Day of week:,Wednesday,30.62,Grade Celsius,
15,23.37,W/m^2,20:20:41,28/6/17,Day of week:,Wednesday,30.62,Grade Celsius,
11,23.37,W/m^2,20:20:44,28/6/17,Day of week:,Wednesday,30.69,Grade Celsius,
13,29.21,W/m^2,20:20:47,28/6/17,Day of week:,Wednesday,30.62,Grade Celsius,
16,24.83,W/m^2,20:20:51,28/6/17,Day of week:,Wednesday,30.69,Grade Celsius,
15,23.37,W/m^2,20:20:54,28/6/17,Day of week:,Wednesday,30.69,Grade Celsius,
17,23.37,W/m^2,20:20:57,28/6/17,Day of week:,Wednesday,30.69,Grade Celsius,
12,23.37,W/m^2,20:21:00,28/6/17,Day of week:,Wednesday,30.69,Grade Celsius,
12,23.37,W/m^2,20:21:03,28/6/17,Day of week:,Wednesday,30.62,Grade Celsius,
13,23.37,W/m^2,20:21:06,28/6/17,Day of week:,Wednesday,30.62,Grade Celsius,
14,23.37,W/m^2,20:21:09,28/6/17,Day of week:,Wednesday,30.62,Grade Celsius,
14,23.37,W/m^2,20:21:12,28/6/17,Day of week:,Wednesday,30.62,Grade Celsius,
12,24.83,W/m^2,20:21:15,28/6/17,Day of week:,Wednesday,30.62,Grade Celsius,
16,26.29,W/m^2,20:21:18,28/6/17,Day of week:,Wednesday,30.62,Grade Celsius,
15,23.37,W/m^2,20:21:21,28/6/17,Day of week:,Wednesday,30.69,Grade Celsius,
14,26.29,W/m^2,20:21:24,28/6/17,Day of week:,Wednesday,30.62,Grade Celsius,
17,23.37,W/m^2,20:21:27,28/6/17,Day of week:,Wednesday,30.62,Grade Celsius,
14,24.83,W/m^2,20:21:30,28/6/17,Day of week:,Wednesday,30.62,Grade Celsius,
16,23.37,W/m^2,20:21:33,28/6/17,Day of week:,Wednesday,30.62,Grade Celsius,
13,18.99,W/m^2,20:21:36,28/6/17,Day of week:,Wednesday,30.62,Grade Celsius,
10,23.37,W/m^2,20:21:40,28/6/17,Day of week:,Wednesday,30.62,Grade Celsius,
11,23.37,W/m^2,20:21:43,28/6/17,Day of week:,Wednesday,30.62,Grade Celsius,
14,26.29,W/m^2,20:21:46,28/6/17,Day of week:,Wednesday,30.62,Grade Celsius,
16,23.37,W/m^2,20:21:49,28/6/17,Day of week:,Wednesday,30.62,Grade Celsius,
15,23.37,W/m^2,20:21:52,28/6/17,Day of week:,Wednesday,30.62,Grade Celsius,
13,23.37,W/m^2,20:21:55,28/6/17,Day of week:,Wednesday,30.62,Grade Celsius,
13,23.37,W/m^2,20:21:58,28/6/17,Day of week:,Wednesday,30.62,Grade Celsius,
14,23.37,W/m^2,20:22:01,28/6/17,Day of week:,Wednesday,30.62,Grade Celsius,
13,23.37,W/m^2,20:22:04,28/6/17,Day of week:,Wednesday,30.62,Grade Celsius,
13,23.37,W/m^2,20:22:07,28/6/17,Day of week:,Wednesday,30.62,Grade Celsius,
13,23.37,W/m^2,20:22:10,28/6/17,Day of week:,Wednesday,30.69,Grade Celsius,
12,23.37,W/m^2,20:22:13,28/6/17,Day of week:,Wednesday,30.62,Grade Celsius,
11,17.53,W/m^2,20:22:16,28/6/17,Day of week:,Wednesday,30.62,Grade Celsius,
14,23.37,W/m^2,20:22:20,28/6/17,Day of week:,Wednesday,30.62,Grade Celsius,
14,23.37,W/m^2,20:22:23,28/6/17,Day of week:,Wednesday,30.62,Grade Celsius,
13,23.37,W/m^2,20:22:26,28/6/17,Day of week:,Wednesday,30.62,Grade Celsius,
12,23.37,W/m^2,20:22:29,28/6/17,Day of week:,Wednesday,30.62,Grade Celsius,
11,23.37,W/m^2,20:22:32,28/6/17,Day of week:,Wednesday,30.62,Grade Celsius,
12,23.37,W/m^2,20:22:35,28/6/17,Day of week:,Wednesday,30.62,Grade Celsius,
14,23.37,W/m^2,20:22:38,28/6/17,Day of week:,Wednesday,30.62,Grade Celsius,
15,23.37,W/m^2,20:22:41,28/6/17,Day of week:,Wednesday,30.62,Grade Celsius,
16,23.37,W/m^2,20:22:44,28/6/17,Day of week:,Wednesday,30.62,Grade Celsius,
14,24.83,W/m^2,20:22:47,28/6/17,Day of week:,Wednesday,30.56,Grade Celsius,
15,23.37,W/m^2,20:22:50,28/6/17,Day of week:,Wednesday,30.62,Grade Celsius,
14,23.37,W/m^2,20:22:53,28/6/17,Day of week:,Wednesday,30.62,Grade Celsius,
15,17.53,W/m^2,20:22:56,28/6/17,Day of week:,Wednesday,30.62,Grade Celsius,
12,20.45,W/m^2,20:22:59,28/6/17,Day of week:,Wednesday,30.62,Grade Celsius,
11,18.99,W/m^2,20:23:02,28/6/17,Day of week:,Wednesday,30.56,Grade Celsius,
10,23.37,W/m^2,20:23:06,28/6/17,Day of week:,Wednesday,30.56,Grade Celsius,
12,23.37,W/m^2,20:23:09,28/6/17,Day of week:,Wednesday,30.56,Grade Celsius,
10,17.53,W/m^2,20:23:12,28/6/17,Day of week:,Wednesday,30.56,Grade Celsius,
10,23.37,W/m^2,20:23:15,28/6/17,Day of week:,Wednesday,30.56,Grade Celsius,
13,23.37,W/m^2,20:23:18,28/6/17,Day of week:,Wednesday,30.56,Grade Celsius,
13,23.37,W/m^2,20:23:21,28/6/17,Day of week:,Wednesday,30.56,Grade Celsius,
13,23.37,W/m^2,20:23:24,28/6/17,Day of week:,Wednesday,30.56,Grade Celsius,
15,23.37,W/m^2,20:23:27,28/6/17,Day of week:,Wednesday,30.56,Grade Celsius,
12,23.37,W/m^2,20:23:30,28/6/17,Day of week:,Wednesday,30.56,Grade Celsius,
14,23.37,W/m^2,20:23:33,28/6/17,Day of week:,Wednesday,30.56,Grade Celsius,
12,18.99,W/m^2,20:23:36,28/6/17,Day of week:,Wednesday,30.56,Grade Celsius,
10,17.53,W/m^2,20:23:39,28/6/17,Day of week:,Wednesday,30.56,Grade Celsius,
11,18.99,W/m^2,20:23:42,28/6/17,Day of week:,Wednesday,30.56,Grade Celsius,
11,18.99,W/m^2,20:23:45,28/6/17,Day of week:,Wednesday,30.62,Grade Celsius,
11,23.37,W/m^2,20:23:48,28/6/17,Day of week:,Wednesday,30.62,Grade Celsius,
10,17.53,W/m^2,20:23:51,28/6/17,Day of week:,Wednesday,30.62,Grade Celsius,
13,23.37,W/m^2,20:23:55,28/6/17,Day of week:,Wednesday,30.62,Grade Celsius,
12,23.37,W/m^2,20:23:58,28/6/17,Day of week:,Wednesday,30.62,Grade Celsius,
12,23.37,W/m^2,20:24:01,28/6/17,Day of week:,Wednesday,30.62,Grade Celsius,
12,23.37,W/m^2,20:24:04,28/6/17,Day of week:,Wednesday,30.56,Grade Celsius,
14,20.45,W/m^2,20:24:07,28/6/17,Day of week:,Wednesday,30.56,Grade Celsius,
14,23.37,W/m^2,20:24:10,28/6/17,Day of week:,Wednesday,30.56,Grade Celsius,
14,23.37,W/m^2,20:24:13,28/6/17,Day of week:,Wednesday,30.56,Grade Celsius,
12,18.99,W/m^2,20:24:16,28/6/17,Day of week:,Wednesday,30.56,Grade Celsius,
10,23.37,W/m^2,20:24:19,28/6/17,Day of week:,Wednesday,30.56,Grade Celsius,
8,23.37,W/m^2,20:24:22,28/6/17,Day of week:,Wednesday,30.56,Grade Celsius,
12,23.37,W/m^2,20:24:25,28/6/17,Day of week:,Wednesday,30.56,Grade Celsius,
12,23.37,W/m^2,20:24:28,28/6/17,Day of week:,Wednesday,30.56,Grade Celsius,
13,23.37,W/m^2,20:24:31,28/6/17,Day of week:,Wednesday,30.56,Grade Celsius,
13,17.53,W/m^2,20:24:34,28/6/17,Day of week:,Wednesday,30.56,Grade Celsius,
13,17.53,W/m^2,20:24:37,28/6/17,Day of week:,Wednesday,30.56,Grade Celsius,
11,18.99,W/m^2,20:24:41,28/6/17,Day of week:,Wednesday,30.56,Grade Celsius,
11,17.53,W/m^2,20:24:44,28/6/17,Day of week:,Wednesday,30.50,Grade Celsius,
9,23.37,W/m^2,20:24:47,28/6/17,Day of week:,Wednesday,30.50,Grade Celsius,
10,23.37,W/m^2,20:24:50,28/6/17,Day of week:,Wednesday,30.50,Grade Celsius,
11,23.37,W/m^2,20:24:53,28/6/17,Day of week:,Wednesday,30.50,Grade Celsius,
11,23.37,W/m^2,20:24:56,28/6/17,Day of week:,Wednesday,30.50,Grade Celsius,
12,23.37,W/m^2,20:24:59,28/6/17,Day of week:,Wednesday,30.50,Grade Celsius,
12,23.37,W/m^2,20:25:02,28/6/17,Day of week:,Wednesday,30.50,Grade Celsius,
10,17.53,W/m^2,20:25:05,28/6/17,Day of week:,Wednesday,30.50,Grade Celsius,
12,23.37,W/m^2,20:25:08,28/6/17,Day of week:,Wednesday,30.50,Grade Celsius,
13,17.53,W/m^2,20:25:11,28/6/17,Day of week:,Wednesday,30.50,Grade Celsius,
13,23.37,W/m^2,20:25:14,28/6/17,Day of week:,Wednesday,30.50,Grade Celsius,
11,14.61,W/m^2,20:25:17,28/6/17,Day of week:,Wednesday,30.50,Grade Celsius,
10,17.53,W/m^2,20:25:20,28/6/17,Day of week:,Wednesday,30.50,Grade Celsius,
9,17.53,W/m^2,20:25:23,28/6/17,Day of week:,Wednesday,30.50,Grade Celsius,
10,17.53,W/m^2,20:25:26,28/6/17,Day of week:,Wednesday,30.56,Grade Celsius,
10,17.53,W/m^2,20:25:30,28/6/17,Day of week:,Wednesday,30.56,Grade Celsius,
9,17.53,W/m^2,20:25:33,28/6/17,Day of week:,Wednesday,30.56,Grade Celsius,
11,17.53,W/m^2,20:25:36,28/6/17,Day of week:,Wednesday,30.50,Grade Celsius,
12,18.99,W/m^2,20:25:39,28/6/17,Day of week:,Wednesday,30.50,Grade Celsius,
13,23.37,W/m^2,20:25:42,28/6/17,Day of week:,Wednesday,30.56,Grade Celsius,
13,18.99,W/m^2,20:25:45,28/6/17,Day of week:,Wednesday,30.50,Grade Celsius,
11,23.37,W/m^2,20:25:48,28/6/17,Day of week:,Wednesday,30.50,Grade Celsius,
11,23.37,W/m^2,20:25:51,28/6/17,Day of week:,Wednesday,30.50,Grade Celsius,
12,17.53,W/m^2,20:25:54,28/6/17,Day of week:,Wednesday,30.50,Grade Celsius,
11,20.45,W/m^2,20:25:57,28/6/17,Day of week:,Wednesday,30.50,Grade Celsius,
11,23.37,W/m^2,20:26:00,28/6/17,Day of week:,Wednesday,30.50,Grade Celsius,
12,17.53,W/m^2,20:26:03,28/6/17,Day of week:,Wednesday,30.50,Grade Celsius,
11,17.53,W/m^2,20:26:06,28/6/17,Day of week:,Wednesday,30.50,Grade Celsius,
11,23.37,W/m^2,20:26:09,28/6/17,Day of week:,Wednesday,30.50,Grade Celsius,
12,23.37,W/m^2,20:26:12,28/6/17,Day of week:,Wednesday,30.50,Grade Celsius,
11,23.37,W/m^2,20:26:16,28/6/17,Day of week:,Wednesday,30.50,Grade Celsius,
11,17.53,W/m^2,20:26:19,28/6/17,Day of week:,Wednesday,30.50,Grade Celsius,
12,17.53,W/m^2,20:26:22,28/6/17,Day of week:,Wednesday,30.50,Grade Celsius,
11,17.53,W/m^2,20:26:25,28/6/17,Day of week:,Wednesday,30.50,Grade Celsius,
9,17.53,W/m^2,20:26:28,28/6/17,Day of week:,Wednesday,30.50,Grade Celsius,
11,17.53,W/m^2,20:26:31,28/6/17,Day of week:,Wednesday,30.50,Grade Celsius,
11,17.53,W/m^2,20:26:34,28/6/17,Day of week:,Wednesday,30.50,Grade Celsius,
11,17.53,W/m^2,20:26:37,28/6/17,Day of week:,Wednesday,30.50,Grade Celsius,
10,17.53,W/m^2,20:26:40,28/6/17,Day of week:,Wednesday,30.50,Grade Celsius,
9,17.53,W/m^2,20:26:43,28/6/17,Day of week:,Wednesday,30.50,Grade Celsius,
9,17.53,W/m^2,20:26:46,28/6/17,Day of week:,Wednesday,30.50,Grade Celsius,
9,17.53,W/m^2,20:26:49,28/6/17,Day of week:,Wednesday,30.50,Grade Celsius,
9,17.53,W/m^2,20:26:52,28/6/17,Day of week:,Wednesday,30.50,Grade Celsius,
7,17.53,W/m^2,20:26:55,28/6/17,Day of week:,Wednesday,30.50,Grade Celsius,
9,17.53,W/m^2,20:26:58,28/6/17,Day of week:,Wednesday,30.50,Grade Celsius,
9,17.53,W/m^2,20:27:02,28/6/17,Day of week:,Wednesday,30.50,Grade Celsius,
9,14.61,W/m^2,20:27:05,28/6/17,Day of week:,Wednesday,30.50,Grade Celsius,
9,17.53,W/m^2,20:27:08,28/6/17,Day of week:,Wednesday,30.50,Grade Celsius,
12,17.53,W/m^2,20:27:11,28/6/17,Day of week:,Wednesday,30.50,Grade Celsius,
8,14.61,W/m^2,20:27:14,28/6/17,Day of week:,Wednesday,30.50,Grade Celsius,
9,13.15,W/m^2,20:27:17,28/6/17,Day of week:,Wednesday,30.44,Grade Celsius,
9,14.61,W/m^2,20:27:20,28/6/17,Day of week:,Wednesday,30.44,Grade Celsius,
9,23.37,W/m^2,20:27:23,28/6/17,Day of week:,Wednesday,30.44,Grade Celsius,
11,17.53,W/m^2,20:27:26,28/6/17,Day of week:,Wednesday,30.44,Grade Celsius,
11,23.37,W/m^2,20:27:29,28/6/17,Day of week:,Wednesday,30.44,Grade Celsius,
9,17.53,W/m^2,20:27:32,28/6/17,Day of week:,Wednesday,30.44,Grade Celsius,
8,23.37,W/m^2,20:27:35,28/6/17,Day of week:,Wednesday,30.44,Grade Celsius,
10,17.53,W/m^2,20:27:39,28/6/17,Day of week:,Wednesday,30.44,Grade Celsius,
11,17.53,W/m^2,20:27:42,28/6/17,Day of week:,Wednesday,30.37,Grade Celsius,
10,18.99,W/m^2,20:27:45,28/6/17,Day of week:,Wednesday,30.37,Grade Celsius,
10,17.53,W/m^2,20:27:48,28/6/17,Day of week:,Wednesday,30.37,Grade Celsius,
9,17.53,W/m^2,20:27:51,28/6/17,Day of week:,Wednesday,30.37,Grade Celsius,
11,23.37,W/m^2,20:27:54,28/6/17,Day of week:,Wednesday,30.37,Grade Celsius,
11,17.53,W/m^2,20:27:57,28/6/17,Day of week:,Wednesday,30.37,Grade Celsius,
11,17.53,W/m^2,20:28:00,28/6/17,Day of week:,Wednesday,30.37,Grade Celsius,
11,16.07,W/m^2,20:28:03,28/6/17,Day of week:,Wednesday,30.37,Grade Celsius,
10,16.07,W/m^2,20:28:06,28/6/17,Day of week:,Wednesday,30.37,Grade Celsius,
10,14.61,W/m^2,20:28:09,28/6/17,Day of week:,Wednesday,30.37,Grade Celsius,
10,17.53,W/m^2,20:28:12,28/6/17,Day of week:,Wednesday,30.37,Grade Celsius,
11,17.53,W/m^2,20:28:15,28/6/17,Day of week:,Wednesday,30.44,Grade Celsius,
10,23.37,W/m^2,20:28:18,28/6/17,Day of week:,Wednesday,30.44,Grade Celsius,
9,16.07,W/m^2,20:28:21,28/6/17,Day of week:,Wednesday,30.44,Grade Celsius,
10,17.53,W/m^2,20:28:24,28/6/17,Day of week:,Wednesday,30.44,Grade Celsius,
9,14.61,W/m^2,20:28:28,28/6/17,Day of week:,Wednesday,30.44,Grade Celsius,
8,17.53,W/m^2,20:28:31,28/6/17,Day of week:,Wednesday,30.44,Grade Celsius,
9,13.15,W/m^2,20:28:34,28/6/17,Day of week:,Wednesday,30.44,Grade Celsius,
7,14.61,W/m^2,20:28:37,28/6/17,Day of week:,Wednesday,30.44,Grade Celsius,
9,14.61,W/m^2,20:28:40,28/6/17,Day of week:,Wednesday,30.44,Grade Celsius,
9,17.53,W/m^2,20:28:43,28/6/17,Day of week:,Wednesday,30.44,Grade Celsius,
10,17.53,W/m^2,20:28:46,28/6/17,Day of week:,Wednesday,30.44,Grade Celsius,
9,17.53,W/m^2,20:28:49,28/6/17,Day of week:,Wednesday,30.44,Grade Celsius,
9,17.53,W/m^2,20:28:52,28/6/17,Day of week:,Wednesday,30.44,Grade Celsius,
9,17.53,W/m^2,20:28:55,28/6/17,Day of week:,Wednesday,30.44,Grade Celsius,
9,17.53,W/m^2,20:28:58,28/6/17,Day of week:,Wednesday,30.44,Grade Celsius,
9,11.69,W/m^2,20:29:01,28/6/17,Day of week:,Wednesday,30.44,Grade Celsius,
8,14.61,W/m^2,20:29:04,28/6/17,Day of week:,Wednesday,30.44,Grade Celsius,
10,16.07,W/m^2,20:29:07,28/6/17,Day of week:,Wednesday,30.44,Grade Celsius,
10,17.53,W/m^2,20:29:10,28/6/17,Day of week:,Wednesday,30.44,Grade Celsius,
9,14.61,W/m^2,20:29:14,28/6/17,Day of week:,Wednesday,30.44,Grade Celsius,
10,14.61,W/m^2,20:29:17,28/6/17,Day of week:,Wednesday,30.44,Grade Celsius,
9,17.53,W/m^2,20:29:20,28/6/17,Day of week:,Wednesday,30.44,Grade Celsius,
9,14.61,W/m^2,20:29:23,28/6/17,Day of week:,Wednesday,30.44,Grade Celsius,
7,11.69,W/m^2,20:29:26,28/6/17,Day of week:,Wednesday,30.44,Grade Celsius,
7,11.69,W/m^2,20:29:29,28/6/17,Day of week:,Wednesday,30.44,Grade Celsius,
8,14.61,W/m^2,20:29:32,28/6/17,Day of week:,Wednesday,30.44,Grade Celsius,
7,13.15,W/m^2,20:29:35,28/6/17,Day of week:,Wednesday,30.37,Grade Celsius,
7,11.69,W/m^2,20:29:38,28/6/17,Day of week:,Wednesday,30.37,Grade Celsius,
8,14.61,W/m^2,20:29:41,28/6/17,Day of week:,Wednesday,30.37,Grade Celsius,
8,17.53,W/m^2,20:29:44,28/6/17,Day of week:,Wednesday,30.37,Grade Celsius,
9,17.53,W/m^2,20:29:47,28/6/17,Day of week:,Wednesday,30.37,Grade Celsius,
9,11.69,W/m^2,20:29:50,28/6/17,Day of week:,Wednesday,30.37,Grade Celsius,
9,17.53,W/m^2,20:29:53,28/6/17,Day of week:,Wednesday,30.37,Grade Celsius,
9,17.53,W/m^2,20:29:56,28/6/17,Day of week:,Wednesday,30.37,Grade Celsius,
9,14.61,W/m^2,20:29:59,28/6/17,Day of week:,Wednesday,30.37,Grade Celsius,
9,14.61,W/m^2,20:30:03,28/6/17,Day of week:,Wednesday,30.37,Grade Celsius,
9,14.61,W/m^2,20:30:06,28/6/17,Day of week:,Wednesday,30.37,Grade Celsius,
9,11.69,W/m^2,20:30:09,28/6/17,Day of week:,Wednesday,30.37,Grade Celsius,
6,13.15,W/m^2,20:30:12,28/6/17,Day of week:,Wednesday,30.37,Grade Celsius,
7,14.61,W/m^2,20:30:15,28/6/17,Day of week:,Wednesday,30.37,Grade Celsius,
7,11.69,W/m^2,20:30:18,28/6/17,Day of week:,Wednesday,30.37,Grade Celsius,
6,13.15,W/m^2,20:30:21,28/6/17,Day of week:,Wednesday,30.37,Grade Celsius,
6,11.69,W/m^2,20:30:24,28/6/17,Day of week:,Wednesday,30.37,Grade Celsius,
7,11.69,W/m^2,20:30:27,28/6/17,Day of week:,Wednesday,30.31,Grade Celsius,
6,11.69,W/m^2,20:30:30,28/6/17,Day of week:,Wednesday,30.31,Grade Celsius,
8,13.15,W/m^2,20:30:33,28/6/17,Day of week:,Wednesday,30.31,Grade Celsius,
7,11.69,W/m^2,20:30:36,28/6/17,Day of week:,Wednesday,30.31,Grade Celsius,
6,11.69,W/m^2,20:30:39,28/6/17,Day of week:,Wednesday,30.25,Grade Celsius,
6,11.69,W/m^2,20:30:42,28/6/17,Day of week:,Wednesday,30.25,Grade Celsius,
7,13.15,W/m^2,20:30:45,28/6/17,Day of week:,Wednesday,30.25,Grade Celsius,
8,14.61,W/m^2,20:30:49,28/6/17,Day of week:,Wednesday,30.25,Grade Celsius,
8,17.53,W/m^2,20:30:52,28/6/17,Day of week:,Wednesday,30.25,Grade Celsius,
8,11.69,W/m^2,20:30:55,28/6/17,Day of week:,Wednesday,30.25,Grade Celsius,
8,14.61,W/m^2,20:30:58,28/6/17,Day of week:,Wednesday,30.25,Grade Celsius,
9,14.61,W/m^2,20:31:01,28/6/17,Day of week:,Wednesday,30.25,Grade Celsius,
8,14.61,W/m^2,20:31:04,28/6/17,Day of week:,Wednesday,30.25,Grade Celsius,
8,14.61,W/m^2,20:31:07,28/6/17,Day of week:,Wednesday,30.25,Grade Celsius,
8,11.69,W/m^2,20:31:10,28/6/17,Day of week:,Wednesday,30.25,Grade Celsius,
7,11.69,W/m^2,20:31:13,28/6/17,Day of week:,Wednesday,30.25,Grade Celsius,
6,11.69,W/m^2,20:31:16,28/6/17,Day of week:,Wednesday,30.25,Grade Celsius,
8,11.69,W/m^2,20:31:19,28/6/17,Day of week:,Wednesday,30.25,Grade Celsius,
6,11.69,W/m^2,20:31:22,28/6/17,Day of week:,Wednesday,30.25,Grade Celsius,
7,14.61,W/m^2,20:31:25,28/6/17,Day of week:,Wednesday,30.25,Grade Celsius,
6,17.53,W/m^2,20:31:28,28/6/17,Day of week:,Wednesday,30.25,Grade Celsius,
7,14.61,W/m^2,20:31:31,28/6/17,Day of week:,Wednesday,30.25,Grade Celsius,
8,14.61,W/m^2,20:31:34,28/6/17,Day of week:,Wednesday,30.25,Grade Celsius,
8,11.69,W/m^2,20:31:38,28/6/17,Day of week:,Wednesday,30.25,Grade Celsius,
7,11.69,W/m^2,20:31:41,28/6/17,Day of week:,Wednesday,30.25,Grade Celsius,
9,11.69,W/m^2,20:31:44,28/6/17,Day of week:,Wednesday,30.25,Grade Celsius,
8,11.69,W/m^2,20:31:47,28/6/17,Day of week:,Wednesday,30.25,Grade Celsius,
8,11.69,W/m^2,20:31:50,28/6/17,Day of week:,Wednesday,30.19,Grade Celsius,
6,13.15,W/m^2,20:31:53,28/6/17,Day of week:,Wednesday,30.19,Grade Celsius,
5,11.69,W/m^2,20:31:56,28/6/17,Day of week:,Wednesday,30.12,Grade Celsius,
6,14.61,W/m^2,20:31:59,28/6/17,Day of week:,Wednesday,30.12,Grade Celsius,
6,11.69,W/m^2,20:32:02,28/6/17,Day of week:,Wednesday,30.12,Grade Celsius,
6,13.15,W/m^2,20:32:05,28/6/17,Day of week:,Wednesday,30.12,Grade Celsius,
8,13.15,W/m^2,20:32:08,28/6/17,Day of week:,Wednesday,30.12,Grade Celsius,
7,11.69,W/m^2,20:32:11,28/6/17,Day of week:,Wednesday,30.12,Grade Celsius,
7,11.69,W/m^2,20:32:14,28/6/17,Day of week:,Wednesday,30.12,Grade Celsius,
6,11.69,W/m^2,20:32:17,28/6/17,Day of week:,Wednesday,30.12,Grade Celsius,
8,13.15,W/m^2,20:32:21,28/6/17,Day of week:,Wednesday,30.12,Grade Celsius,
7,11.69,W/m^2,20:32:24,28/6/17,Day of week:,Wednesday,30.12,Grade Celsius,
5,13.15,W/m^2,20:32:27,28/6/17,Day of week:,Wednesday,30.12,Grade Celsius,
5,11.69,W/m^2,20:32:30,28/6/17,Day of week:,Wednesday,30.12,Grade Celsius,
6,13.15,W/m^2,20:32:33,28/6/17,Day of week:,Wednesday,30.12,Grade Celsius,
7,13.15,W/m^2,20:32:36,28/6/17,Day of week:,Wednesday,30.12,Grade Celsius,
6,11.69,W/m^2,20:32:39,28/6/17,Day of week:,Wednesday,30.12,Grade Celsius,
7,14.61,W/m^2,20:32:42,28/6/17,Day of week:,Wednesday,30.19,Grade Celsius,
7,13.15,W/m^2,20:32:45,28/6/17,Day of week:,Wednesday,30.19,Grade Celsius,
7,11.69,W/m^2,20:32:48,28/6/17,Day of week:,Wednesday,30.19,Grade Celsius,
4,11.69,W/m^2,20:32:51,28/6/17,Day of week:,Wednesday,30.19,Grade Celsius,
5,11.69,W/m^2,20:32:54,28/6/17,Day of week:,Wednesday,30.19,Grade Celsius,
5,14.61,W/m^2,20:32:57,28/6/17,Day of week:,Wednesday,30.19,Grade Celsius,
7,13.15,W/m^2,20:33:00,28/6/17,Day of week:,Wednesday,30.19,Grade Celsius,
6,11.69,W/m^2,20:33:03,28/6/17,Day of week:,Wednesday,30.19,Grade Celsius,
8,13.15,W/m^2,20:33:07,28/6/17,Day of week:,Wednesday,30.19,Grade Celsius,
7,11.69,W/m^2,20:33:10,28/6/17,Day of week:,Wednesday,30.12,Grade Celsius,
7,11.69,W/m^2,20:33:13,28/6/17,Day of week:,Wednesday,30.19,Grade Celsius,
7,13.15,W/m^2,20:33:16,28/6/17,Day of week:,Wednesday,30.12,Grade Celsius,
5,11.69,W/m^2,20:33:19,28/6/17,Day of week:,Wednesday,30.19,Grade Celsius,
4,11.69,W/m^2,20:33:22,28/6/17,Day of week:,Wednesday,30.19,Grade Celsius,
7,7.30,W/m^2,20:33:25,28/6/17,Day of week:,Wednesday,30.19,Grade Celsius,
5,11.69,W/m^2,20:33:28,28/6/17,Day of week:,Wednesday,30.19,Grade Celsius,
4,11.69,W/m^2,20:33:31,28/6/17,Day of week:,Wednesday,30.19,Grade Celsius,
5,11.69,W/m^2,20:33:34,28/6/17,Day of week:,Wednesday,30.12,Grade Celsius,
6,11.69,W/m^2,20:33:37,28/6/17,Day of week:,Wednesday,30.12,Grade Celsius,
4,11.69,W/m^2,20:33:40,28/6/17,Day of week:,Wednesday,30.12,Grade Celsius,
5,11.69,W/m^2,20:33:43,28/6/17,Day of week:,Wednesday,30.12,Grade Celsius,
5,11.69,W/m^2,20:33:46,28/6/17,Day of week:,Wednesday,30.12,Grade Celsius,
6,11.69,W/m^2,20:33:49,28/6/17,Day of week:,Wednesday,30.12,Grade Celsius,
7,11.69,W/m^2,20:33:53,28/6/17,Day of week:,Wednesday,30.06,Grade Celsius,
6,11.69,W/m^2,20:33:56,28/6/17,Day of week:,Wednesday,30.12,Grade Celsius,
6,7.30,W/m^2,20:33:59,28/6/17,Day of week:,Wednesday,30.12,Grade Celsius,
4,11.69,W/m^2,20:34:02,28/6/17,Day of week:,Wednesday,30.12,Grade Celsius,
5,11.69,W/m^2,20:34:05,28/6/17,Day of week:,Wednesday,30.12,Grade Celsius,
4,11.69,W/m^2,20:34:08,28/6/17,Day of week:,Wednesday,30.12,Grade Celsius,
4,11.69,W/m^2,20:34:11,28/6/17,Day of week:,Wednesday,30.12,Grade Celsius,
5,11.69,W/m^2,20:34:14,28/6/17,Day of week:,Wednesday,30.12,Grade Celsius,
7,13.15,W/m^2,20:34:17,28/6/17,Day of week:,Wednesday,30.12,Grade Celsius,
6,11.69,W/m^2,20:34:20,28/6/17,Day of week:,Wednesday,30.12,Grade Celsius,
5,11.69,W/m^2,20:34:23,28/6/17,Day of week:,Wednesday,30.12,Grade Celsius,
6,11.69,W/m^2,20:34:26,28/6/17,Day of week:,Wednesday,30.12,Grade Celsius,
5,11.69,W/m^2,20:34:29,28/6/17,Day of week:,Wednesday,30.12,Grade Celsius,
4,11.69,W/m^2,20:34:32,28/6/17,Day of week:,Wednesday,30.12,Grade Celsius,
5,11.69,W/m^2,20:34:35,28/6/17,Day of week:,Wednesday,30.12,Grade Celsius,
4,11.69,W/m^2,20:34:38,28/6/17,Day of week:,Wednesday,30.12,Grade Celsius,
6,11.69,W/m^2,20:34:42,28/6/17,Day of week:,Wednesday,30.12,Grade Celsius,
6,8.76,W/m^2,20:34:45,28/6/17,Day of week:,Wednesday,30.12,Grade Celsius,
6,8.76,W/m^2,20:34:48,28/6/17,Day of week:,Wednesday,30.12,Grade Celsius,
6,11.69,W/m^2,20:34:51,28/6/17,Day of week:,Wednesday,30.12,Grade Celsius,
3,7.30,W/m^2,20:34:54,28/6/17,Day of week:,Wednesday,30.12,Grade Celsius,
7,11.69,W/m^2,20:34:57,28/6/17,Day of week:,Wednesday,30.12,Grade Celsius,
6,11.69,W/m^2,20:35:00,28/6/17,Day of week:,Wednesday,30.12,Grade Celsius,
6,11.69,W/m^2,20:35:03,28/6/17,Day of week:,Wednesday,30.12,Grade Celsius,
6,11.69,W/m^2,20:35:06,28/6/17,Day of week:,Wednesday,30.12,Grade Celsius,
6,11.69,W/m^2,20:35:09,28/6/17,Day of week:,Wednesday,30.12,Grade Celsius,
6,11.69,W/m^2,20:35:12,28/6/17,Day of week:,Wednesday,30.12,Grade Celsius,
5,11.69,W/m^2,20:35:15,28/6/17,Day of week:,Wednesday,30.12,Grade Celsius,
5,11.69,W/m^2,20:35:18,28/6/17,Day of week:,Wednesday,30.12,Grade Celsius,
3,8.76,W/m^2,20:35:21,28/6/17,Day of week:,Wednesday,30.12,Grade Celsius,
3,11.69,W/m^2,20:35:24,28/6/17,Day of week:,Wednesday,30.12,Grade Celsius,
5,7.30,W/m^2,20:35:27,28/6/17,Day of week:,Wednesday,30.12,Grade Celsius,
2,11.69,W/m^2,20:35:31,28/6/17,Day of week:,Wednesday,30.12,Grade Celsius,
4,11.69,W/m^2,20:35:34,28/6/17,Day of week:,Wednesday,30.12,Grade Celsius,
5,11.69,W/m^2,20:35:37,28/6/17,Day of week:,Wednesday,30.12,Grade Celsius,
6,8.76,W/m^2,20:35:40,28/6/17,Day of week:,Wednesday,30.12,Grade Celsius,
6,11.69,W/m^2,20:35:43,28/6/17,Day of week:,Wednesday,30.06,Grade Celsius,
3,7.30,W/m^2,20:35:46,28/6/17,Day of week:,Wednesday,30.06,Grade Celsius,
6,11.69,W/m^2,20:35:49,28/6/17,Day of week:,Wednesday,30.06,Grade Celsius,
3,8.76,W/m^2,20:35:52,28/6/17,Day of week:,Wednesday,30.06,Grade Celsius,
4,7.30,W/m^2,20:35:55,28/6/17,Day of week:,Wednesday,30.06,Grade Celsius,
4,11.69,W/m^2,20:35:58,28/6/17,Day of week:,Wednesday,30.06,Grade Celsius,
5,11.69,W/m^2,20:36:01,28/6/17,Day of week:,Wednesday,30.06,Grade Celsius,
5,11.69,W/m^2,20:36:04,28/6/17,Day of week:,Wednesday,30.06,Grade Celsius,
3,11.69,W/m^2,20:36:07,28/6/17,Day of week:,Wednesday,30.06,Grade Celsius,
5,11.69,W/m^2,20:36:10,28/6/17,Day of week:,Wednesday,30.06,Grade Celsius,
5,8.76,W/m^2,20:36:13,28/6/17,Day of week:,Wednesday,30.06,Grade Celsius,
3,7.30,W/m^2,20:36:16,28/6/17,Day of week:,Wednesday,30.06,Grade Celsius,
2,11.69,W/m^2,20:36:20,28/6/17,Day of week:,Wednesday,30.12,Grade Celsius,
4,11.69,W/m^2,20:36:23,28/6/17,Day of week:,Wednesday,30.12,Grade Celsius,
6,11.69,W/m^2,20:36:26,28/6/17,Day of week:,Wednesday,30.06,Grade Celsius,
3,11.69,W/m^2,20:36:29,28/6/17,Day of week:,Wednesday,30.12,Grade Celsius,
6,11.69,W/m^2,20:36:32,28/6/17,Day of week:,Wednesday,30.12,Grade Celsius,
6,11.69,W/m^2,20:36:35,28/6/17,Day of week:,Wednesday,30.12,Grade Celsius,
5,11.69,W/m^2,20:36:38,28/6/17,Day of week:,Wednesday,30.12,Grade Celsius,
4,5.84,W/m^2,20:36:41,28/6/17,Day of week:,Wednesday,30.06,Grade Celsius,
3,8.76,W/m^2,20:36:44,28/6/17,Day of week:,Wednesday,30.12,Grade Celsius,
3,7.30,W/m^2,20:36:47,28/6/17,Day of week:,Wednesday,30.06,Grade Celsius,
5,11.69,W/m^2,20:36:50,28/6/17,Day of week:,Wednesday,30.12,Grade Celsius,
5,7.30,W/m^2,20:36:53,28/6/17,Day of week:,Wednesday,30.12,Grade Celsius,
3,5.84,W/m^2,20:36:56,28/6/17,Day of week:,Wednesday,30.12,Grade Celsius,
3,11.69,W/m^2,20:36:59,28/6/17,Day of week:,Wednesday,30.12,Grade Celsius,
3,8.76,W/m^2,20:37:02,28/6/17,Day of week:,Wednesday,30.12,Grade Celsius,
4,11.69,W/m^2,20:37:06,28/6/17,Day of week:,Wednesday,30.12,Grade Celsius,
5,11.69,W/m^2,20:37:09,28/6/17,Day of week:,Wednesday,30.12,Grade Celsius,
3,11.69,W/m^2,20:37:12,28/6/17,Day of week:,Wednesday,30.12,Grade Celsius,
4,11.69,W/m^2,20:37:15,28/6/17,Day of week:,Wednesday,30.12,Grade Celsius,
5,11.69,W/m^2,20:37:18,28/6/17,Day of week:,Wednesday,30.12,Grade Celsius,
5,5.84,W/m^2,20:37:21,28/6/17,Day of week:,Wednesday,30.12,Grade Celsius,
3,5.84,W/m^2,20:37:24,28/6/17,Day of week:,Wednesday,30.12,Grade Celsius,
3,5.84,W/m^2,20:37:27,28/6/17,Day of week:,Wednesday,30.12,Grade Celsius,
3,7.30,W/m^2,20:37:30,28/6/17,Day of week:,Wednesday,30.12,Grade Celsius,
3,5.84,W/m^2,20:37:33,28/6/17,Day of week:,Wednesday,30.06,Grade Celsius,
3,7.30,W/m^2,20:37:36,28/6/17,Day of week:,Wednesday,30.12,Grade Celsius,
5,11.69,W/m^2,20:37:39,28/6/17,Day of week:,Wednesday,30.06,Grade Celsius,
5,11.69,W/m^2,20:37:42,28/6/17,Day of week:,Wednesday,30.06,Grade Celsius,
4,7.30,W/m^2,20:37:45,28/6/17,Day of week:,Wednesday,30.06,Grade Celsius,
3,8.76,W/m^2,20:37:48,28/6/17,Day of week:,Wednesday,30.00,Grade Celsius,
3,8.76,W/m^2,20:37:52,28/6/17,Day of week:,Wednesday,30.00,Grade Celsius,
3,7.30,W/m^2,20:37:55,28/6/17,Day of week:,Wednesday,30.00,Grade Celsius,
3,11.69,W/m^2,20:37:58,28/6/17,Day of week:,Wednesday,30.00,Grade Celsius,
5,11.69,W/m^2,20:38:01,28/6/17,Day of week:,Wednesday,30.00,Grade Celsius,
4,11.69,W/m^2,20:38:04,28/6/17,Day of week:,Wednesday,30.00,Grade Celsius,
4,7.30,W/m^2,20:38:07,28/6/17,Day of week:,Wednesday,30.00,Grade Celsius,
3,5.84,W/m^2,20:38:10,28/6/17,Day of week:,Wednesday,30.00,Grade Celsius,
5,11.69,W/m^2,20:38:13,28/6/17,Day of week:,Wednesday,30.00,Grade Celsius,
5,11.69,W/m^2,20:38:16,28/6/17,Day of week:,Wednesday,30.00,Grade Celsius,
3,5.84,W/m^2,20:38:19,28/6/17,Day of week:,Wednesday,30.00,Grade Celsius,
3,7.30,W/m^2,20:38:22,28/6/17,Day of week:,Wednesday,30.00,Grade Celsius,
3,5.84,W/m^2,20:38:25,28/6/17,Day of week:,Wednesday,30.00,Grade Celsius,
2,11.69,W/m^2,20:38:28,28/6/17,Day of week:,Wednesday,30.00,Grade Celsius,
5,11.69,W/m^2,20:38:31,28/6/17,Day of week:,Wednesday,30.00,Grade Celsius,
4,11.69,W/m^2,20:38:35,28/6/17,Day of week:,Wednesday,30.06,Grade Celsius,
4,11.69,W/m^2,20:38:38,28/6/17,Day of week:,Wednesday,30.06,Grade Celsius,
5,7.30,W/m^2,20:38:41,28/6/17,Day of week:,Wednesday,30.12,Grade Celsius,
4,11.69,W/m^2,20:38:44,28/6/17,Day of week:,Wednesday,30.06,Grade Celsius,
2,5.84,W/m^2,20:38:47,28/6/17,Day of week:,Wednesday,30.06,Grade Celsius,
3,5.84,W/m^2,20:38:50,28/6/17,Day of week:,Wednesday,30.00,Grade Celsius,
2,5.84,W/m^2,20:38:53,28/6/17,Day of week:,Wednesday,30.00,Grade Celsius,
3,5.84,W/m^2,20:38:56,28/6/17,Day of week:,Wednesday,30.00,Grade Celsius,
3,5.84,W/m^2,20:38:59,28/6/17,Day of week:,Wednesday,30.00,Grade Celsius,
2,11.69,W/m^2,20:39:02,28/6/17,Day of week:,Wednesday,30.00,Grade Celsius,
5,11.69,W/m^2,20:39:05,28/6/17,Day of week:,Wednesday,30.00,Grade Celsius,
4,11.69,W/m^2,20:39:08,28/6/17,Day of week:,Wednesday,30.00,Grade Celsius,
3,5.84,W/m^2,20:39:11,28/6/17,Day of week:,Wednesday,30.00,Grade Celsius,
4,5.84,W/m^2,20:39:14,28/6/17,Day of week:,Wednesday,30.00,Grade Celsius,
4,7.30,W/m^2,20:39:17,28/6/17,Day of week:,Wednesday,30.00,Grade Celsius,
5,7.30,W/m^2,20:39:21,28/6/17,Day of week:,Wednesday,30.06,Grade Celsius,
4,11.69,W/m^2,20:39:24,28/6/17,Day of week:,Wednesday,30.06,Grade Celsius,
4,11.69,W/m^2,20:39:27,28/6/17,Day of week:,Wednesday,30.06,Grade Celsius,
4,8.76,W/m^2,20:39:30,28/6/17,Day of week:,Wednesday,30.06,Grade Celsius,
3,7.30,W/m^2,20:39:33,28/6/17,Day of week:,Wednesday,30.06,Grade Celsius,
4,7.30,W/m^2,20:39:36,28/6/17,Day of week:,Wednesday,30.06,Grade Celsius,
4,11.69,W/m^2,20:39:39,28/6/17,Day of week:,Wednesday,30.12,Grade Celsius,
3,5.84,W/m^2,20:39:42,28/6/17,Day of week:,Wednesday,30.12,Grade Celsius,
3,5.84,W/m^2,20:39:45,28/6/17,Day of week:,Wednesday,30.12,Grade Celsius,
2,5.84,W/m^2,20:39:48,28/6/17,Day of week:,Wednesday,30.12,Grade Celsius,
2,5.84,W/m^2,20:39:51,28/6/17,Day of week:,Wednesday,30.12,Grade Celsius,
2,11.69,W/m^2,20:39:54,28/6/17,Day of week:,Wednesday,30.06,Grade Celsius,
2,5.84,W/m^2,20:39:57,28/6/17,Day of week:,Wednesday,30.06,Grade Celsius,
3,5.84,W/m^2,20:40:00,28/6/17,Day of week:,Wednesday,30.06,Grade Celsius,
1,11.69,W/m^2,20:40:03,28/6/17,Day of week:,Wednesday,30.06,Grade Celsius,
5,11.69,W/m^2,20:40:06,28/6/17,Day of week:,Wednesday,30.06,Grade Celsius,
4,8.76,W/m^2,20:40:10,28/6/17,Day of week:,Wednesday,30.06,Grade Celsius,
3,5.84,W/m^2,20:40:13,28/6/17,Day of week:,Wednesday,30.06,Grade Celsius,
2,5.84,W/m^2,20:40:16,28/6/17,Day of week:,Wednesday,30.06,Grade Celsius,
4,7.30,W/m^2,20:40:19,28/6/17,Day of week:,Wednesday,30.00,Grade Celsius,
4,7.30,W/m^2,20:40:22,28/6/17,Day of week:,Wednesday,30.00,Grade Celsius,
3,5.84,W/m^2,20:40:25,28/6/17,Day of week:,Wednesday,30.00,Grade Celsius,
1,5.84,W/m^2,20:40:28,28/6/17,Day of week:,Wednesday,30.00,Grade Celsius,
2,5.84,W/m^2,20:40:31,28/6/17,Day of week:,Wednesday,30.00,Grade Celsius,
3,11.69,W/m^2,20:40:34,28/6/17,Day of week:,Wednesday,29.94,Grade Celsius,
4,8.76,W/m^2,20:40:37,28/6/17,Day of week:,Wednesday,30.00,Grade Celsius,
3,11.69,W/m^2,20:40:40,28/6/17,Day of week:,Wednesday,30.00,Grade Celsius,
3,11.69,W/m^2,20:40:43,28/6/17,Day of week:,Wednesday,30.00,Grade Celsius,
4,11.69,W/m^2,20:40:46,28/6/17,Day of week:,Wednesday,30.00,Grade Celsius,
3,5.84,W/m^2,20:40:49,28/6/17,Day of week:,Wednesday,30.00,Grade Celsius,
1,5.84,W/m^2,20:40:52,28/6/17,Day of week:,Wednesday,30.00,Grade Celsius,
2,5.84,W/m^2,20:40:55,28/6/17,Day of week:,Wednesday,30.00,Grade Celsius,
1,11.69,W/m^2,20:40:59,28/6/17,Day of week:,Wednesday,30.00,Grade Celsius,
2,2.92,W/m^2,20:41:02,28/6/17,Day of week:,Wednesday,30.00,Grade Celsius,
1,5.84,W/m^2,20:41:05,28/6/17,Day of week:,Wednesday,30.00,Grade Celsius,
2,5.84,W/m^2,20:41:08,28/6/17,Day of week:,Wednesday,30.00,Grade Celsius,
4,7.30,W/m^2,20:41:11,28/6/17,Day of week:,Wednesday,30.00,Grade Celsius,
4,7.30,W/m^2,20:41:14,28/6/17,Day of week:,Wednesday,30.00,Grade Celsius,
4,11.69,W/m^2,20:41:17,28/6/17,Day of week:,Wednesday,30.00,Grade Celsius,
4,11.69,W/m^2,20:41:20,28/6/17,Day of week:,Wednesday,30.00,Grade Celsius,
3,8.76,W/m^2,20:41:23,28/6/17,Day of week:,Wednesday,30.00,Grade Celsius,
3,8.76,W/m^2,20:41:26,28/6/17,Day of week:,Wednesday,30.00,Grade Celsius,
3,4.38,W/m^2,20:41:29,28/6/17,Day of week:,Wednesday,30.00,Grade Celsius,
3,5.84,W/m^2,20:41:32,28/6/17,Day of week:,Wednesday,29.94,Grade Celsius,
1,5.84,W/m^2,20:41:35,28/6/17,Day of week:,Wednesday,29.94,Grade Celsius,
1,5.84,W/m^2,20:41:38,28/6/17,Day of week:,Wednesday,29.94,Grade Celsius,
3,5.84,W/m^2,20:41:41,28/6/17,Day of week:,Wednesday,29.94,Grade Celsius,
2,5.84,W/m^2,20:41:45,28/6/17,Day of week:,Wednesday,29.94,Grade Celsius,
2,5.84,W/m^2,20:41:48,28/6/17,Day of week:,Wednesday,29.94,Grade Celsius,
1,5.84,W/m^2,20:41:51,28/6/17,Day of week:,Wednesday,29.94,Grade Celsius,
3,7.30,W/m^2,20:41:54,28/6/17,Day of week:,Wednesday,29.94,Grade Celsius,
4,5.84,W/m^2,20:41:57,28/6/17,Day of week:,Wednesday,29.94,Grade Celsius,
4,5.84,W/m^2,20:42:00,28/6/17,Day of week:,Wednesday,29.94,Grade Celsius,
3,11.69,W/m^2,20:42:03,28/6/17,Day of week:,Wednesday,29.87,Grade Celsius,
4,5.84,W/m^2,20:42:06,28/6/17,Day of week:,Wednesday,29.87,Grade Celsius,
3,5.84,W/m^2,20:42:09,28/6/17,Day of week:,Wednesday,29.94,Grade Celsius,
1,5.84,W/m^2,20:42:12,28/6/17,Day of week:,Wednesday,29.87,Grade Celsius,
1,5.84,W/m^2,20:42:15,28/6/17,Day of week:,Wednesday,29.87,Grade Celsius,
1,5.84,W/m^2,20:42:18,28/6/17,Day of week:,Wednesday,29.87,Grade Celsius,
2,5.84,W/m^2,20:42:21,28/6/17,Day of week:,Wednesday,29.81,Grade Celsius,
1,5.84,W/m^2,20:42:24,28/6/17,Day of week:,Wednesday,29.81,Grade Celsius,
2,5.84,W/m^2,20:42:27,28/6/17,Day of week:,Wednesday,29.81,Grade Celsius,
2,7.30,W/m^2,20:42:30,28/6/17,Day of week:,Wednesday,29.81,Grade Celsius,
3,5.84,W/m^2,20:42:34,28/6/17,Day of week:,Wednesday,29.87,Grade Celsius,
3,8.76,W/m^2,20:42:37,28/6/17,Day of week:,Wednesday,29.87,Grade Celsius,
3,5.84,W/m^2,20:42:40,28/6/17,Day of week:,Wednesday,29.87,Grade Celsius,
3,2.92,W/m^2,20:42:43,28/6/17,Day of week:,Wednesday,29.87,Grade Celsius,
3,7.30,W/m^2,20:42:46,28/6/17,Day of week:,Wednesday,29.87,Grade Celsius,
3,5.84,W/m^2,20:42:49,28/6/17,Day of week:,Wednesday,29.87,Grade Celsius,
1,5.84,W/m^2,20:42:52,28/6/17,Day of week:,Wednesday,29.87,Grade Celsius,
2,5.84,W/m^2,20:42:55,28/6/17,Day of week:,Wednesday,29.94,Grade Celsius,
2,8.76,W/m^2,20:42:58,28/6/17,Day of week:,Wednesday,29.94,Grade Celsius,
3,7.30,W/m^2,20:43:01,28/6/17,Day of week:,Wednesday,29.94,Grade Celsius,
3,4.38,W/m^2,20:43:04,28/6/17,Day of week:,Wednesday,29.94,Grade Celsius,
3,5.84,W/m^2,20:43:07,28/6/17,Day of week:,Wednesday,29.94,Grade Celsius,
2,5.84,W/m^2,20:43:10,28/6/17,Day of week:,Wednesday,29.94,Grade Celsius,
1,5.84,W/m^2,20:43:13,28/6/17,Day of week:,Wednesday,29.87,Grade Celsius,
2,5.84,W/m^2,20:43:16,28/6/17,Day of week:,Wednesday,29.87,Grade Celsius,
3,7.30,W/m^2,20:43:19,28/6/17,Day of week:,Wednesday,29.87,Grade Celsius,
3,8.76,W/m^2,20:43:23,28/6/17,Day of week:,Wednesday,29.94,Grade Celsius,
1,7.30,W/m^2,20:43:26,28/6/17,Day of week:,Wednesday,29.87,Grade Celsius,
3,8.76,W/m^2,20:43:29,28/6/17,Day of week:,Wednesday,29.87,Grade Celsius,
3,11.69,W/m^2,20:43:32,28/6/17,Day of week:,Wednesday,29.87,Grade Celsius,
3,5.84,W/m^2,20:43:35,28/6/17,Day of week:,Wednesday,29.87,Grade Celsius,
1,5.84,W/m^2,20:43:38,28/6/17,Day of week:,Wednesday,29.87,Grade Celsius,
2,5.84,W/m^2,20:43:41,28/6/17,Day of week:,Wednesday,29.87,Grade Celsius,
3,11.69,W/m^2,20:43:44,28/6/17,Day of week:,Wednesday,29.81,Grade Celsius,
3,7.30,W/m^2,20:43:47,28/6/17,Day of week:,Wednesday,29.87,Grade Celsius,
3,5.84,W/m^2,20:43:50,28/6/17,Day of week:,Wednesday,29.81,Grade Celsius,
1,4.38,W/m^2,20:43:53,28/6/17,Day of week:,Wednesday,29.81,Grade Celsius,
2,5.84,W/m^2,20:43:56,28/6/17,Day of week:,Wednesday,29.81,Grade Celsius,
1,5.84,W/m^2,20:43:59,28/6/17,Day of week:,Wednesday,29.87,Grade Celsius,
1,7.30,W/m^2,20:44:02,28/6/17,Day of week:,Wednesday,29.81,Grade Celsius,
3,7.30,W/m^2,20:44:05,28/6/17,Day of week:,Wednesday,29.81,Grade Celsius,
2,2.92,W/m^2,20:44:09,28/6/17,Day of week:,Wednesday,29.81,Grade Celsius,
1,8.76,W/m^2,20:44:12,28/6/17,Day of week:,Wednesday,29.81,Grade Celsius,
4,7.30,W/m^2,20:44:15,28/6/17,Day of week:,Wednesday,29.81,Grade Celsius,
1,7.30,W/m^2,20:44:18,28/6/17,Day of week:,Wednesday,29.81,Grade Celsius,
3,5.84,W/m^2,20:44:21,28/6/17,Day of week:,Wednesday,29.81,Grade Celsius,
3,2.92,W/m^2,20:44:24,28/6/17,Day of week:,Wednesday,29.75,Grade Celsius,
1,5.84,W/m^2,20:44:27,28/6/17,Day of week:,Wednesday,29.75,Grade Celsius,
3,5.84,W/m^2,20:44:30,28/6/17,Day of week:,Wednesday,29.75,Grade Celsius,
2,2.92,W/m^2,20:44:33,28/6/17,Day of week:,Wednesday,29.75,Grade Celsius,
1,2.92,W/m^2,20:44:36,28/6/17,Day of week:,Wednesday,29.81,Grade Celsius,
2,5.84,W/m^2,20:44:39,28/6/17,Day of week:,Wednesday,29.81,Grade Celsius,
2,8.76,W/m^2,20:44:42,28/6/17,Day of week:,Wednesday,29.81,Grade Celsius,
4,8.76,W/m^2,20:44:45,28/6/17,Day of week:,Wednesday,29.81,Grade Celsius,
3,11.69,W/m^2,20:44:48,28/6/17,Day of week:,Wednesday,29.81,Grade Celsius,
4,7.30,W/m^2,20:44:51,28/6/17,Day of week:,Wednesday,29.81,Grade Celsius,
3,7.30,W/m^2,20:44:55,28/6/17,Day of week:,Wednesday,29.81,Grade Celsius,
3,5.84,W/m^2,20:44:58,28/6/17,Day of week:,Wednesday,29.81,Grade Celsius,
3,7.30,W/m^2,20:45:01,28/6/17,Day of week:,Wednesday,29.81,Grade Celsius,
3,5.84,W/m^2,20:45:04,28/6/17,Day of week:,Wednesday,29.75,Grade Celsius,
2,5.84,W/m^2,20:45:07,28/6/17,Day of week:,Wednesday,29.75,Grade Celsius,
3,5.84,W/m^2,20:45:10,28/6/17,Day of week:,Wednesday,29.75,Grade Celsius,
3,5.84,W/m^2,20:45:13,28/6/17,Day of week:,Wednesday,29.81,Grade Celsius,
3,11.69,W/m^2,20:45:16,28/6/17,Day of week:,Wednesday,29.81,Grade Celsius,
3,5.84,W/m^2,20:45:19,28/6/17,Day of week:,Wednesday,29.81,Grade Celsius,
2,5.84,W/m^2,20:45:22,28/6/17,Day of week:,Wednesday,29.81,Grade Celsius,
2,4.38,W/m^2,20:45:25,28/6/17,Day of week:,Wednesday,29.81,Grade Celsius,
1,7.30,W/m^2,20:45:28,28/6/17,Day of week:,Wednesday,29.81,Grade Celsius,
2,7.30,W/m^2,20:45:31,28/6/17,Day of week:,Wednesday,29.81,Grade Celsius,
2,5.84,W/m^2,20:45:34,28/6/17,Day of week:,Wednesday,29.87,Grade Celsius,
1,7.30,W/m^2,20:45:37,28/6/17,Day of week:,Wednesday,29.81,Grade Celsius,
0,5.84,W/m^2,20:45:40,28/6/17,Day of week:,Wednesday,29.81,Grade Celsius,
3,5.84,W/m^2,20:45:44,28/6/17,Day of week:,Wednesday,29.81,Grade Celsius,
3,5.84,W/m^2,20:45:47,28/6/17,Day of week:,Wednesday,29.81,Grade Celsius,
3,5.84,W/m^2,20:45:50,28/6/17,Day of week:,Wednesday,29.87,Grade Celsius,
3,7.30,W/m^2,20:45:53,28/6/17,Day of week:,Wednesday,29.81,Grade Celsius,
3,7.30,W/m^2,20:45:56,28/6/17,Day of week:,Wednesday,29.81,Grade Celsius,
3,5.84,W/m^2,20:45:59,28/6/17,Day of week:,Wednesday,29.81,Grade Celsius,
1,2.92,W/m^2,20:46:02,28/6/17,Day of week:,Wednesday,29.81,Grade Celsius,
1,5.84,W/m^2,20:46:05,28/6/17,Day of week:,Wednesday,29.81,Grade Celsius,
2,5.84,W/m^2,20:46:08,28/6/17,Day of week:,Wednesday,29.81,Grade Celsius,
2,11.69,W/m^2,20:46:11,28/6/17,Day of week:,Wednesday,29.75,Grade Celsius,
1,4.38,W/m^2,20:46:14,28/6/17,Day of week:,Wednesday,29.75,Grade Celsius,
1,7.30,W/m^2,20:46:17,28/6/17,Day of week:,Wednesday,29.75,Grade Celsius,
3,5.84,W/m^2,20:46:20,28/6/17,Day of week:,Wednesday,29.69,Grade Celsius,
3,5.84,W/m^2,20:46:23,28/6/17,Day of week:,Wednesday,29.69,Grade Celsius,
4,8.76,W/m^2,20:46:26,28/6/17,Day of week:,Wednesday,29.69,Grade Celsius,
2,2.92,W/m^2,20:46:29,28/6/17,Day of week:,Wednesday,29.69,Grade Celsius,
2,5.84,W/m^2,20:46:33,28/6/17,Day of week:,Wednesday,29.69,Grade Celsius,
0,5.84,W/m^2,20:46:36,28/6/17,Day of week:,Wednesday,29.69,Grade Celsius,
3,5.84,W/m^2,20:46:39,28/6/17,Day of week:,Wednesday,29.69,Grade Celsius,
1,5.84,W/m^2,20:46:42,28/6/17,Day of week:,Wednesday,29.69,Grade Celsius,
1,4.38,W/m^2,20:46:45,28/6/17,Day of week:,Wednesday,29.69,Grade Celsius,
1,5.84,W/m^2,20:46:48,28/6/17,Day of week:,Wednesday,29.69,Grade Celsius,
1,5.84,W/m^2,20:46:51,28/6/17,Day of week:,Wednesday,29.69,Grade Celsius,
1,7.30,W/m^2,20:46:54,28/6/17,Day of week:,Wednesday,29.69,Grade Celsius,
1,5.84,W/m^2,20:46:57,28/6/17,Day of week:,Wednesday,29.69,Grade Celsius,
1,5.84,W/m^2,20:47:00,28/6/17,Day of week:,Wednesday,29.69,Grade Celsius,
2,7.30,W/m^2,20:47:03,28/6/17,Day of week:,Wednesday,29.69,Grade Celsius,
3,7.30,W/m^2,20:47:06,28/6/17,Day of week:,Wednesday,29.69,Grade Celsius,
4,8.76,W/m^2,20:47:09,28/6/17,Day of week:,Wednesday,29.62,Grade Celsius,
3,5.84,W/m^2,20:47:12,28/6/17,Day of week:,Wednesday,29.62,Grade Celsius,
3,7.30,W/m^2,20:47:15,28/6/17,Day of week:,Wednesday,29.62,Grade Celsius,
3,7.30,W/m^2,20:47:19,28/6/17,Day of week:,Wednesday,29.62,Grade Celsius,
1,5.84,W/m^2,20:47:22,28/6/17,Day of week:,Wednesday,29.62,Grade Celsius,
2,1.46,W/m^2,20:47:25,28/6/17,Day of week:,Wednesday,29.62,Grade Celsius,
2,5.84,W/m^2,20:47:28,28/6/17,Day of week:,Wednesday,29.62,Grade Celsius,
0,2.92,W/m^2,20:47:31,28/6/17,Day of week:,Wednesday,29.62,Grade Celsius,
1,2.92,W/m^2,20:47:34,28/6/17,Day of week:,Wednesday,29.56,Grade Celsius,
2,2.92,W/m^2,20:47:37,28/6/17,Day of week:,Wednesday,29.56,Grade Celsius,
0,4.38,W/m^2,20:47:40,28/6/17,Day of week:,Wednesday,29.62,Grade Celsius,
1,5.84,W/m^2,20:47:43,28/6/17,Day of week:,Wednesday,29.62,Grade Celsius,
4,5.84,W/m^2,20:47:46,28/6/17,Day of week:,Wednesday,29.62,Grade Celsius,
3,5.84,W/m^2,20:47:49,28/6/17,Day of week:,Wednesday,29.62,Grade Celsius,
3,5.84,W/m^2,20:47:52,28/6/17,Day of week:,Wednesday,29.62,Grade Celsius,
1,5.84,W/m^2,20:47:55,28/6/17,Day of week:,Wednesday,29.69,Grade Celsius,
3,5.84,W/m^2,20:47:58,28/6/17,Day of week:,Wednesday,29.69,Grade Celsius,
2,1.46,W/m^2,20:48:01,28/6/17,Day of week:,Wednesday,29.69,Grade Celsius,
0,5.84,W/m^2,20:48:05,28/6/17,Day of week:,Wednesday,29.69,Grade Celsius,
1,2.92,W/m^2,20:48:08,28/6/17,Day of week:,Wednesday,29.69,Grade Celsius,
1,5.84,W/m^2,20:48:11,28/6/17,Day of week:,Wednesday,29.75,Grade Celsius,
3,7.30,W/m^2,20:48:14,28/6/17,Day of week:,Wednesday,29.75,Grade Celsius,
2,7.30,W/m^2,20:48:17,28/6/17,Day of week:,Wednesday,29.75,Grade Celsius,
1,5.84,W/m^2,20:48:20,28/6/17,Day of week:,Wednesday,29.75,Grade Celsius,
1,7.30,W/m^2,20:48:23,28/6/17,Day of week:,Wednesday,29.75,Grade Celsius,
2,5.84,W/m^2,20:48:26,28/6/17,Day of week:,Wednesday,29.75,Grade Celsius,
3,5.84,W/m^2,20:48:29,28/6/17,Day of week:,Wednesday,29.75,Grade Celsius,
2,7.30,W/m^2,20:48:32,28/6/17,Day of week:,Wednesday,29.75,Grade Celsius,
3,5.84,W/m^2,20:48:35,28/6/17,Day of week:,Wednesday,29.75,Grade Celsius,
3,5.84,W/m^2,20:48:38,28/6/17,Day of week:,Wednesday,29.75,Grade Celsius,
1,5.84,W/m^2,20:48:41,28/6/17,Day of week:,Wednesday,29.69,Grade Celsius,
2,5.84,W/m^2,20:48:44,28/6/17,Day of week:,Wednesday,29.75,Grade Celsius,
2,5.84,W/m^2,20:48:47,28/6/17,Day of week:,Wednesday,29.75,Grade Celsius,
2,5.84,W/m^2,20:48:50,28/6/17,Day of week:,Wednesday,29.75,Grade Celsius,
0,5.84,W/m^2,20:48:54,28/6/17,Day of week:,Wednesday,29.75,Grade Celsius,
1,5.84,W/m^2,20:48:57,28/6/17,Day of week:,Wednesday,29.69,Grade Celsius,
1,5.84,W/m^2,20:49:00,28/6/17,Day of week:,Wednesday,29.69,Grade Celsius,
1,2.92,W/m^2,20:49:03,28/6/17,Day of week:,Wednesday,29.75,Grade Celsius,
0,5.84,W/m^2,20:49:06,28/6/17,Day of week:,Wednesday,29.75,Grade Celsius,
3,5.84,W/m^2,20:49:09,28/6/17,Day of week:,Wednesday,29.75,Grade Celsius,
2,5.84,W/m^2,20:49:12,28/6/17,Day of week:,Wednesday,29.75,Grade Celsius,
2,4.38,W/m^2,20:49:15,28/6/17,Day of week:,Wednesday,29.75,Grade Celsius,
0,5.84,W/m^2,20:49:18,28/6/17,Day of week:,Wednesday,29.75,Grade Celsius,
3,5.84,W/m^2,20:49:21,28/6/17,Day of week:,Wednesday,29.69,Grade Celsius,
2,5.84,W/m^2,20:49:24,28/6/17,Day of week:,Wednesday,29.69,Grade Celsius,
2,2.92,W/m^2,20:49:27,28/6/17,Day of week:,Wednesday,29.69,Grade Celsius,
0,2.92,W/m^2,20:49:30,28/6/17,Day of week:,Wednesday,29.62,Grade Celsius,
0,2.92,W/m^2,20:49:34,28/6/17,Day of week:,Wednesday,29.62,Grade Celsius,
0,5.84,W/m^2,20:49:37,28/6/17,Day of week:,Wednesday,29.62,Grade Celsius,
1,11.69,W/m^2,20:49:40,28/6/17,Day of week:,Wednesday,29.62,Grade Celsius,
0,2.92,W/m^2,20:49:43,28/6/17,Day of week:,Wednesday,29.62,Grade Celsius,
0,5.84,W/m^2,20:49:46,28/6/17,Day of week:,Wednesday,29.62,Grade Celsius,
2,4.38,W/m^2,20:49:49,28/6/17,Day of week:,Wednesday,29.62,Grade Celsius,
2,5.84,W/m^2,20:49:52,28/6/17,Day of week:,Wednesday,29.62,Grade Celsius,
2,2.92,W/m^2,20:49:55,28/6/17,Day of week:,Wednesday,29.62,Grade Celsius,
1,2.92,W/m^2,20:49:58,28/6/17,Day of week:,Wednesday,29.62,Grade Celsius,
0,5.84,W/m^2,20:50:01,28/6/17,Day of week:,Wednesday,29.62,Grade Celsius,
0,2.92,W/m^2,20:50:04,28/6/17,Day of week:,Wednesday,29.62,Grade Celsius,
0,2.92,W/m^2,20:50:07,28/6/17,Day of week:,Wednesday,29.62,Grade Celsius,
1,2.92,W/m^2,20:50:10,28/6/17,Day of week:,Wednesday,29.62,Grade Celsius,
1,5.84,W/m^2,20:50:13,28/6/17,Day of week:,Wednesday,29.56,Grade Celsius,
2,5.84,W/m^2,20:50:16,28/6/17,Day of week:,Wednesday,29.56,Grade Celsius,
2,4.38,W/m^2,20:50:19,28/6/17,Day of week:,Wednesday,29.56,Grade Celsius,
2,5.84,W/m^2,20:50:23,28/6/17,Day of week:,Wednesday,29.50,Grade Celsius,
3,5.84,W/m^2,20:50:26,28/6/17,Day of week:,Wednesday,29.50,Grade Celsius,
1,5.84,W/m^2,20:50:29,28/6/17,Day of week:,Wednesday,29.50,Grade Celsius,
1,2.92,W/m^2,20:50:32,28/6/17,Day of week:,Wednesday,29.56,Grade Celsius,
0,5.84,W/m^2,20:50:35,28/6/17,Day of week:,Wednesday,29.50,Grade Celsius,
0,5.84,W/m^2,20:50:38,28/6/17,Day of week:,Wednesday,29.56,Grade Celsius,
0,4.38,W/m^2,20:50:41,28/6/17,Day of week:,Wednesday,29.56,Grade Celsius,
1,5.84,W/m^2,20:50:44,28/6/17,Day of week:,Wednesday,29.56,Grade Celsius,
0,2.92,W/m^2,20:50:47,28/6/17,Day of week:,Wednesday,29.56,Grade Celsius,
0,2.92,W/m^2,20:50:50,28/6/17,Day of week:,Wednesday,29.56,Grade Celsius,
0,5.84,W/m^2,20:50:53,28/6/17,Day of week:,Wednesday,29.56,Grade Celsius,
1,5.84,W/m^2,20:50:56,28/6/17,Day of week:,Wednesday,29.56,Grade Celsius,
2,5.84,W/m^2,20:50:59,28/6/17,Day of week:,Wednesday,29.56,Grade Celsius,
2,2.92,W/m^2,20:51:02,28/6/17,Day of week:,Wednesday,29.56,Grade Celsius,
1,5.84,W/m^2,20:51:05,28/6/17,Day of week:,Wednesday,29.50,Grade Celsius,
2,4.38,W/m^2,20:51:08,28/6/17,Day of week:,Wednesday,29.56,Grade Celsius,
0,1.46,W/m^2,20:51:12,28/6/17,Day of week:,Wednesday,29.56,Grade Celsius,
0,2.92,W/m^2,20:51:15,28/6/17,Day of week:,Wednesday,29.56,Grade Celsius,
0,5.84,W/m^2,20:51:18,28/6/17,Day of week:,Wednesday,29.56,Grade Celsius,
0,5.84,W/m^2,20:51:21,28/6/17,Day of week:,Wednesday,29.56,Grade Celsius,
2,5.84,W/m^2,20:51:24,28/6/17,Day of week:,Wednesday,29.56,Grade Celsius,
0,5.84,W/m^2,20:51:27,28/6/17,Day of week:,Wednesday,29.56,Grade Celsius,
1,4.38,W/m^2,20:51:30,28/6/17,Day of week:,Wednesday,29.56,Grade Celsius,
1,4.38,W/m^2,20:51:33,28/6/17,Day of week:,Wednesday,29.62,Grade Celsius,
1,5.84,W/m^2,20:51:36,28/6/17,Day of week:,Wednesday,29.56,Grade Celsius,
1,1.46,W/m^2,20:51:39,28/6/17,Day of week:,Wednesday,29.56,Grade Celsius,
0,4.38,W/m^2,20:51:42,28/6/17,Day of week:,Wednesday,29.56,Grade Celsius,
0,5.84,W/m^2,20:51:45,28/6/17,Day of week:,Wednesday,29.56,Grade Celsius,
0,2.92,W/m^2,20:51:48,28/6/17,Day of week:,Wednesday,29.50,Grade Celsius,
0,5.84,W/m^2,20:51:51,28/6/17,Day of week:,Wednesday,29.56,Grade Celsius,
1,5.84,W/m^2,20:51:54,28/6/17,Day of week:,Wednesday,29.50,Grade Celsius,
1,5.84,W/m^2,20:51:58,28/6/17,Day of week:,Wednesday,29.56,Grade Celsius,
1,2.92,W/m^2,20:52:01,28/6/17,Day of week:,Wednesday,29.50,Grade Celsius,
0,0.00,W/m^2,20:52:04,28/6/17,Day of week:,Wednesday,29.56,Grade Celsius,
0,1.46,W/m^2,20:52:07,28/6/17,Day of week:,Wednesday,29.56,Grade Celsius,
0,2.92,W/m^2,20:52:10,28/6/17,Day of week:,Wednesday,29.56,Grade Celsius,
0,1.46,W/m^2,20:52:13,28/6/17,Day of week:,Wednesday,29.50,Grade Celsius,
0,2.92,W/m^2,20:52:16,28/6/17,Day of week:,Wednesday,29.56,Grade Celsius,
0,2.92,W/m^2,20:52:19,28/6/17,Day of week:,Wednesday,29.56,Grade Celsius,
1,0.00,W/m^2,20:52:22,28/6/17,Day of week:,Wednesday,29.56,Grade Celsius,
1,5.84,W/m^2,20:52:25,28/6/17,Day of week:,Wednesday,29.56,Grade Celsius,
1,5.84,W/m^2,20:52:28,28/6/17,Day of week:,Wednesday,29.56,Grade Celsius,
0,5.84,W/m^2,20:52:31,28/6/17,Day of week:,Wednesday,29.56,Grade Celsius,
0,5.84,W/m^2,20:52:34,28/6/17,Day of week:,Wednesday,29.56,Grade Celsius,
2,5.84,W/m^2,20:52:37,28/6/17,Day of week:,Wednesday,29.50,Grade Celsius,
0,5.84,W/m^2,20:52:40,28/6/17,Day of week:,Wednesday,29.56,Grade Celsius,
1,2.92,W/m^2,20:52:43,28/6/17,Day of week:,Wednesday,29.50,Grade Celsius,
0,1.46,W/m^2,20:52:47,28/6/17,Day of week:,Wednesday,29.50,Grade Celsius,
0,1.46,W/m^2,20:52:50,28/6/17,Day of week:,Wednesday,29.50,Grade Celsius,
1,2.92,W/m^2,20:52:53,28/6/17,Day of week:,Wednesday,29.50,Grade Celsius,
0,2.92,W/m^2,20:52:56,28/6/17,Day of week:,Wednesday,29.50,Grade Celsius,
0,0.00,W/m^2,20:52:59,28/6/17,Day of week:,Wednesday,29.50,Grade Celsius,
0,5.84,W/m^2,20:53:02,28/6/17,Day of week:,Wednesday,29.50,Grade Celsius,
1,5.84,W/m^2,20:53:05,28/6/17,Day of week:,Wednesday,29.50,Grade Celsius,
1,5.84,W/m^2,20:53:08,28/6/17,Day of week:,Wednesday,29.50,Grade Celsius,
0,5.84,W/m^2,20:53:11,28/6/17,Day of week:,Wednesday,29.50,Grade Celsius,
2,5.84,W/m^2,20:53:14,28/6/17,Day of week:,Wednesday,29.50,Grade Celsius,
1,2.92,W/m^2,20:53:17,28/6/17,Day of week:,Wednesday,29.50,Grade Celsius,
1,1.46,W/m^2,20:53:20,28/6/17,Day of week:,Wednesday,29.50,Grade Celsius,
1,1.46,W/m^2,20:53:23,28/6/17,Day of week:,Wednesday,29.50,Grade Celsius,
0,1.46,W/m^2,20:53:26,28/6/17,Day of week:,Wednesday,29.50,Grade Celsius,
0,5.84,W/m^2,20:53:29,28/6/17,Day of week:,Wednesday,29.56,Grade Celsius,
0,2.92,W/m^2,20:53:33,28/6/17,Day of week:,Wednesday,29.50,Grade Celsius,
0,4.38,W/m^2,20:53:36,28/6/17,Day of week:,Wednesday,29.50,Grade Celsius,
1,5.84,W/m^2,20:53:39,28/6/17,Day of week:,Wednesday,29.50,Grade Celsius,
2,4.38,W/m^2,20:53:42,28/6/17,Day of week:,Wednesday,29.44,Grade Celsius,
1,5.84,W/m^2,20:53:45,28/6/17,Day of week:,Wednesday,29.44,Grade Celsius,
1,5.84,W/m^2,20:53:48,28/6/17,Day of week:,Wednesday,29.44,Grade Celsius,
1,1.46,W/m^2,20:53:51,28/6/17,Day of week:,Wednesday,29.44,Grade Celsius,
1,2.92,W/m^2,20:53:54,28/6/17,Day of week:,Wednesday,29.37,Grade Celsius,
0,2.92,W/m^2,20:53:57,28/6/17,Day of week:,Wednesday,29.37,Grade Celsius,
1,0.00,W/m^2,20:54:00,28/6/17,Day of week:,Wednesday,29.37,Grade Celsius,
0,2.92,W/m^2,20:54:03,28/6/17,Day of week:,Wednesday,29.37,Grade Celsius,
0,0.00,W/m^2,20:54:06,28/6/17,Day of week:,Wednesday,29.37,Grade Celsius,
0,2.92,W/m^2,20:54:09,28/6/17,Day of week:,Wednesday,29.31,Grade Celsius,
0,5.84,W/m^2,20:54:12,28/6/17,Day of week:,Wednesday,29.31,Grade Celsius,
0,1.46,W/m^2,20:54:15,28/6/17,Day of week:,Wednesday,29.31,Grade Celsius,
0,0.00,W/m^2,20:54:18,28/6/17,Day of week:,Wednesday,29.31,Grade Celsius,
0,5.84,W/m^2,20:54:22,28/6/17,Day of week:,Wednesday,29.31,Grade Celsius,
1,5.84,W/m^2,20:54:25,28/6/17,Day of week:,Wednesday,29.31,Grade Celsius,
1,5.84,W/m^2,20:54:28,28/6/17,Day of week:,Wednesday,29.31,Grade Celsius,
1,1.46,W/m^2,20:54:31,28/6/17,Day of week:,Wednesday,29.31,Grade Celsius,
0,1.46,W/m^2,20:54:34,28/6/17,Day of week:,Wednesday,29.31,Grade Celsius,
0,2.92,W/m^2,20:54:37,28/6/17,Day of week:,Wednesday,29.37,Grade Celsius,
0,0.00,W/m^2,20:54:40,28/6/17,Day of week:,Wednesday,29.37,Grade Celsius,
0,1.46,W/m^2,20:54:43,28/6/17,Day of week:,Wednesday,29.37,Grade Celsius,
0,0.00,W/m^2,20:54:46,28/6/17,Day of week:,Wednesday,29.37,Grade Celsius,
0,5.84,W/m^2,20:54:49,28/6/17,Day of week:,Wednesday,29.37,Grade Celsius,
1,5.84,W/m^2,20:54:52,28/6/17,Day of week:,Wednesday,29.37,Grade Celsius,
1,2.92,W/m^2,20:54:55,28/6/17,Day of week:,Wednesday,29.37,Grade Celsius,
0,2.92,W/m^2,20:54:58,28/6/17,Day of week:,Wednesday,29.37,Grade Celsius,
1,2.92,W/m^2,20:55:01,28/6/17,Day of week:,Wednesday,29.37,Grade Celsius,
0,1.46,W/m^2,20:55:04,28/6/17,Day of week:,Wednesday,29.37,Grade Celsius,
0,0.00,W/m^2,20:55:08,28/6/17,Day of week:,Wednesday,29.37,Grade Celsius,
0,1.46,W/m^2,20:55:11,28/6/17,Day of week:,Wednesday,29.37,Grade Celsius,
0,2.92,W/m^2,20:55:14,28/6/17,Day of week:,Wednesday,29.37,Grade Celsius,
0,1.46,W/m^2,20:55:17,28/6/17,Day of week:,Wednesday,29.31,Grade Celsius,
0,1.46,W/m^2,20:55:20,28/6/17,Day of week:,Wednesday,29.31,Grade Celsius,
0,4.38,W/m^2,20:55:23,28/6/17,Day of week:,Wednesday,29.31,Grade Celsius,
1,2.92,W/m^2,20:55:26,28/6/17,Day of week:,Wednesday,29.31,Grade Celsius,
1,2.92,W/m^2,20:55:29,28/6/17,Day of week:,Wednesday,29.31,Grade Celsius,
0,2.92,W/m^2,20:55:32,28/6/17,Day of week:,Wednesday,29.31,Grade Celsius,
0,0.00,W/m^2,20:55:35,28/6/17,Day of week:,Wednesday,29.31,Grade Celsius,
1,2.92,W/m^2,20:55:38,28/6/17,Day of week:,Wednesday,29.31,Grade Celsius,
0,0.00,W/m^2,20:55:41,28/6/17,Day of week:,Wednesday,29.31,Grade Celsius,
0,0.00,W/m^2,20:55:44,28/6/17,Day of week:,Wednesday,29.31,Grade Celsius,
0,1.46,W/m^2,20:55:47,28/6/17,Day of week:,Wednesday,29.31,Grade Celsius,
0,5.84,W/m^2,20:55:50,28/6/17,Day of week:,Wednesday,29.31,Grade Celsius,
1,5.84,W/m^2,20:55:53,28/6/17,Day of week:,Wednesday,29.31,Grade Celsius,
1,2.92,W/m^2,20:55:57,28/6/17,Day of week:,Wednesday,29.31,Grade Celsius,
0,0.00,W/m^2,20:56:00,28/6/17,Day of week:,Wednesday,29.31,Grade Celsius,
0,2.92,W/m^2,20:56:03,28/6/17,Day of week:,Wednesday,29.31,Grade Celsius,
0,1.46,W/m^2,20:56:06,28/6/17,Day of week:,Wednesday,29.31,Grade Celsius,
0,0.00,W/m^2,20:56:09,28/6/17,Day of week:,Wednesday,29.37,Grade Celsius,
0,0.00,W/m^2,20:56:12,28/6/17,Day of week:,Wednesday,29.37,Grade Celsius,
0,0.00,W/m^2,20:56:15,28/6/17,Day of week:,Wednesday,29.44,Grade Celsius,
0,5.84,W/m^2,20:56:18,28/6/17,Day of week:,Wednesday,29.37,Grade Celsius,
0,0.00,W/m^2,20:56:21,28/6/17,Day of week:,Wednesday,29.37,Grade Celsius,
0,2.92,W/m^2,20:56:24,28/6/17,Day of week:,Wednesday,29.37,Grade Celsius,
0,5.84,W/m^2,20:56:27,28/6/17,Day of week:,Wednesday,29.37,Grade Celsius,
0,5.84,W/m^2,20:56:30,28/6/17,Day of week:,Wednesday,29.37,Grade Celsius,
1,1.46,W/m^2,20:56:33,28/6/17,Day of week:,Wednesday,29.37,Grade Celsius,
0,2.92,W/m^2,20:56:36,28/6/17,Day of week:,Wednesday,29.37,Grade Celsius,
0,0.00,W/m^2,20:56:40,28/6/17,Day of week:,Wednesday,29.37,Grade Celsius,
0,1.46,W/m^2,20:56:43,28/6/17,Day of week:,Wednesday,29.37,Grade Celsius,
0,0.00,W/m^2,20:56:46,28/6/17,Day of week:,Wednesday,29.37,Grade Celsius,
0,0.00,W/m^2,20:56:49,28/6/17,Day of week:,Wednesday,29.37,Grade Celsius,
0,0.00,W/m^2,20:56:52,28/6/17,Day of week:,Wednesday,29.37,Grade Celsius,
0,2.92,W/m^2,20:56:55,28/6/17,Day of week:,Wednesday,29.37,Grade Celsius,
0,4.38,W/m^2,20:56:58,28/6/17,Day of week:,Wednesday,29.37,Grade Celsius,
0,5.84,W/m^2,20:57:01,28/6/17,Day of week:,Wednesday,29.31,Grade Celsius,
0,2.92,W/m^2,20:57:04,28/6/17,Day of week:,Wednesday,29.37,Grade Celsius,
0,2.92,W/m^2,20:57:07,28/6/17,Day of week:,Wednesday,29.31,Grade Celsius,
0,0.00,W/m^2,20:57:10,28/6/17,Day of week:,Wednesday,29.31,Grade Celsius,
0,0.00,W/m^2,20:57:13,28/6/17,Day of week:,Wednesday,29.31,Grade Celsius,
0,0.00,W/m^2,20:57:16,28/6/17,Day of week:,Wednesday,29.31,Grade Celsius,
0,0.00,W/m^2,20:57:19,28/6/17,Day of week:,Wednesday,29.31,Grade Celsius,
0,5.84,W/m^2,20:57:22,28/6/17,Day of week:,Wednesday,29.31,Grade Celsius,
0,0.00,W/m^2,20:57:25,28/6/17,Day of week:,Wednesday,29.31,Grade Celsius,
0,0.00,W/m^2,20:57:29,28/6/17,Day of week:,Wednesday,29.31,Grade Celsius,
0,0.00,W/m^2,20:57:32,28/6/17,Day of week:,Wednesday,29.31,Grade Celsius,
0,2.92,W/m^2,20:57:35,28/6/17,Day of week:,Wednesday,29.25,Grade Celsius,
0,2.92,W/m^2,20:57:38,28/6/17,Day of week:,Wednesday,29.31,Grade Celsius,
0,1.46,W/m^2,20:57:41,28/6/17,Day of week:,Wednesday,29.25,Grade Celsius,
0,2.92,W/m^2,20:57:44,28/6/17,Day of week:,Wednesday,29.31,Grade Celsius,
0,0.00,W/m^2,20:57:47,28/6/17,Day of week:,Wednesday,29.25,Grade Celsius,
0,0.00,W/m^2,20:57:50,28/6/17,Day of week:,Wednesday,29.25,Grade Celsius,
0,0.00,W/m^2,20:57:53,28/6/17,Day of week:,Wednesday,29.25,Grade Celsius,
0,0.00,W/m^2,20:57:56,28/6/17,Day of week:,Wednesday,29.25,Grade Celsius,
0,0.00,W/m^2,20:57:59,28/6/17,Day of week:,Wednesday,29.25,Grade Celsius,
0,0.00,W/m^2,20:58:02,28/6/17,Day of week:,Wednesday,29.31,Grade Celsius,
0,0.00,W/m^2,20:58:05,28/6/17,Day of week:,Wednesday,29.25,Grade Celsius,
0,0.00,W/m^2,20:58:08,28/6/17,Day of week:,Wednesday,29.25,Grade Celsius,
0,0.00,W/m^2,20:58:11,28/6/17,Day of week:,Wednesday,29.25,Grade Celsius,
0,1.46,W/m^2,20:58:14,28/6/17,Day of week:,Wednesday,29.25,Grade Celsius,
0,0.00,W/m^2,20:58:18,28/6/17,Day of week:,Wednesday,29.19,Grade Celsius,
0,0.00,W/m^2,20:58:21,28/6/17,Day of week:,Wednesday,29.19,Grade Celsius,
0,0.00,W/m^2,20:58:24,28/6/17,Day of week:,Wednesday,29.19,Grade Celsius,
0,0.00,W/m^2,20:58:27,28/6/17,Day of week:,Wednesday,29.19,Grade Celsius,
0,0.00,W/m^2,20:58:30,28/6/17,Day of week:,Wednesday,29.19,Grade Celsius,
0,0.00,W/m^2,20:58:33,28/6/17,Day of week:,Wednesday,29.19,Grade Celsius,
0,1.46,W/m^2,20:58:36,28/6/17,Day of week:,Wednesday,29.19,Grade Celsius,
0,2.92,W/m^2,20:58:39,28/6/17,Day of week:,Wednesday,29.19,Grade Celsius,
0,1.46,W/m^2,20:58:42,28/6/17,Day of week:,Wednesday,29.19,Grade Celsius,
0,0.00,W/m^2,20:58:45,28/6/17,Day of week:,Wednesday,29.19,Grade Celsius,
0,0.00,W/m^2,20:58:48,28/6/17,Day of week:,Wednesday,29.19,Grade Celsius,
0,0.00,W/m^2,20:58:51,28/6/17,Day of week:,Wednesday,29.19,Grade Celsius,
0,0.00,W/m^2,20:58:54,28/6/17,Day of week:,Wednesday,29.19,Grade Celsius,
0,0.00,W/m^2,20:58:57,28/6/17,Day of week:,Wednesday,29.19,Grade Celsius,
0,0.00,W/m^2,20:59:00,28/6/17,Day of week:,Wednesday,29.19,Grade Celsius,
0,1.46,W/m^2,20:59:03,28/6/17,Day of week:,Wednesday,29.19,Grade Celsius,
0,0.00,W/m^2,20:59:07,28/6/17,Day of week:,Wednesday,29.19,Grade Celsius,
0,0.00,W/m^2,20:59:10,28/6/17,Day of week:,Wednesday,29.19,Grade Celsius,
0,1.46,W/m^2,20:59:13,28/6/17,Day of week:,Wednesday,29.19,Grade Celsius,
0,0.00,W/m^2,20:59:16,28/6/17,Day of week:,Wednesday,29.19,Grade Celsius,
0,0.00,W/m^2,20:59:19,28/6/17,Day of week:,Wednesday,29.19,Grade Celsius,
0,0.00,W/m^2,20:59:22,28/6/17,Day of week:,Wednesday,29.19,Grade Celsius,
0,0.00,W/m^2,20:59:25,28/6/17,Day of week:,Wednesday,29.19,Grade Celsius,
0,0.00,W/m^2,20:59:28,28/6/17,Day of week:,Wednesday,29.19,Grade Celsius,
0,0.00,W/m^2,20:59:31,28/6/17,Day of week:,Wednesday,29.12,Grade Celsius,
0,0.00,W/m^2,20:59:34,28/6/17,Day of week:,Wednesday,29.12,Grade Celsius,
0,0.00,W/m^2,20:59:37,28/6/17,Day of week:,Wednesday,29.12,Grade Celsius,
0,0.00,W/m^2,20:59:40,28/6/17,Day of week:,Wednesday,29.12,Grade Celsius,
0,0.00,W/m^2,20:59:43,28/6/17,Day of week:,Wednesday,29.12,Grade Celsius,
0,0.00,W/m^2,20:59:46,28/6/17,Day of week:,Wednesday,29.12,Grade Celsius,
0,0.00,W/m^2,20:59:49,28/6/17,Day of week:,Wednesday,29.06,Grade Celsius,
0,0.00,W/m^2,20:59:52,28/6/17,Day of week:,Wednesday,29.06,Grade Celsius,
0,0.00,W/m^2,20:59:56,28/6/17,Day of week:,Wednesday,29.12,Grade Celsius,
0,0.00,W/m^2,20:59:59,28/6/17,Day of week:,Wednesday,29.06,Grade Celsius,
0,0.00,W/m^2,21:00:02,28/6/17,Day of week:,Wednesday,29.06,Grade Celsius,
0,0.00,W/m^2,21:00:05,28/6/17,Day of week:,Wednesday,29.06,Grade Celsius,
0,0.00,W/m^2,21:00:08,28/6/17,Day of week:,Wednesday,29.06,Grade Celsius,
0,0.00,W/m^2,21:00:11,28/6/17,Day of week:,Wednesday,29.06,Grade Celsius,
0,0.00,W/m^2,21:00:14,28/6/17,Day of week:,Wednesday,29.06,Grade Celsius,
0,0.00,W/m^2,21:00:17,28/6/17,Day of week:,Wednesday,29.00,Grade Celsius,
0,0.00,W/m^2,21:00:20,28/6/17,Day of week:,Wednesday,29.06,Grade Celsius,
0,0.00,W/m^2,21:00:23,28/6/17,Day of week:,Wednesday,29.06,Grade Celsius,
0,0.00,W/m^2,21:00:26,28/6/17,Day of week:,Wednesday,29.00,Grade Celsius,
0,0.00,W/m^2,21:00:29,28/6/17,Day of week:,Wednesday,29.06,Grade Celsius,
0,0.00,W/m^2,21:00:32,28/6/17,Day of week:,Wednesday,29.06,Grade Celsius,
0,0.00,W/m^2,21:00:36,28/6/17,Day of week:,Wednesday,29.06,Grade Celsius,
0,0.00,W/m^2,21:00:39,28/6/17,Day of week:,Wednesday,29.06,Grade Celsius,
0,0.00,W/m^2,21:00:42,28/6/17,Day of week:,Wednesday,29.06,Grade Celsius,
0,0.00,W/m^2,21:00:45,28/6/17,Day of week:,Wednesday,29.00,Grade Celsius,
0,0.00,W/m^2,21:00:48,28/6/17,Day of week:,Wednesday,29.00,Grade Celsius,
0,0.00,W/m^2,21:00:51,28/6/17,Day of week:,Wednesday,29.00,Grade Celsius,
0,0.00,W/m^2,21:00:54,28/6/17,Day of week:,Wednesday,29.00,Grade Celsius,
0,0.00,W/m^2,21:00:57,28/6/17,Day of week:,Wednesday,29.00,Grade Celsius,
0,0.00,W/m^2,21:01:00,28/6/17,Day of week:,Wednesday,29.00,Grade Celsius,
0,0.00,W/m^2,21:01:03,28/6/17,Day of week:,Wednesday,29.00,Grade Celsius,
0,0.00,W/m^2,21:01:06,28/6/17,Day of week:,Wednesday,29.00,Grade Celsius,
0,0.00,W/m^2,21:01:09,28/6/17,Day of week:,Wednesday,29.00,Grade Celsius,
0,0.00,W/m^2,21:01:12,28/6/17,Day of week:,Wednesday,29.00,Grade Celsius,
0,0.00,W/m^2,21:01:15,28/6/17,Day of week:,Wednesday,29.00,Grade Celsius,
0,0.00,W/m^2,21:01:18,28/6/17,Day of week:,Wednesday,29.00,Grade Celsius,
0,0.00,W/m^2,21:01:21,28/6/17,Day of week:,Wednesday,29.00,Grade Celsius,
0,0.00,W/m^2,21:01:25,28/6/17,Day of week:,Wednesday,29.00,Grade Celsius,
0,0.00,W/m^2,21:01:28,28/6/17,Day of week:,Wednesday,29.00,Grade Celsius,
0,0.00,W/m^2,21:01:31,28/6/17,Day of week:,Wednesday,28.94,Grade Celsius,
0,0.00,W/m^2,21:01:34,28/6/17,Day of week:,Wednesday,29.00,Grade Celsius,
0,0.00,W/m^2,21:01:37,28/6/17,Day of week:,Wednesday,28.94,Grade Celsius,
0,0.00,W/m^2,21:01:40,28/6/17,Day of week:,Wednesday,28.94,Grade Celsius,
0,0.00,W/m^2,21:01:43,28/6/17,Day of week:,Wednesday,29.00,Grade Celsius,
0,0.00,W/m^2,21:01:46,28/6/17,Day of week:,Wednesday,29.00,Grade Celsius,
0,0.00,W/m^2,21:01:49,28/6/17,Day of week:,Wednesday,29.00,Grade Celsius,
0,0.00,W/m^2,21:01:52,28/6/17,Day of week:,Wednesday,29.00,Grade Celsius,
0,0.00,W/m^2,21:01:55,28/6/17,Day of week:,Wednesday,29.00,Grade Celsius,
0,0.00,W/m^2,21:01:58,28/6/17,Day of week:,Wednesday,28.94,Grade Celsius,
0,0.00,W/m^2,21:02:01,28/6/17,Day of week:,Wednesday,28.94,Grade Celsius,
0,0.00,W/m^2,21:02:04,28/6/17,Day of week:,Wednesday,28.94,Grade Celsius,
0,0.00,W/m^2,21:02:07,28/6/17,Day of week:,Wednesday,29.00,Grade Celsius,
0,0.00,W/m^2,21:02:11,28/6/17,Day of week:,Wednesday,29.00,Grade Celsius,
0,0.00,W/m^2,21:02:14,28/6/17,Day of week:,Wednesday,29.00,Grade Celsius,
0,0.00,W/m^2,21:02:17,28/6/17,Day of week:,Wednesday,29.00,Grade Celsius,
0,0.00,W/m^2,21:02:20,28/6/17,Day of week:,Wednesday,29.00,Grade Celsius,
0,0.00,W/m^2,21:02:23,28/6/17,Day of week:,Wednesday,29.00,Grade Celsius,
0,0.00,W/m^2,21:02:26,28/6/17,Day of week:,Wednesday,29.00,Grade Celsius,
0,0.00,W/m^2,21:02:29,28/6/17,Day of week:,Wednesday,29.00,Grade Celsius,
0,0.00,W/m^2,21:02:32,28/6/17,Day of week:,Wednesday,29.00,Grade Celsius,
0,0.00,W/m^2,21:02:35,28/6/17,Day of week:,Wednesday,28.94,Grade Celsius,
0,0.00,W/m^2,21:02:38,28/6/17,Day of week:,Wednesday,28.94,Grade Celsius,
0,0.00,W/m^2,21:02:41,28/6/17,Day of week:,Wednesday,28.94,Grade Celsius,
0,0.00,W/m^2,21:02:44,28/6/17,Day of week:,Wednesday,28.94,Grade Celsius,
0,0.00,W/m^2,21:02:47,28/6/17,Day of week:,Wednesday,28.94,Grade Celsius,
0,0.00,W/m^2,21:02:50,28/6/17,Day of week:,Wednesday,28.87,Grade Celsius,
0,0.00,W/m^2,21:02:53,28/6/17,Day of week:,Wednesday,28.87,Grade Celsius,
0,0.00,W/m^2,21:02:56,28/6/17,Day of week:,Wednesday,28.87,Grade Celsius,
0,0.00,W/m^2,21:03:00,28/6/17,Day of week:,Wednesday,28.87,Grade Celsius,
0,0.00,W/m^2,21:03:03,28/6/17,Day of week:,Wednesday,28.87,Grade Celsius,
0,0.00,W/m^2,21:03:06,28/6/17,Day of week:,Wednesday,28.87,Grade Celsius,
0,0.00,W/m^2,21:03:09,28/6/17,Day of week:,Wednesday,28.87,Grade Celsius,
0,0.00,W/m^2,21:03:12,28/6/17,Day of week:,Wednesday,28.87,Grade Celsius,
0,0.00,W/m^2,21:03:15,28/6/17,Day of week:,Wednesday,28.87,Grade Celsius,
0,0.00,W/m^2,21:03:18,28/6/17,Day of week:,Wednesday,28.87,Grade Celsius,
0,0.00,W/m^2,21:03:21,28/6/17,Day of week:,Wednesday,28.87,Grade Celsius,
0,0.00,W/m^2,21:03:24,28/6/17,Day of week:,Wednesday,28.87,Grade Celsius,
0,0.00,W/m^2,21:03:27,28/6/17,Day of week:,Wednesday,28.87,Grade Celsius,
0,0.00,W/m^2,21:03:30,28/6/17,Day of week:,Wednesday,28.87,Grade Celsius,
0,0.00,W/m^2,21:03:33,28/6/17,Day of week:,Wednesday,28.87,Grade Celsius,
0,0.00,W/m^2,21:03:36,28/6/17,Day of week:,Wednesday,28.87,Grade Celsius,
0,0.00,W/m^2,21:03:39,28/6/17,Day of week:,Wednesday,28.87,Grade Celsius,
0,0.00,W/m^2,21:03:42,28/6/17,Day of week:,Wednesday,28.87,Grade Celsius,
0,0.00,W/m^2,21:03:46,28/6/17,Day of week:,Wednesday,28.94,Grade Celsius,
0,0.00,W/m^2,21:03:49,28/6/17,Day of week:,Wednesday,28.94,Grade Celsius,
0,0.00,W/m^2,21:03:52,28/6/17,Day of week:,Wednesday,28.94,Grade Celsius,
0,0.00,W/m^2,21:03:55,28/6/17,Day of week:,Wednesday,28.94,Grade Celsius,
0,0.00,W/m^2,21:03:58,28/6/17,Day of week:,Wednesday,28.94,Grade Celsius,
0,0.00,W/m^2,21:04:01,28/6/17,Day of week:,Wednesday,28.94,Grade Celsius,
0,0.00,W/m^2,21:04:04,28/6/17,Day of week:,Wednesday,28.94,Grade Celsius,
0,0.00,W/m^2,21:04:07,28/6/17,Day of week:,Wednesday,28.94,Grade Celsius,
0,0.00,W/m^2,21:04:10,28/6/17,Day of week:,Wednesday,28.94,Grade Celsius,
0,0.00,W/m^2,21:04:13,28/6/17,Day of week:,Wednesday,28.94,Grade Celsius,
0,0.00,W/m^2,21:04:16,28/6/17,Day of week:,Wednesday,28.94,Grade Celsius,
0,0.00,W/m^2,21:04:19,28/6/17,Day of week:,Wednesday,28.87,Grade Celsius,
0,0.00,W/m^2,21:04:22,28/6/17,Day of week:,Wednesday,28.94,Grade Celsius,
0,0.00,W/m^2,21:04:25,28/6/17,Day of week:,Wednesday,28.87,Grade Celsius,
0,0.00,W/m^2,21:04:28,28/6/17,Day of week:,Wednesday,28.87,Grade Celsius,
0,0.00,W/m^2,21:04:31,28/6/17,Day of week:,Wednesday,28.94,Grade Celsius,
0,0.00,W/m^2,21:04:35,28/6/17,Day of week:,Wednesday,28.94,Grade Celsius,
0,0.00,W/m^2,21:04:38,28/6/17,Day of week:,Wednesday,28.94,Grade Celsius,
0,0.00,W/m^2,21:04:41,28/6/17,Day of week:,Wednesday,28.94,Grade Celsius,
0,0.00,W/m^2,21:04:44,28/6/17,Day of week:,Wednesday,28.94,Grade Celsius,
0,0.00,W/m^2,21:04:47,28/6/17,Day of week:,Wednesday,28.94,Grade Celsius,
0,0.00,W/m^2,21:04:50,28/6/17,Day of week:,Wednesday,28.94,Grade Celsius,
0,0.00,W/m^2,21:04:53,28/6/17,Day of week:,Wednesday,28.87,Grade Celsius,
0,0.00,W/m^2,21:04:56,28/6/17,Day of week:,Wednesday,28.87,Grade Celsius,
0,0.00,W/m^2,21:04:59,28/6/17,Day of week:,Wednesday,28.87,Grade Celsius,
0,0.00,W/m^2,21:05:02,28/6/17,Day of week:,Wednesday,28.87,Grade Celsius,
0,0.00,W/m^2,21:05:05,28/6/17,Day of week:,Wednesday,28.87,Grade Celsius,
0,0.00,W/m^2,21:05:08,28/6/17,Day of week:,Wednesday,28.87,Grade Celsius,
0,0.00,W/m^2,21:05:11,28/6/17,Day of week:,Wednesday,28.87,Grade Celsius,
0,0.00,W/m^2,21:05:14,28/6/17,Day of week:,Wednesday,28.81,Grade Celsius,
0,0.00,W/m^2,21:05:17,28/6/17,Day of week:,Wednesday,28.87,Grade Celsius,
0,0.00,W/m^2,21:05:20,28/6/17,Day of week:,Wednesday,28.81,Grade Celsius,
0,0.00,W/m^2,21:05:24,28/6/17,Day of week:,Wednesday,28.81,Grade Celsius,
0,0.00,W/m^2,21:05:27,28/6/17,Day of week:,Wednesday,28.81,Grade Celsius,
0,0.00,W/m^2,21:05:30,28/6/17,Day of week:,Wednesday,28.81,Grade Celsius,
0,0.00,W/m^2,21:05:33,28/6/17,Day of week:,Wednesday,28.81,Grade Celsius,
0,0.00,W/m^2,21:05:36,28/6/17,Day of week:,Wednesday,28.81,Grade Celsius,
0,0.00,W/m^2,21:05:39,28/6/17,Day of week:,Wednesday,28.75,Grade Celsius,
0,0.00,W/m^2,21:05:42,28/6/17,Day of week:,Wednesday,28.75,Grade Celsius,
0,0.00,W/m^2,21:05:45,28/6/17,Day of week:,Wednesday,28.75,Grade Celsius,
0,0.00,W/m^2,21:05:48,28/6/17,Day of week:,Wednesday,28.75,Grade Celsius,
0,0.00,W/m^2,21:05:51,28/6/17,Day of week:,Wednesday,28.75,Grade Celsius,
0,0.00,W/m^2,21:05:54,28/6/17,Day of week:,Wednesday,28.75,Grade Celsius,
0,0.00,W/m^2,21:05:57,28/6/17,Day of week:,Wednesday,28.75,Grade Celsius,
0,0.00,W/m^2,21:06:00,28/6/17,Day of week:,Wednesday,28.75,Grade Celsius,
0,0.00,W/m^2,21:06:03,28/6/17,Day of week:,Wednesday,28.81,Grade Celsius,
0,0.00,W/m^2,21:06:06,28/6/17,Day of week:,Wednesday,28.81,Grade Celsius,
0,0.00,W/m^2,21:06:10,28/6/17,Day of week:,Wednesday,28.75,Grade Celsius,
0,0.00,W/m^2,21:06:13,28/6/17,Day of week:,Wednesday,28.81,Grade Celsius,
0,0.00,W/m^2,21:06:16,28/6/17,Day of week:,Wednesday,28.81,Grade Celsius,
0,0.00,W/m^2,21:06:19,28/6/17,Day of week:,Wednesday,28.81,Grade Celsius,
0,0.00,W/m^2,21:06:22,28/6/17,Day of week:,Wednesday,28.81,Grade Celsius,
0,0.00,W/m^2,21:06:25,28/6/17,Day of week:,Wednesday,28.81,Grade Celsius,
0,0.00,W/m^2,21:06:28,28/6/17,Day of week:,Wednesday,28.81,Grade Celsius,
0,0.00,W/m^2,21:06:31,28/6/17,Day of week:,Wednesday,28.81,Grade Celsius,
0,0.00,W/m^2,21:06:34,28/6/17,Day of week:,Wednesday,28.81,Grade Celsius,
0,0.00,W/m^2,21:06:37,28/6/17,Day of week:,Wednesday,28.81,Grade Celsius,
0,0.00,W/m^2,21:06:40,28/6/17,Day of week:,Wednesday,28.81,Grade Celsius,
0,0.00,W/m^2,21:06:43,28/6/17,Day of week:,Wednesday,28.81,Grade Celsius,
0,0.00,W/m^2,21:06:46,28/6/17,Day of week:,Wednesday,28.81,Grade Celsius,
0,0.00,W/m^2,21:06:49,28/6/17,Day of week:,Wednesday,28.81,Grade Celsius,
0,0.00,W/m^2,21:06:52,28/6/17,Day of week:,Wednesday,28.81,Grade Celsius,
0,0.00,W/m^2,21:06:56,28/6/17,Day of week:,Wednesday,28.81,Grade Celsius,
0,0.00,W/m^2,21:06:59,28/6/17,Day of week:,Wednesday,28.81,Grade Celsius,
0,0.00,W/m^2,21:07:02,28/6/17,Day of week:,Wednesday,28.81,Grade Celsius,
0,0.00,W/m^2,21:07:05,28/6/17,Day of week:,Wednesday,28.81,Grade Celsius,
0,0.00,W/m^2,21:07:08,28/6/17,Day of week:,Wednesday,28.87,Grade Celsius,
0,0.00,W/m^2,21:07:11,28/6/17,Day of week:,Wednesday,28.87,Grade Celsius,
0,0.00,W/m^2,21:07:14,28/6/17,Day of week:,Wednesday,28.81,Grade Celsius,
0,0.00,W/m^2,21:07:17,28/6/17,Day of week:,Wednesday,28.81,Grade Celsius,
0,0.00,W/m^2,21:07:20,28/6/17,Day of week:,Wednesday,28.81,Grade Celsius,
0,0.00,W/m^2,21:07:23,28/6/17,Day of week:,Wednesday,28.81,Grade Celsius,
0,0.00,W/m^2,21:07:26,28/6/17,Day of week:,Wednesday,28.81,Grade Celsius,
0,0.00,W/m^2,21:07:29,28/6/17,Day of week:,Wednesday,28.81,Grade Celsius,
0,0.00,W/m^2,21:07:32,28/6/17,Day of week:,Wednesday,28.81,Grade Celsius,
0,0.00,W/m^2,21:07:35,28/6/17,Day of week:,Wednesday,28.75,Grade Celsius,
0,0.00,W/m^2,21:07:38,28/6/17,Day of week:,Wednesday,28.75,Grade Celsius,
0,0.00,W/m^2,21:07:41,28/6/17,Day of week:,Wednesday,28.75,Grade Celsius,
0,0.00,W/m^2,21:07:45,28/6/17,Day of week:,Wednesday,28.81,Grade Celsius,
0,0.00,W/m^2,21:07:48,28/6/17,Day of week:,Wednesday,28.75,Grade Celsius,
0,0.00,W/m^2,21:07:51,28/6/17,Day of week:,Wednesday,28.75,Grade Celsius,
0,0.00,W/m^2,21:07:54,28/6/17,Day of week:,Wednesday,28.75,Grade Celsius,
0,0.00,W/m^2,21:07:57,28/6/17,Day of week:,Wednesday,28.75,Grade Celsius,
0,0.00,W/m^2,21:08:00,28/6/17,Day of week:,Wednesday,28.75,Grade Celsius,
0,0.00,W/m^2,21:08:03,28/6/17,Day of week:,Wednesday,28.75,Grade Celsius,
0,0.00,W/m^2,21:08:06,28/6/17,Day of week:,Wednesday,28.75,Grade Celsius,
0,0.00,W/m^2,21:08:09,28/6/17,Day of week:,Wednesday,28.75,Grade Celsius,
0,0.00,W/m^2,21:08:12,28/6/17,Day of week:,Wednesday,28.75,Grade Celsius,
0,0.00,W/m^2,21:08:15,28/6/17,Day of week:,Wednesday,28.75,Grade Celsius,
0,0.00,W/m^2,21:08:18,28/6/17,Day of week:,Wednesday,28.75,Grade Celsius,
0,0.00,W/m^2,21:08:21,28/6/17,Day of week:,Wednesday,28.69,Grade Celsius,
0,0.00,W/m^2,21:08:24,28/6/17,Day of week:,Wednesday,28.69,Grade Celsius,
0,0.00,W/m^2,21:08:27,28/6/17,Day of week:,Wednesday,28.69,Grade Celsius,
0,0.00,W/m^2,21:08:30,28/6/17,Day of week:,Wednesday,28.69,Grade Celsius,
0,0.00,W/m^2,21:08:34,28/6/17,Day of week:,Wednesday,28.69,Grade Celsius,
0,0.00,W/m^2,21:08:37,28/6/17,Day of week:,Wednesday,28.69,Grade Celsius,
0,0.00,W/m^2,21:08:40,28/6/17,Day of week:,Wednesday,28.69,Grade Celsius,
0,0.00,W/m^2,21:08:43,28/6/17,Day of week:,Wednesday,28.69,Grade Celsius,
0,0.00,W/m^2,21:08:46,28/6/17,Day of week:,Wednesday,28.69,Grade Celsius,
0,0.00,W/m^2,21:08:49,28/6/17,Day of week:,Wednesday,28.75,Grade Celsius,
0,0.00,W/m^2,21:08:52,28/6/17,Day of week:,Wednesday,28.69,Grade Celsius,
0,0.00,W/m^2,21:08:55,28/6/17,Day of week:,Wednesday,28.75,Grade Celsius,
0,0.00,W/m^2,21:08:58,28/6/17,Day of week:,Wednesday,28.75,Grade Celsius,
0,0.00,W/m^2,21:09:01,28/6/17,Day of week:,Wednesday,28.75,Grade Celsius,
0,0.00,W/m^2,21:09:04,28/6/17,Day of week:,Wednesday,28.75,Grade Celsius,
0,0.00,W/m^2,21:09:07,28/6/17,Day of week:,Wednesday,28.75,Grade Celsius,
0,0.00,W/m^2,21:09:10,28/6/17,Day of week:,Wednesday,28.69,Grade Celsius,
0,0.00,W/m^2,21:09:13,28/6/17,Day of week:,Wednesday,28.69,Grade Celsius,
0,0.00,W/m^2,21:09:16,28/6/17,Day of week:,Wednesday,28.69,Grade Celsius,
0,0.00,W/m^2,21:09:19,28/6/17,Day of week:,Wednesday,28.69,Grade Celsius,
0,0.00,W/m^2,21:09:23,28/6/17,Day of week:,Wednesday,28.69,Grade Celsius,
0,0.00,W/m^2,21:09:26,28/6/17,Day of week:,Wednesday,28.69,Grade Celsius,
0,0.00,W/m^2,21:09:29,28/6/17,Day of week:,Wednesday,28.69,Grade Celsius,
0,0.00,W/m^2,21:09:32,28/6/17,Day of week:,Wednesday,28.69,Grade Celsius,
0,0.00,W/m^2,21:09:35,28/6/17,Day of week:,Wednesday,28.69,Grade Celsius,
0,0.00,W/m^2,21:09:38,28/6/17,Day of week:,Wednesday,28.62,Grade Celsius,
0,0.00,W/m^2,21:09:41,28/6/17,Day of week:,Wednesday,28.62,Grade Celsius,
0,0.00,W/m^2,21:09:44,28/6/17,Day of week:,Wednesday,28.62,Grade Celsius,
0,0.00,W/m^2,21:09:47,28/6/17,Day of week:,Wednesday,28.62,Grade Celsius,
0,0.00,W/m^2,21:09:50,28/6/17,Day of week:,Wednesday,28.62,Grade Celsius,
0,0.00,W/m^2,21:09:53,28/6/17,Day of week:,Wednesday,28.62,Grade Celsius,
0,0.00,W/m^2,21:09:56,28/6/17,Day of week:,Wednesday,28.62,Grade Celsius,
0,0.00,W/m^2,21:09:59,28/6/17,Day of week:,Wednesday,28.69,Grade Celsius,
0,0.00,W/m^2,21:10:02,28/6/17,Day of week:,Wednesday,28.62,Grade Celsius,
0,0.00,W/m^2,21:10:05,28/6/17,Day of week:,Wednesday,28.69,Grade Celsius,
0,0.00,W/m^2,21:10:09,28/6/17,Day of week:,Wednesday,28.69,Grade Celsius,
0,0.00,W/m^2,21:10:12,28/6/17,Day of week:,Wednesday,28.62,Grade Celsius,
0,0.00,W/m^2,21:10:15,28/6/17,Day of week:,Wednesday,28.62,Grade Celsius,
0,0.00,W/m^2,21:10:18,28/6/17,Day of week:,Wednesday,28.62,Grade Celsius,
0,0.00,W/m^2,21:10:21,28/6/17,Day of week:,Wednesday,28.62,Grade Celsius,
0,0.00,W/m^2,21:10:24,28/6/17,Day of week:,Wednesday,28.62,Grade Celsius,
0,0.00,W/m^2,21:10:27,28/6/17,Day of week:,Wednesday,28.56,Grade Celsius,
0,0.00,W/m^2,21:10:30,28/6/17,Day of week:,Wednesday,28.56,Grade Celsius,
0,0.00,W/m^2,21:10:33,28/6/17,Day of week:,Wednesday,28.56,Grade Celsius,
0,0.00,W/m^2,21:10:36,28/6/17,Day of week:,Wednesday,28.62,Grade Celsius,
0,0.00,W/m^2,21:10:39,28/6/17,Day of week:,Wednesday,28.62,Grade Celsius,
0,0.00,W/m^2,21:10:42,28/6/17,Day of week:,Wednesday,28.62,Grade Celsius,
0,0.00,W/m^2,21:10:45,28/6/17,Day of week:,Wednesday,28.62,Grade Celsius,
0,0.00,W/m^2,21:10:48,28/6/17,Day of week:,Wednesday,28.69,Grade Celsius,
0,0.00,W/m^2,21:10:51,28/6/17,Day of week:,Wednesday,28.69,Grade Celsius,
0,0.00,W/m^2,21:10:54,28/6/17,Day of week:,Wednesday,28.69,Grade Celsius,
0,0.00,W/m^2,21:10:58,28/6/17,Day of week:,Wednesday,28.69,Grade Celsius,
0,0.00,W/m^2,21:11:01,28/6/17,Day of week:,Wednesday,28.62,Grade Celsius,
0,0.00,W/m^2,21:11:04,28/6/17,Day of week:,Wednesday,28.62,Grade Celsius,
0,0.00,W/m^2,21:11:07,28/6/17,Day of week:,Wednesday,28.62,Grade Celsius,
0,0.00,W/m^2,21:11:10,28/6/17,Day of week:,Wednesday,28.62,Grade Celsius,
0,0.00,W/m^2,21:11:13,28/6/17,Day of week:,Wednesday,28.62,Grade Celsius,
0,0.00,W/m^2,21:11:16,28/6/17,Day of week:,Wednesday,28.62,Grade Celsius,
0,0.00,W/m^2,21:11:19,28/6/17,Day of week:,Wednesday,28.62,Grade Celsius,
0,0.00,W/m^2,21:11:22,28/6/17,Day of week:,Wednesday,28.62,Grade Celsius,
0,0.00,W/m^2,21:11:25,28/6/17,Day of week:,Wednesday,28.56,Grade Celsius,
0,0.00,W/m^2,21:11:28,28/6/17,Day of week:,Wednesday,28.56,Grade Celsius,
0,0.00,W/m^2,21:11:31,28/6/17,Day of week:,Wednesday,28.56,Grade Celsius,
0,0.00,W/m^2,21:11:34,28/6/17,Day of week:,Wednesday,28.50,Grade Celsius,
0,0.00,W/m^2,21:11:37,28/6/17,Day of week:,Wednesday,28.50,Grade Celsius,
0,0.00,W/m^2,21:11:41,28/6/17,Day of week:,Wednesday,28.56,Grade Celsius,
0,0.00,W/m^2,21:11:44,28/6/17,Day of week:,Wednesday,28.56,Grade Celsius,
0,0.00,W/m^2,21:11:47,28/6/17,Day of week:,Wednesday,28.50,Grade Celsius,
0,0.00,W/m^2,21:11:50,28/6/17,Day of week:,Wednesday,28.50,Grade Celsius,
0,0.00,W/m^2,21:11:53,28/6/17,Day of week:,Wednesday,28.56,Grade Celsius,
0,0.00,W/m^2,21:11:56,28/6/17,Day of week:,Wednesday,28.56,Grade Celsius,
0,0.00,W/m^2,21:11:59,28/6/17,Day of week:,Wednesday,28.56,Grade Celsius,
0,0.00,W/m^2,21:12:02,28/6/17,Day of week:,Wednesday,28.50,Grade Celsius,
0,0.00,W/m^2,21:12:05,28/6/17,Day of week:,Wednesday,28.50,Grade Celsius,
0,0.00,W/m^2,21:12:08,28/6/17,Day of week:,Wednesday,28.50,Grade Celsius,
0,0.00,W/m^2,21:12:11,28/6/17,Day of week:,Wednesday,28.50,Grade Celsius,
0,0.00,W/m^2,21:12:14,28/6/17,Day of week:,Wednesday,28.50,Grade Celsius,
0,0.00,W/m^2,21:12:17,28/6/17,Day of week:,Wednesday,28.50,Grade Celsius,
0,0.00,W/m^2,21:12:20,28/6/17,Day of week:,Wednesday,28.50,Grade Celsius,
0,0.00,W/m^2,21:12:24,28/6/17,Day of week:,Wednesday,28.50,Grade Celsius,
0,0.00,W/m^2,21:12:27,28/6/17,Day of week:,Wednesday,28.50,Grade Celsius,
0,0.00,W/m^2,21:12:30,28/6/17,Day of week:,Wednesday,28.50,Grade Celsius,
0,0.00,W/m^2,21:12:33,28/6/17,Day of week:,Wednesday,28.50,Grade Celsius,
0,0.00,W/m^2,21:12:36,28/6/17,Day of week:,Wednesday,28.50,Grade Celsius,
0,0.00,W/m^2,21:12:39,28/6/17,Day of week:,Wednesday,28.50,Grade Celsius,
0,0.00,W/m^2,21:12:42,28/6/17,Day of week:,Wednesday,28.50,Grade Celsius,
0,0.00,W/m^2,21:12:45,28/6/17,Day of week:,Wednesday,28.50,Grade Celsius,
0,0.00,W/m^2,21:12:48,28/6/17,Day of week:,Wednesday,28.50,Grade Celsius,
0,0.00,W/m^2,21:12:51,28/6/17,Day of week:,Wednesday,28.50,Grade Celsius,
0,0.00,W/m^2,21:12:54,28/6/17,Day of week:,Wednesday,28.50,Grade Celsius,
0,0.00,W/m^2,21:12:57,28/6/17,Day of week:,Wednesday,28.50,Grade Celsius,
0,0.00,W/m^2,21:13:00,28/6/17,Day of week:,Wednesday,28.50,Grade Celsius,
0,0.00,W/m^2,21:13:03,28/6/17,Day of week:,Wednesday,28.50,Grade Celsius,
0,0.00,W/m^2,21:13:06,28/6/17,Day of week:,Wednesday,28.50,Grade Celsius,
0,0.00,W/m^2,21:13:09,28/6/17,Day of week:,Wednesday,28.50,Grade Celsius,
0,0.00,W/m^2,21:13:13,28/6/17,Day of week:,Wednesday,28.50,Grade Celsius,
0,0.00,W/m^2,21:13:16,28/6/17,Day of week:,Wednesday,28.50,Grade Celsius,
0,0.00,W/m^2,21:13:19,28/6/17,Day of week:,Wednesday,28.50,Grade Celsius,
0,0.00,W/m^2,21:13:22,28/6/17,Day of week:,Wednesday,28.50,Grade Celsius,
0,0.00,W/m^2,21:13:25,28/6/17,Day of week:,Wednesday,28.50,Grade Celsius,
0,0.00,W/m^2,21:13:28,28/6/17,Day of week:,Wednesday,28.50,Grade Celsius,
0,0.00,W/m^2,21:13:31,28/6/17,Day of week:,Wednesday,28.50,Grade Celsius,
0,0.00,W/m^2,21:13:34,28/6/17,Day of week:,Wednesday,28.50,Grade Celsius,
0,0.00,W/m^2,21:13:37,28/6/17,Day of week:,Wednesday,28.50,Grade Celsius,
0,0.00,W/m^2,21:13:40,28/6/17,Day of week:,Wednesday,28.50,Grade Celsius,
0,0.00,W/m^2,21:13:43,28/6/17,Day of week:,Wednesday,28.50,Grade Celsius,
0,0.00,W/m^2,21:13:46,28/6/17,Day of week:,Wednesday,28.50,Grade Celsius,
0,0.00,W/m^2,21:13:49,28/6/17,Day of week:,Wednesday,28.44,Grade Celsius,
0,0.00,W/m^2,21:13:52,28/6/17,Day of week:,Wednesday,28.44,Grade Celsius,
0,0.00,W/m^2,21:13:55,28/6/17,Day of week:,Wednesday,28.44,Grade Celsius,
0,0.00,W/m^2,21:13:58,28/6/17,Day of week:,Wednesday,28.44,Grade Celsius,
0,0.00,W/m^2,21:14:02,28/6/17,Day of week:,Wednesday,28.44,Grade Celsius,
0,0.00,W/m^2,21:14:05,28/6/17,Day of week:,Wednesday,28.44,Grade Celsius,
0,0.00,W/m^2,21:14:08,28/6/17,Day of week:,Wednesday,28.44,Grade Celsius,
0,0.00,W/m^2,21:14:11,28/6/17,Day of week:,Wednesday,28.44,Grade Celsius,
0,0.00,W/m^2,21:14:14,28/6/17,Day of week:,Wednesday,28.44,Grade Celsius,
0,0.00,W/m^2,21:14:17,28/6/17,Day of week:,Wednesday,28.44,Grade Celsius,
0,0.00,W/m^2,21:14:20,28/6/17,Day of week:,Wednesday,28.37,Grade Celsius,
0,0.00,W/m^2,21:14:23,28/6/17,Day of week:,Wednesday,28.37,Grade Celsius,
0,0.00,W/m^2,21:14:26,28/6/17,Day of week:,Wednesday,28.37,Grade Celsius,
0,0.00,W/m^2,21:14:29,28/6/17,Day of week:,Wednesday,28.37,Grade Celsius,
0,0.00,W/m^2,21:14:32,28/6/17,Day of week:,Wednesday,28.37,Grade Celsius,
0,0.00,W/m^2,21:14:35,28/6/17,Day of week:,Wednesday,28.37,Grade Celsius,
0,0.00,W/m^2,21:14:38,28/6/17,Day of week:,Wednesday,28.37,Grade Celsius,
0,0.00,W/m^2,21:14:41,28/6/17,Day of week:,Wednesday,28.37,Grade Celsius,
0,0.00,W/m^2,21:14:44,28/6/17,Day of week:,Wednesday,28.37,Grade Celsius,
0,0.00,W/m^2,21:14:48,28/6/17,Day of week:,Wednesday,28.37,Grade Celsius,
0,0.00,W/m^2,21:14:51,28/6/17,Day of week:,Wednesday,28.37,Grade Celsius,
0,0.00,W/m^2,21:14:54,28/6/17,Day of week:,Wednesday,28.37,Grade Celsius,
0,0.00,W/m^2,21:14:57,28/6/17,Day of week:,Wednesday,28.37,Grade Celsius,
0,0.00,W/m^2,21:15:00,28/6/17,Day of week:,Wednesday,28.44,Grade Celsius,
0,0.00,W/m^2,21:15:03,28/6/17,Day of week:,Wednesday,28.44,Grade Celsius,
0,0.00,W/m^2,21:15:06,28/6/17,Day of week:,Wednesday,28.37,Grade Celsius,
0,0.00,W/m^2,21:15:09,28/6/17,Day of week:,Wednesday,28.37,Grade Celsius,
0,0.00,W/m^2,21:15:12,28/6/17,Day of week:,Wednesday,28.37,Grade Celsius,
0,0.00,W/m^2,21:15:15,28/6/17,Day of week:,Wednesday,28.37,Grade Celsius,
0,0.00,W/m^2,21:15:18,28/6/17,Day of week:,Wednesday,28.37,Grade Celsius,
0,0.00,W/m^2,21:15:21,28/6/17,Day of week:,Wednesday,28.31,Grade Celsius,
0,0.00,W/m^2,21:15:24,28/6/17,Day of week:,Wednesday,28.31,Grade Celsius,
0,0.00,W/m^2,21:15:27,28/6/17,Day of week:,Wednesday,28.31,Grade Celsius,
0,0.00,W/m^2,21:15:30,28/6/17,Day of week:,Wednesday,28.31,Grade Celsius,
0,0.00,W/m^2,21:15:33,28/6/17,Day of week:,Wednesday,28.31,Grade Celsius,
0,0.00,W/m^2,21:15:37,28/6/17,Day of week:,Wednesday,28.31,Grade Celsius,
0,0.00,W/m^2,21:15:40,28/6/17,Day of week:,Wednesday,28.31,Grade Celsius,
0,0.00,W/m^2,21:15:43,28/6/17,Day of week:,Wednesday,28.31,Grade Celsius,
0,0.00,W/m^2,21:15:46,28/6/17,Day of week:,Wednesday,28.31,Grade Celsius,
0,0.00,W/m^2,21:15:49,28/6/17,Day of week:,Wednesday,28.31,Grade Celsius,
0,0.00,W/m^2,21:15:52,28/6/17,Day of week:,Wednesday,28.31,Grade Celsius,
0,0.00,W/m^2,21:15:55,28/6/17,Day of week:,Wednesday,28.31,Grade Celsius,
0,0.00,W/m^2,21:15:58,28/6/17,Day of week:,Wednesday,28.31,Grade Celsius,
0,0.00,W/m^2,21:16:01,28/6/17,Day of week:,Wednesday,28.31,Grade Celsius,
0,0.00,W/m^2,21:16:04,28/6/17,Day of week:,Wednesday,28.31,Grade Celsius,
0,0.00,W/m^2,21:16:07,28/6/17,Day of week:,Wednesday,28.31,Grade Celsius,
0,0.00,W/m^2,21:16:10,28/6/17,Day of week:,Wednesday,28.31,Grade Celsius,
0,0.00,W/m^2,21:16:13,28/6/17,Day of week:,Wednesday,28.31,Grade Celsius,
0,0.00,W/m^2,21:16:16,28/6/17,Day of week:,Wednesday,28.31,Grade Celsius,
0,0.00,W/m^2,21:16:19,28/6/17,Day of week:,Wednesday,28.37,Grade Celsius,
0,0.00,W/m^2,21:16:23,28/6/17,Day of week:,Wednesday,28.37,Grade Celsius,
0,0.00,W/m^2,21:16:26,28/6/17,Day of week:,Wednesday,28.37,Grade Celsius,
0,0.00,W/m^2,21:16:29,28/6/17,Day of week:,Wednesday,28.31,Grade Celsius,
0,0.00,W/m^2,21:16:32,28/6/17,Day of week:,Wednesday,28.37,Grade Celsius,
0,0.00,W/m^2,21:16:35,28/6/17,Day of week:,Wednesday,28.31,Grade Celsius,
0,0.00,W/m^2,21:16:38,28/6/17,Day of week:,Wednesday,28.31,Grade Celsius,
0,0.00,W/m^2,21:16:41,28/6/17,Day of week:,Wednesday,28.31,Grade Celsius,
0,0.00,W/m^2,21:16:44,28/6/17,Day of week:,Wednesday,28.31,Grade Celsius,
0,0.00,W/m^2,21:16:47,28/6/17,Day of week:,Wednesday,28.31,Grade Celsius,
0,0.00,W/m^2,21:16:50,28/6/17,Day of week:,Wednesday,28.31,Grade Celsius,
0,0.00,W/m^2,21:16:53,28/6/17,Day of week:,Wednesday,28.31,Grade Celsius,
0,0.00,W/m^2,21:16:56,28/6/17,Day of week:,Wednesday,28.25,Grade Celsius,
0,0.00,W/m^2,21:16:59,28/6/17,Day of week:,Wednesday,28.25,Grade Celsius,
0,0.00,W/m^2,21:17:02,28/6/17,Day of week:,Wednesday,28.25,Grade Celsius,
0,0.00,W/m^2,21:17:05,28/6/17,Day of week:,Wednesday,28.25,Grade Celsius,
0,0.00,W/m^2,21:17:08,28/6/17,Day of week:,Wednesday,28.25,Grade Celsius,
0,0.00,W/m^2,21:17:12,28/6/17,Day of week:,Wednesday,28.25,Grade Celsius,
0,0.00,W/m^2,21:17:15,28/6/17,Day of week:,Wednesday,28.25,Grade Celsius,
0,0.00,W/m^2,21:17:18,28/6/17,Day of week:,Wednesday,28.25,Grade Celsius,
0,0.00,W/m^2,21:17:21,28/6/17,Day of week:,Wednesday,28.25,Grade Celsius,
0,0.00,W/m^2,21:17:24,28/6/17,Day of week:,Wednesday,28.25,Grade Celsius,
0,0.00,W/m^2,21:17:27,28/6/17,Day of week:,Wednesday,28.31,Grade Celsius,
0,0.00,W/m^2,21:17:30,28/6/17,Day of week:,Wednesday,28.31,Grade Celsius,
0,0.00,W/m^2,21:17:33,28/6/17,Day of week:,Wednesday,28.37,Grade Celsius,
0,0.00,W/m^2,21:17:36,28/6/17,Day of week:,Wednesday,28.44,Grade Celsius,
0,0.00,W/m^2,21:17:39,28/6/17,Day of week:,Wednesday,28.37,Grade Celsius,
0,0.00,W/m^2,21:17:42,28/6/17,Day of week:,Wednesday,28.44,Grade Celsius,
0,0.00,W/m^2,21:17:45,28/6/17,Day of week:,Wednesday,28.44,Grade Celsius,
0,0.00,W/m^2,21:17:48,28/6/17,Day of week:,Wednesday,28.44,Grade Celsius,
0,0.00,W/m^2,21:17:51,28/6/17,Day of week:,Wednesday,28.44,Grade Celsius,
0,0.00,W/m^2,21:17:54,28/6/17,Day of week:,Wednesday,28.44,Grade Celsius,
0,0.00,W/m^2,21:17:58,28/6/17,Day of week:,Wednesday,28.44,Grade Celsius,
0,0.00,W/m^2,21:18:01,28/6/17,Day of week:,Wednesday,28.37,Grade Celsius,
0,0.00,W/m^2,21:18:04,28/6/17,Day of week:,Wednesday,28.37,Grade Celsius,
0,0.00,W/m^2,21:18:07,28/6/17,Day of week:,Wednesday,28.37,Grade Celsius,
0,0.00,W/m^2,21:18:10,28/6/17,Day of week:,Wednesday,28.37,Grade Celsius,
0,0.00,W/m^2,21:18:13,28/6/17,Day of week:,Wednesday,28.31,Grade Celsius,
0,0.00,W/m^2,21:18:16,28/6/17,Day of week:,Wednesday,28.37,Grade Celsius,
0,0.00,W/m^2,21:18:19,28/6/17,Day of week:,Wednesday,28.37,Grade Celsius,
0,0.00,W/m^2,21:18:22,28/6/17,Day of week:,Wednesday,28.37,Grade Celsius,
0,0.00,W/m^2,21:18:25,28/6/17,Day of week:,Wednesday,28.44,Grade Celsius,
0,0.00,W/m^2,21:18:28,28/6/17,Day of week:,Wednesday,28.37,Grade Celsius,
0,0.00,W/m^2,21:18:31,28/6/17,Day of week:,Wednesday,28.37,Grade Celsius,
0,0.00,W/m^2,21:18:34,28/6/17,Day of week:,Wednesday,28.37,Grade Celsius,
0,0.00,W/m^2,21:18:37,28/6/17,Day of week:,Wednesday,28.37,Grade Celsius,
0,0.00,W/m^2,21:18:40,28/6/17,Day of week:,Wednesday,28.37,Grade Celsius,
0,0.00,W/m^2,21:18:43,28/6/17,Day of week:,Wednesday,28.37,Grade Celsius,
0,0.00,W/m^2,21:18:47,28/6/17,Day of week:,Wednesday,28.37,Grade Celsius,
0,0.00,W/m^2,21:18:50,28/6/17,Day of week:,Wednesday,28.37,Grade Celsius,
0,0.00,W/m^2,21:18:53,28/6/17,Day of week:,Wednesday,28.37,Grade Celsius,
0,0.00,W/m^2,21:18:56,28/6/17,Day of week:,Wednesday,28.37,Grade Celsius,
0,0.00,W/m^2,21:18:59,28/6/17,Day of week:,Wednesday,28.37,Grade Celsius,
0,0.00,W/m^2,21:19:02,28/6/17,Day of week:,Wednesday,28.37,Grade Celsius,
0,0.00,W/m^2,21:19:05,28/6/17,Day of week:,Wednesday,28.37,Grade Celsius,
0,0.00,W/m^2,21:19:08,28/6/17,Day of week:,Wednesday,28.31,Grade Celsius,
0,0.00,W/m^2,21:19:11,28/6/17,Day of week:,Wednesday,28.31,Grade Celsius,
0,0.00,W/m^2,21:19:14,28/6/17,Day of week:,Wednesday,28.31,Grade Celsius,
0,0.00,W/m^2,21:19:17,28/6/17,Day of week:,Wednesday,28.31,Grade Celsius,
0,0.00,W/m^2,21:19:20,28/6/17,Day of week:,Wednesday,28.31,Grade Celsius,
0,0.00,W/m^2,21:19:23,28/6/17,Day of week:,Wednesday,28.31,Grade Celsius,
0,0.00,W/m^2,21:19:26,28/6/17,Day of week:,Wednesday,28.31,Grade Celsius,
0,0.00,W/m^2,21:19:29,28/6/17,Day of week:,Wednesday,28.31,Grade Celsius,
0,0.00,W/m^2,21:19:32,28/6/17,Day of week:,Wednesday,28.31,Grade Celsius,
0,0.00,W/m^2,21:19:36,28/6/17,Day of week:,Wednesday,28.31,Grade Celsius,
0,0.00,W/m^2,21:19:39,28/6/17,Day of week:,Wednesday,28.25,Grade Celsius,
0,0.00,W/m^2,21:19:42,28/6/17,Day of week:,Wednesday,28.25,Grade Celsius,
0,0.00,W/m^2,21:19:45,28/6/17,Day of week:,Wednesday,28.25,Grade Celsius,
0,0.00,W/m^2,21:19:48,28/6/17,Day of week:,Wednesday,28.25,Grade Celsius,
0,0.00,W/m^2,21:19:51,28/6/17,Day of week:,Wednesday,28.25,Grade Celsius,
0,0.00,W/m^2,21:19:54,28/6/17,Day of week:,Wednesday,28.25,Grade Celsius,
0,0.00,W/m^2,21:19:57,28/6/17,Day of week:,Wednesday,28.31,Grade Celsius,
0,0.00,W/m^2,21:20:00,28/6/17,Day of week:,Wednesday,28.31,Grade Celsius,
0,0.00,W/m^2,21:20:03,28/6/17,Day of week:,Wednesday,28.31,Grade Celsius,
0,0.00,W/m^2,21:20:06,28/6/17,Day of week:,Wednesday,28.31,Grade Celsius,
0,0.00,W/m^2,21:20:09,28/6/17,Day of week:,Wednesday,28.31,Grade Celsius,
0,0.00,W/m^2,21:20:12,28/6/17,Day of week:,Wednesday,28.31,Grade Celsius,
0,0.00,W/m^2,21:20:15,28/6/17,Day of week:,Wednesday,28.31,Grade Celsius,
0,0.00,W/m^2,21:20:18,28/6/17,Day of week:,Wednesday,28.31,Grade Celsius,
0,0.00,W/m^2,21:20:22,28/6/17,Day of week:,Wednesday,28.31,Grade Celsius,
0,0.00,W/m^2,21:20:25,28/6/17,Day of week:,Wednesday,28.31,Grade Celsius,
0,0.00,W/m^2,21:20:28,28/6/17,Day of week:,Wednesday,28.31,Grade Celsius,
0,0.00,W/m^2,21:20:31,28/6/17,Day of week:,Wednesday,28.31,Grade Celsius,
0,0.00,W/m^2,21:20:34,28/6/17,Day of week:,Wednesday,28.31,Grade Celsius,
0,0.00,W/m^2,21:20:37,28/6/17,Day of week:,Wednesday,28.31,Grade Celsius,
0,0.00,W/m^2,21:20:40,28/6/17,Day of week:,Wednesday,28.31,Grade Celsius,
0,0.00,W/m^2,21:20:43,28/6/17,Day of week:,Wednesday,28.31,Grade Celsius,
0,0.00,W/m^2,21:20:46,28/6/17,Day of week:,Wednesday,28.25,Grade Celsius,
0,0.00,W/m^2,21:20:49,28/6/17,Day of week:,Wednesday,28.31,Grade Celsius,
0,0.00,W/m^2,21:20:52,28/6/17,Day of week:,Wednesday,28.31,Grade Celsius,
0,0.00,W/m^2,21:20:55,28/6/17,Day of week:,Wednesday,28.31,Grade Celsius,
0,0.00,W/m^2,21:20:58,28/6/17,Day of week:,Wednesday,28.31,Grade Celsius,
0,0.00,W/m^2,21:21:01,28/6/17,Day of week:,Wednesday,28.31,Grade Celsius,
0,0.00,W/m^2,21:21:04,28/6/17,Day of week:,Wednesday,28.31,Grade Celsius,
0,0.00,W/m^2,21:21:08,28/6/17,Day of week:,Wednesday,28.31,Grade Celsius,
0,0.00,W/m^2,21:21:11,28/6/17,Day of week:,Wednesday,28.31,Grade Celsius,
0,0.00,W/m^2,21:21:14,28/6/17,Day of week:,Wednesday,28.31,Grade Celsius,
0,0.00,W/m^2,21:21:17,28/6/17,Day of week:,Wednesday,28.31,Grade Celsius,
0,0.00,W/m^2,21:21:20,28/6/17,Day of week:,Wednesday,28.31,Grade Celsius,
0,0.00,W/m^2,21:21:23,28/6/17,Day of week:,Wednesday,28.25,Grade Celsius,
0,0.00,W/m^2,21:21:26,28/6/17,Day of week:,Wednesday,28.25,Grade Celsius,
0,0.00,W/m^2,21:21:29,28/6/17,Day of week:,Wednesday,28.25,Grade Celsius,
0,0.00,W/m^2,21:21:32,28/6/17,Day of week:,Wednesday,28.25,Grade Celsius,
0,0.00,W/m^2,21:21:35,28/6/17,Day of week:,Wednesday,28.25,Grade Celsius,
0,0.00,W/m^2,21:21:38,28/6/17,Day of week:,Wednesday,28.25,Grade Celsius,
0,0.00,W/m^2,21:21:41,28/6/17,Day of week:,Wednesday,28.25,Grade Celsius,
0,0.00,W/m^2,21:21:44,28/6/17,Day of week:,Wednesday,28.25,Grade Celsius,
0,0.00,W/m^2,21:21:47,28/6/17,Day of week:,Wednesday,28.25,Grade Celsius,
0,0.00,W/m^2,21:21:50,28/6/17,Day of week:,Wednesday,28.19,Grade Celsius,
0,0.00,W/m^2,21:21:53,28/6/17,Day of week:,Wednesday,28.19,Grade Celsius,
0,0.00,W/m^2,21:21:57,28/6/17,Day of week:,Wednesday,28.19,Grade Celsius,
0,0.00,W/m^2,21:22:00,28/6/17,Day of week:,Wednesday,28.19,Grade Celsius,
0,0.00,W/m^2,21:22:03,28/6/17,Day of week:,Wednesday,28.19,Grade Celsius,
0,0.00,W/m^2,21:22:06,28/6/17,Day of week:,Wednesday,28.19,Grade Celsius,
0,0.00,W/m^2,21:22:09,28/6/17,Day of week:,Wednesday,28.19,Grade Celsius,
0,0.00,W/m^2,21:22:12,28/6/17,Day of week:,Wednesday,28.19,Grade Celsius,
0,0.00,W/m^2,21:22:15,28/6/17,Day of week:,Wednesday,28.19,Grade Celsius,
0,0.00,W/m^2,21:22:18,28/6/17,Day of week:,Wednesday,28.19,Grade Celsius,
0,0.00,W/m^2,21:22:21,28/6/17,Day of week:,Wednesday,28.19,Grade Celsius,
0,0.00,W/m^2,21:22:24,28/6/17,Day of week:,Wednesday,28.19,Grade Celsius,
0,0.00,W/m^2,21:22:27,28/6/17,Day of week:,Wednesday,28.19,Grade Celsius,
0,0.00,W/m^2,21:22:30,28/6/17,Day of week:,Wednesday,28.19,Grade Celsius,
0,0.00,W/m^2,21:22:33,28/6/17,Day of week:,Wednesday,28.12,Grade Celsius,
0,0.00,W/m^2,21:22:36,28/6/17,Day of week:,Wednesday,28.12,Grade Celsius,
0,0.00,W/m^2,21:22:39,28/6/17,Day of week:,Wednesday,28.12,Grade Celsius,
0,0.00,W/m^2,21:22:42,28/6/17,Day of week:,Wednesday,28.12,Grade Celsius,
0,0.00,W/m^2,21:22:46,28/6/17,Day of week:,Wednesday,28.12,Grade Celsius,
0,0.00,W/m^2,21:22:49,28/6/17,Day of week:,Wednesday,28.12,Grade Celsius,
0,0.00,W/m^2,21:22:52,28/6/17,Day of week:,Wednesday,28.12,Grade Celsius,
0,0.00,W/m^2,21:22:55,28/6/17,Day of week:,Wednesday,28.12,Grade Celsius,
0,0.00,W/m^2,21:22:58,28/6/17,Day of week:,Wednesday,28.12,Grade Celsius,
0,0.00,W/m^2,21:23:01,28/6/17,Day of week:,Wednesday,28.12,Grade Celsius,
0,0.00,W/m^2,21:23:04,28/6/17,Day of week:,Wednesday,28.12,Grade Celsius,
0,0.00,W/m^2,21:23:07,28/6/17,Day of week:,Wednesday,28.12,Grade Celsius,
0,0.00,W/m^2,21:23:10,28/6/17,Day of week:,Wednesday,28.12,Grade Celsius,
0,0.00,W/m^2,21:23:13,28/6/17,Day of week:,Wednesday,28.12,Grade Celsius,
0,0.00,W/m^2,21:23:16,28/6/17,Day of week:,Wednesday,28.06,Grade Celsius,
0,0.00,W/m^2,21:23:19,28/6/17,Day of week:,Wednesday,28.06,Grade Celsius,
0,0.00,W/m^2,21:23:22,28/6/17,Day of week:,Wednesday,28.06,Grade Celsius,
0,0.00,W/m^2,21:23:26,28/6/17,Day of week:,Wednesday,28.06,Grade Celsius,
0,0.00,W/m^2,21:23:29,28/6/17,Day of week:,Wednesday,28.06,Grade Celsius,
0,0.00,W/m^2,21:23:32,28/6/17,Day of week:,Wednesday,28.06,Grade Celsius,
0,0.00,W/m^2,21:23:35,28/6/17,Day of week:,Wednesday,28.06,Grade Celsius,
0,0.00,W/m^2,21:23:38,28/6/17,Day of week:,Wednesday,28.00,Grade Celsius,
0,0.00,W/m^2,21:23:41,28/6/17,Day of week:,Wednesday,28.00,Grade Celsius,
0,0.00,W/m^2,21:23:44,28/6/17,Day of week:,Wednesday,28.00,Grade Celsius,
0,0.00,W/m^2,21:23:47,28/6/17,Day of week:,Wednesday,28.00,Grade Celsius,
0,0.00,W/m^2,21:23:50,28/6/17,Day of week:,Wednesday,28.06,Grade Celsius,
0,0.00,W/m^2,21:23:53,28/6/17,Day of week:,Wednesday,28.00,Grade Celsius,
0,0.00,W/m^2,21:23:56,28/6/17,Day of week:,Wednesday,28.06,Grade Celsius,
0,0.00,W/m^2,21:23:59,28/6/17,Day of week:,Wednesday,28.06,Grade Celsius,
0,0.00,W/m^2,21:24:02,28/6/17,Day of week:,Wednesday,28.06,Grade Celsius,
0,0.00,W/m^2,21:24:05,28/6/17,Day of week:,Wednesday,28.06,Grade Celsius,
0,0.00,W/m^2,21:24:08,28/6/17,Day of week:,Wednesday,28.12,Grade Celsius,
0,0.00,W/m^2,21:24:11,28/6/17,Day of week:,Wednesday,28.12,Grade Celsius,
0,0.00,W/m^2,21:24:15,28/6/17,Day of week:,Wednesday,28.12,Grade Celsius,
0,0.00,W/m^2,21:24:18,28/6/17,Day of week:,Wednesday,28.12,Grade Celsius,
0,0.00,W/m^2,21:24:21,28/6/17,Day of week:,Wednesday,28.12,Grade Celsius,
0,0.00,W/m^2,21:24:24,28/6/17,Day of week:,Wednesday,28.12,Grade Celsius,
0,0.00,W/m^2,21:24:27,28/6/17,Day of week:,Wednesday,28.12,Grade Celsius,
0,0.00,W/m^2,21:24:30,28/6/17,Day of week:,Wednesday,28.12,Grade Celsius,
0,0.00,W/m^2,21:24:33,28/6/17,Day of week:,Wednesday,28.12,Grade Celsius,
0,0.00,W/m^2,21:24:36,28/6/17,Day of week:,Wednesday,28.12,Grade Celsius,
0,0.00,W/m^2,21:24:39,28/6/17,Day of week:,Wednesday,28.06,Grade Celsius,
0,0.00,W/m^2,21:24:42,28/6/17,Day of week:,Wednesday,28.06,Grade Celsius,
0,0.00,W/m^2,21:24:45,28/6/17,Day of week:,Wednesday,28.06,Grade Celsius,
0,0.00,W/m^2,21:24:48,28/6/17,Day of week:,Wednesday,28.06,Grade Celsius,
0,0.00,W/m^2,21:24:51,28/6/17,Day of week:,Wednesday,28.06,Grade Celsius,
0,0.00,W/m^2,21:24:54,28/6/17,Day of week:,Wednesday,28.06,Grade Celsius,
0,0.00,W/m^2,21:24:57,28/6/17,Day of week:,Wednesday,28.06,Grade Celsius,
0,0.00,W/m^2,21:25:01,28/6/17,Day of week:,Wednesday,28.06,Grade Celsius,
0,0.00,W/m^2,21:25:04,28/6/17,Day of week:,Wednesday,28.06,Grade Celsius,
0,0.00,W/m^2,21:25:07,28/6/17,Day of week:,Wednesday,28.06,Grade Celsius,
0,0.00,W/m^2,21:25:10,28/6/17,Day of week:,Wednesday,28.06,Grade Celsius,
0,0.00,W/m^2,21:25:13,28/6/17,Day of week:,Wednesday,28.06,Grade Celsius,
0,0.00,W/m^2,21:25:16,28/6/17,Day of week:,Wednesday,28.12,Grade Celsius,
0,0.00,W/m^2,21:25:19,28/6/17,Day of week:,Wednesday,28.12,Grade Celsius,
0,0.00,W/m^2,21:25:22,28/6/17,Day of week:,Wednesday,28.12,Grade Celsius,
0,0.00,W/m^2,21:25:25,28/6/17,Day of week:,Wednesday,28.06,Grade Celsius,
0,0.00,W/m^2,21:25:28,28/6/17,Day of week:,Wednesday,28.06,Grade Celsius,
0,0.00,W/m^2,21:25:31,28/6/17,Day of week:,Wednesday,28.06,Grade Celsius,
0,0.00,W/m^2,21:25:34,28/6/17,Day of week:,Wednesday,28.06,Grade Celsius,
0,0.00,W/m^2,21:25:37,28/6/17,Day of week:,Wednesday,28.06,Grade Celsius,
0,0.00,W/m^2,21:25:40,28/6/17,Day of week:,Wednesday,28.06,Grade Celsius,
0,0.00,W/m^2,21:25:43,28/6/17,Day of week:,Wednesday,28.00,Grade Celsius,
0,0.00,W/m^2,21:25:46,28/6/17,Day of week:,Wednesday,28.06,Grade Celsius,
0,0.00,W/m^2,21:25:50,28/6/17,Day of week:,Wednesday,28.06,Grade Celsius,
0,0.00,W/m^2,21:25:53,28/6/17,Day of week:,Wednesday,28.06,Grade Celsius,
0,0.00,W/m^2,21:25:56,28/6/17,Day of week:,Wednesday,28.06,Grade Celsius,
0,0.00,W/m^2,21:25:59,28/6/17,Day of week:,Wednesday,28.06,Grade Celsius,
0,0.00,W/m^2,21:26:02,28/6/17,Day of week:,Wednesday,28.06,Grade Celsius,
0,0.00,W/m^2,21:26:05,28/6/17,Day of week:,Wednesday,28.00,Grade Celsius,
0,0.00,W/m^2,21:26:08,28/6/17,Day of week:,Wednesday,28.00,Grade Celsius,
0,0.00,W/m^2,21:26:11,28/6/17,Day of week:,Wednesday,28.00,Grade Celsius,
0,0.00,W/m^2,21:26:14,28/6/17,Day of week:,Wednesday,27.94,Grade Celsius,
0,0.00,W/m^2,21:26:17,28/6/17,Day of week:,Wednesday,27.94,Grade Celsius,
0,0.00,W/m^2,21:26:20,28/6/17,Day of week:,Wednesday,27.94,Grade Celsius,
0,0.00,W/m^2,21:26:23,28/6/17,Day of week:,Wednesday,28.00,Grade Celsius,
0,0.00,W/m^2,21:26:26,28/6/17,Day of week:,Wednesday,28.00,Grade Celsius,
0,0.00,W/m^2,21:26:29,28/6/17,Day of week:,Wednesday,28.00,Grade Celsius,
0,0.00,W/m^2,21:26:32,28/6/17,Day of week:,Wednesday,28.00,Grade Celsius,
0,0.00,W/m^2,21:26:36,28/6/17,Day of week:,Wednesday,28.00,Grade Celsius,
0,0.00,W/m^2,21:26:39,28/6/17,Day of week:,Wednesday,28.00,Grade Celsius,
0,0.00,W/m^2,21:26:42,28/6/17,Day of week:,Wednesday,28.00,Grade Celsius,
0,0.00,W/m^2,21:26:45,28/6/17,Day of week:,Wednesday,28.00,Grade Celsius,
0,0.00,W/m^2,21:26:48,28/6/17,Day of week:,Wednesday,28.00,Grade Celsius,
0,0.00,W/m^2,21:26:51,28/6/17,Day of week:,Wednesday,28.00,Grade Celsius,
0,0.00,W/m^2,21:26:54,28/6/17,Day of week:,Wednesday,28.06,Grade Celsius,
0,0.00,W/m^2,21:26:57,28/6/17,Day of week:,Wednesday,28.00,Grade Celsius,
0,0.00,W/m^2,21:27:00,28/6/17,Day of week:,Wednesday,28.00,Grade Celsius,
0,0.00,W/m^2,21:27:03,28/6/17,Day of week:,Wednesday,28.00,Grade Celsius,
0,0.00,W/m^2,21:27:06,28/6/17,Day of week:,Wednesday,28.00,Grade Celsius,
0,0.00,W/m^2,21:27:09,28/6/17,Day of week:,Wednesday,28.00,Grade Celsius,
0,0.00,W/m^2,21:27:12,28/6/17,Day of week:,Wednesday,28.00,Grade Celsius,
0,0.00,W/m^2,21:27:15,28/6/17,Day of week:,Wednesday,28.00,Grade Celsius,
0,0.00,W/m^2,21:27:18,28/6/17,Day of week:,Wednesday,28.00,Grade Celsius,
0,0.00,W/m^2,21:27:21,28/6/17,Day of week:,Wednesday,28.00,Grade Celsius,
0,0.00,W/m^2,21:27:25,28/6/17,Day of week:,Wednesday,28.00,Grade Celsius,
0,0.00,W/m^2,21:27:28,28/6/17,Day of week:,Wednesday,28.00,Grade Celsius,
0,0.00,W/m^2,21:27:31,28/6/17,Day of week:,Wednesday,28.00,Grade Celsius,
0,0.00,W/m^2,21:27:34,28/6/17,Day of week:,Wednesday,28.00,Grade Celsius,
0,0.00,W/m^2,21:27:37,28/6/17,Day of week:,Wednesday,28.00,Grade Celsius,
0,0.00,W/m^2,21:27:40,28/6/17,Day of week:,Wednesday,28.00,Grade Celsius,
0,0.00,W/m^2,21:27:43,28/6/17,Day of week:,Wednesday,28.00,Grade Celsius,
0,0.00,W/m^2,21:27:46,28/6/17,Day of week:,Wednesday,28.00,Grade Celsius,
0,0.00,W/m^2,21:27:49,28/6/17,Day of week:,Wednesday,28.00,Grade Celsius,
0,0.00,W/m^2,21:27:52,28/6/17,Day of week:,Wednesday,28.00,Grade Celsius,
0,0.00,W/m^2,21:27:55,28/6/17,Day of week:,Wednesday,28.00,Grade Celsius,
0,0.00,W/m^2,21:27:58,28/6/17,Day of week:,Wednesday,28.00,Grade Celsius,
0,0.00,W/m^2,21:28:01,28/6/17,Day of week:,Wednesday,28.00,Grade Celsius,
0,0.00,W/m^2,21:28:04,28/6/17,Day of week:,Wednesday,28.00,Grade Celsius,
0,0.00,W/m^2,21:28:07,28/6/17,Day of week:,Wednesday,28.00,Grade Celsius,
0,0.00,W/m^2,21:28:10,28/6/17,Day of week:,Wednesday,28.00,Grade Celsius,
0,0.00,W/m^2,21:28:14,28/6/17,Day of week:,Wednesday,28.00,Grade Celsius,
0,0.00,W/m^2,21:28:17,28/6/17,Day of week:,Wednesday,28.00,Grade Celsius,
0,0.00,W/m^2,21:28:20,28/6/17,Day of week:,Wednesday,28.00,Grade Celsius,
0,0.00,W/m^2,21:28:23,28/6/17,Day of week:,Wednesday,28.00,Grade Celsius,
0,0.00,W/m^2,21:28:26,28/6/17,Day of week:,Wednesday,27.94,Grade Celsius,
0,0.00,W/m^2,21:28:29,28/6/17,Day of week:,Wednesday,27.94,Grade Celsius,
0,0.00,W/m^2,21:28:32,28/6/17,Day of week:,Wednesday,27.94,Grade Celsius,
0,0.00,W/m^2,21:28:35,28/6/17,Day of week:,Wednesday,27.87,Grade Celsius,
0,0.00,W/m^2,21:28:38,28/6/17,Day of week:,Wednesday,27.87,Grade Celsius,
0,0.00,W/m^2,21:28:41,28/6/17,Day of week:,Wednesday,27.87,Grade Celsius,
0,0.00,W/m^2,21:28:44,28/6/17,Day of week:,Wednesday,27.87,Grade Celsius,
0,0.00,W/m^2,21:28:47,28/6/17,Day of week:,Wednesday,27.87,Grade Celsius,
0,0.00,W/m^2,21:28:50,28/6/17,Day of week:,Wednesday,27.87,Grade Celsius,
0,0.00,W/m^2,21:28:53,28/6/17,Day of week:,Wednesday,27.87,Grade Celsius,
0,0.00,W/m^2,21:28:57,28/6/17,Day of week:,Wednesday,27.87,Grade Celsius,
0,0.00,W/m^2,21:29:00,28/6/17,Day of week:,Wednesday,27.87,Grade Celsius,
0,0.00,W/m^2,21:29:03,28/6/17,Day of week:,Wednesday,27.87,Grade Celsius,
0,0.00,W/m^2,21:29:06,28/6/17,Day of week:,Wednesday,27.94,Grade Celsius,
0,0.00,W/m^2,21:29:09,28/6/17,Day of week:,Wednesday,27.94,Grade Celsius,
0,0.00,W/m^2,21:29:12,28/6/17,Day of week:,Wednesday,27.87,Grade Celsius,
0,0.00,W/m^2,21:29:15,28/6/17,Day of week:,Wednesday,27.87,Grade Celsius,
0,0.00,W/m^2,21:29:18,28/6/17,Day of week:,Wednesday,27.87,Grade Celsius,
0,0.00,W/m^2,21:29:21,28/6/17,Day of week:,Wednesday,27.87,Grade Celsius,
0,0.00,W/m^2,21:29:24,28/6/17,Day of week:,Wednesday,27.87,Grade Celsius,
0,0.00,W/m^2,21:29:27,28/6/17,Day of week:,Wednesday,27.87,Grade Celsius,
0,0.00,W/m^2,21:29:30,28/6/17,Day of week:,Wednesday,27.87,Grade Celsius,
0,0.00,W/m^2,21:29:33,28/6/17,Day of week:,Wednesday,27.87,Grade Celsius,
0,0.00,W/m^2,21:29:36,28/6/17,Day of week:,Wednesday,27.87,Grade Celsius,
0,0.00,W/m^2,21:29:39,28/6/17,Day of week:,Wednesday,27.87,Grade Celsius,
0,0.00,W/m^2,21:29:42,28/6/17,Day of week:,Wednesday,27.87,Grade Celsius,
0,0.00,W/m^2,21:29:46,28/6/17,Day of week:,Wednesday,27.87,Grade Celsius,
0,0.00,W/m^2,21:29:49,28/6/17,Day of week:,Wednesday,27.87,Grade Celsius,
0,0.00,W/m^2,21:29:52,28/6/17,Day of week:,Wednesday,27.81,Grade Celsius,
0,0.00,W/m^2,21:29:55,28/6/17,Day of week:,Wednesday,27.87,Grade Celsius,
0,0.00,W/m^2,21:29:58,28/6/17,Day of week:,Wednesday,27.81,Grade Celsius,
0,0.00,W/m^2,21:30:01,28/6/17,Day of week:,Wednesday,27.81,Grade Celsius,
0,0.00,W/m^2,21:30:04,28/6/17,Day of week:,Wednesday,27.81,Grade Celsius,
0,0.00,W/m^2,21:30:07,28/6/17,Day of week:,Wednesday,27.81,Grade Celsius,
0,0.00,W/m^2,21:30:10,28/6/17,Day of week:,Wednesday,27.81,Grade Celsius,
0,0.00,W/m^2,21:30:13,28/6/17,Day of week:,Wednesday,27.81,Grade Celsius,
0,0.00,W/m^2,21:30:16,28/6/17,Day of week:,Wednesday,27.81,Grade Celsius,
0,0.00,W/m^2,21:30:19,28/6/17,Day of week:,Wednesday,27.81,Grade Celsius,
0,0.00,W/m^2,21:30:22,28/6/17,Day of week:,Wednesday,27.75,Grade Celsius,
0,0.00,W/m^2,21:30:25,28/6/17,Day of week:,Wednesday,27.75,Grade Celsius,
0,0.00,W/m^2,21:30:28,28/6/17,Day of week:,Wednesday,27.81,Grade Celsius,
0,0.00,W/m^2,21:30:31,28/6/17,Day of week:,Wednesday,27.81,Grade Celsius,
0,0.00,W/m^2,21:30:35,28/6/17,Day of week:,Wednesday,27.75,Grade Celsius,
0,0.00,W/m^2,21:30:38,28/6/17,Day of week:,Wednesday,27.75,Grade Celsius,
0,0.00,W/m^2,21:30:41,28/6/17,Day of week:,Wednesday,27.75,Grade Celsius,
0,0.00,W/m^2,21:30:44,28/6/17,Day of week:,Wednesday,27.75,Grade Celsius,
0,0.00,W/m^2,21:30:47,28/6/17,Day of week:,Wednesday,27.75,Grade Celsius,
0,0.00,W/m^2,21:30:50,28/6/17,Day of week:,Wednesday,27.81,Grade Celsius,
0,0.00,W/m^2,21:30:53,28/6/17,Day of week:,Wednesday,27.81,Grade Celsius,
0,0.00,W/m^2,21:30:56,28/6/17,Day of week:,Wednesday,27.81,Grade Celsius,
0,0.00,W/m^2,21:30:59,28/6/17,Day of week:,Wednesday,27.81,Grade Celsius,
0,0.00,W/m^2,21:31:02,28/6/17,Day of week:,Wednesday,27.81,Grade Celsius,
0,0.00,W/m^2,21:31:05,28/6/17,Day of week:,Wednesday,27.81,Grade Celsius,
0,0.00,W/m^2,21:31:08,28/6/17,Day of week:,Wednesday,27.81,Grade Celsius,
0,0.00,W/m^2,21:31:11,28/6/17,Day of week:,Wednesday,27.75,Grade Celsius,
0,0.00,W/m^2,21:31:14,28/6/17,Day of week:,Wednesday,27.75,Grade Celsius,
0,0.00,W/m^2,21:31:17,28/6/17,Day of week:,Wednesday,27.75,Grade Celsius,
0,0.00,W/m^2,21:31:21,28/6/17,Day of week:,Wednesday,27.75,Grade Celsius,
0,0.00,W/m^2,21:31:24,28/6/17,Day of week:,Wednesday,27.75,Grade Celsius,
0,0.00,W/m^2,21:31:27,28/6/17,Day of week:,Wednesday,27.75,Grade Celsius,
0,0.00,W/m^2,21:31:30,28/6/17,Day of week:,Wednesday,27.75,Grade Celsius,
0,0.00,W/m^2,21:31:33,28/6/17,Day of week:,Wednesday,27.75,Grade Celsius,
0,0.00,W/m^2,21:31:36,28/6/17,Day of week:,Wednesday,27.81,Grade Celsius,
0,0.00,W/m^2,21:31:39,28/6/17,Day of week:,Wednesday,27.81,Grade Celsius,
0,0.00,W/m^2,21:31:42,28/6/17,Day of week:,Wednesday,27.81,Grade Celsius,
0,0.00,W/m^2,21:31:45,28/6/17,Day of week:,Wednesday,27.81,Grade Celsius,
0,0.00,W/m^2,21:31:48,28/6/17,Day of week:,Wednesday,27.81,Grade Celsius,
0,0.00,W/m^2,21:31:51,28/6/17,Day of week:,Wednesday,27.81,Grade Celsius,
0,0.00,W/m^2,21:31:54,28/6/17,Day of week:,Wednesday,27.81,Grade Celsius,
0,0.00,W/m^2,21:31:57,28/6/17,Day of week:,Wednesday,27.81,Grade Celsius,
0,0.00,W/m^2,21:32:00,28/6/17,Day of week:,Wednesday,27.81,Grade Celsius,
0,0.00,W/m^2,21:32:03,28/6/17,Day of week:,Wednesday,27.81,Grade Celsius,
0,0.00,W/m^2,21:32:06,28/6/17,Day of week:,Wednesday,27.81,Grade Celsius,
0,0.00,W/m^2,21:32:10,28/6/17,Day of week:,Wednesday,27.81,Grade Celsius,
0,0.00,W/m^2,21:32:13,28/6/17,Day of week:,Wednesday,27.81,Grade Celsius,
0,0.00,W/m^2,21:32:16,28/6/17,Day of week:,Wednesday,27.81,Grade Celsius,
0,0.00,W/m^2,21:32:19,28/6/17,Day of week:,Wednesday,27.81,Grade Celsius,
0,0.00,W/m^2,21:32:22,28/6/17,Day of week:,Wednesday,27.81,Grade Celsius,
0,0.00,W/m^2,21:32:25,28/6/17,Day of week:,Wednesday,27.81,Grade Celsius,
0,0.00,W/m^2,21:32:28,28/6/17,Day of week:,Wednesday,27.81,Grade Celsius,
0,0.00,W/m^2,21:32:31,28/6/17,Day of week:,Wednesday,27.81,Grade Celsius,
0,0.00,W/m^2,21:32:34,28/6/17,Day of week:,Wednesday,27.81,Grade Celsius,
0,0.00,W/m^2,21:32:37,28/6/17,Day of week:,Wednesday,27.81,Grade Celsius,
0,0.00,W/m^2,21:32:40,28/6/17,Day of week:,Wednesday,27.75,Grade Celsius,
0,0.00,W/m^2,21:32:43,28/6/17,Day of week:,Wednesday,27.75,Grade Celsius,
0,0.00,W/m^2,21:32:46,28/6/17,Day of week:,Wednesday,27.69,Grade Celsius,
0,0.00,W/m^2,21:32:49,28/6/17,Day of week:,Wednesday,27.69,Grade Celsius,
0,0.00,W/m^2,21:32:52,28/6/17,Day of week:,Wednesday,27.69,Grade Celsius,
0,0.00,W/m^2,21:32:56,28/6/17,Day of week:,Wednesday,27.75,Grade Celsius,
0,0.00,W/m^2,21:32:59,28/6/17,Day of week:,Wednesday,27.75,Grade Celsius,
0,0.00,W/m^2,21:33:02,28/6/17,Day of week:,Wednesday,27.75,Grade Celsius,
0,0.00,W/m^2,21:33:05,28/6/17,Day of week:,Wednesday,27.75,Grade Celsius,
0,0.00,W/m^2,21:33:08,28/6/17,Day of week:,Wednesday,27.75,Grade Celsius,
0,0.00,W/m^2,21:33:11,28/6/17,Day of week:,Wednesday,27.75,Grade Celsius,
0,0.00,W/m^2,21:33:14,28/6/17,Day of week:,Wednesday,27.81,Grade Celsius,
0,0.00,W/m^2,21:33:17,28/6/17,Day of week:,Wednesday,27.81,Grade Celsius,
0,0.00,W/m^2,21:33:20,28/6/17,Day of week:,Wednesday,27.81,Grade Celsius,
0,0.00,W/m^2,21:33:23,28/6/17,Day of week:,Wednesday,27.81,Grade Celsius,
0,0.00,W/m^2,21:33:26,28/6/17,Day of week:,Wednesday,27.81,Grade Celsius,
0,0.00,W/m^2,21:33:29,28/6/17,Day of week:,Wednesday,27.81,Grade Celsius,
0,0.00,W/m^2,21:33:32,28/6/17,Day of week:,Wednesday,27.81,Grade Celsius,
0,0.00,W/m^2,21:33:35,28/6/17,Day of week:,Wednesday,27.81,Grade Celsius,
0,0.00,W/m^2,21:33:38,28/6/17,Day of week:,Wednesday,27.81,Grade Celsius,
0,0.00,W/m^2,21:33:41,28/6/17,Day of week:,Wednesday,27.81,Grade Celsius,
0,0.00,W/m^2,21:33:45,28/6/17,Day of week:,Wednesday,27.81,Grade Celsius,
0,0.00,W/m^2,21:33:48,28/6/17,Day of week:,Wednesday,27.81,Grade Celsius,
0,0.00,W/m^2,21:33:51,28/6/17,Day of week:,Wednesday,27.81,Grade Celsius,
0,0.00,W/m^2,21:33:54,28/6/17,Day of week:,Wednesday,27.81,Grade Celsius,
0,0.00,W/m^2,21:33:57,28/6/17,Day of week:,Wednesday,27.81,Grade Celsius,
0,0.00,W/m^2,21:34:00,28/6/17,Day of week:,Wednesday,27.81,Grade Celsius,
0,0.00,W/m^2,21:34:03,28/6/17,Day of week:,Wednesday,27.81,Grade Celsius,
0,0.00,W/m^2,21:34:06,28/6/17,Day of week:,Wednesday,27.81,Grade Celsius,
0,0.00,W/m^2,21:34:09,28/6/17,Day of week:,Wednesday,27.81,Grade Celsius,
0,0.00,W/m^2,21:34:12,28/6/17,Day of week:,Wednesday,27.81,Grade Celsius,
0,0.00,W/m^2,21:34:15,28/6/17,Day of week:,Wednesday,27.81,Grade Celsius,
0,0.00,W/m^2,21:34:18,28/6/17,Day of week:,Wednesday,27.81,Grade Celsius,
0,0.00,W/m^2,21:34:21,28/6/17,Day of week:,Wednesday,27.75,Grade Celsius,
0,0.00,W/m^2,21:34:25,28/6/17,Day of week:,Wednesday,27.81,Grade Celsius,
0,0.00,W/m^2,21:34:28,28/6/17,Day of week:,Wednesday,27.75,Grade Celsius,
0,0.00,W/m^2,21:34:31,28/6/17,Day of week:,Wednesday,27.81,Grade Celsius,
0,0.00,W/m^2,21:34:34,28/6/17,Day of week:,Wednesday,27.81,Grade Celsius,
0,0.00,W/m^2,21:34:37,28/6/17,Day of week:,Wednesday,27.81,Grade Celsius,
0,0.00,W/m^2,21:34:40,28/6/17,Day of week:,Wednesday,27.81,Grade Celsius,
0,0.00,W/m^2,21:34:43,28/6/17,Day of week:,Wednesday,27.87,Grade Celsius,
0,0.00,W/m^2,21:34:46,28/6/17,Day of week:,Wednesday,27.87,Grade Celsius,
0,0.00,W/m^2,21:34:49,28/6/17,Day of week:,Wednesday,27.87,Grade Celsius,
0,0.00,W/m^2,21:34:52,28/6/17,Day of week:,Wednesday,27.87,Grade Celsius,
0,0.00,W/m^2,21:34:55,28/6/17,Day of week:,Wednesday,27.87,Grade Celsius,
0,0.00,W/m^2,21:34:58,28/6/17,Day of week:,Wednesday,27.87,Grade Celsius,
0,0.00,W/m^2,21:35:01,28/6/17,Day of week:,Wednesday,27.94,Grade Celsius,
0,0.00,W/m^2,21:35:04,28/6/17,Day of week:,Wednesday,27.94,Grade Celsius,
0,0.00,W/m^2,21:35:07,28/6/17,Day of week:,Wednesday,27.94,Grade Celsius,
0,0.00,W/m^2,21:35:10,28/6/17,Day of week:,Wednesday,27.94,Grade Celsius,
0,0.00,W/m^2,21:35:14,28/6/17,Day of week:,Wednesday,27.94,Grade Celsius,
0,0.00,W/m^2,21:35:17,28/6/17,Day of week:,Wednesday,27.94,Grade Celsius,
0,0.00,W/m^2,21:35:20,28/6/17,Day of week:,Wednesday,27.94,Grade Celsius,
0,0.00,W/m^2,21:35:23,28/6/17,Day of week:,Wednesday,27.94,Grade Celsius,
0,0.00,W/m^2,21:35:26,28/6/17,Day of week:,Wednesday,27.94,Grade Celsius,
0,0.00,W/m^2,21:35:29,28/6/17,Day of week:,Wednesday,27.87,Grade Celsius,
0,0.00,W/m^2,21:35:32,28/6/17,Day of week:,Wednesday,27.87,Grade Celsius,
0,0.00,W/m^2,21:35:35,28/6/17,Day of week:,Wednesday,27.87,Grade Celsius,
0,0.00,W/m^2,21:35:38,28/6/17,Day of week:,Wednesday,27.87,Grade Celsius,
0,0.00,W/m^2,21:35:41,28/6/17,Day of week:,Wednesday,27.87,Grade Celsius,
0,0.00,W/m^2,21:35:44,28/6/17,Day of week:,Wednesday,27.81,Grade Celsius,
0,0.00,W/m^2,21:35:47,28/6/17,Day of week:,Wednesday,27.81,Grade Celsius,
0,0.00,W/m^2,21:35:50,28/6/17,Day of week:,Wednesday,27.81,Grade Celsius,
0,0.00,W/m^2,21:35:53,28/6/17,Day of week:,Wednesday,27.81,Grade Celsius,
0,0.00,W/m^2,21:35:56,28/6/17,Day of week:,Wednesday,27.81,Grade Celsius,
0,0.00,W/m^2,21:36:00,28/6/17,Day of week:,Wednesday,27.81,Grade Celsius,
0,0.00,W/m^2,21:36:03,28/6/17,Day of week:,Wednesday,27.81,Grade Celsius,
0,0.00,W/m^2,21:36:06,28/6/17,Day of week:,Wednesday,27.81,Grade Celsius,
0,0.00,W/m^2,21:36:09,28/6/17,Day of week:,Wednesday,27.81,Grade Celsius,
0,0.00,W/m^2,21:36:12,28/6/17,Day of week:,Wednesday,27.81,Grade Celsius,
0,0.00,W/m^2,21:36:15,28/6/17,Day of week:,Wednesday,27.75,Grade Celsius,
0,0.00,W/m^2,21:36:18,28/6/17,Day of week:,Wednesday,27.75,Grade Celsius,
0,0.00,W/m^2,21:36:21,28/6/17,Day of week:,Wednesday,27.75,Grade Celsius,
0,0.00,W/m^2,21:36:24,28/6/17,Day of week:,Wednesday,27.75,Grade Celsius,
0,0.00,W/m^2,21:36:27,28/6/17,Day of week:,Wednesday,27.75,Grade Celsius,
0,0.00,W/m^2,21:36:30,28/6/17,Day of week:,Wednesday,27.75,Grade Celsius,
0,0.00,W/m^2,21:36:33,28/6/17,Day of week:,Wednesday,27.75,Grade Celsius,
0,0.00,W/m^2,21:36:36,28/6/17,Day of week:,Wednesday,27.75,Grade Celsius,
0,0.00,W/m^2,21:36:39,28/6/17,Day of week:,Wednesday,27.75,Grade Celsius,
0,0.00,W/m^2,21:36:42,28/6/17,Day of week:,Wednesday,27.75,Grade Celsius,
0,0.00,W/m^2,21:36:45,28/6/17,Day of week:,Wednesday,27.75,Grade Celsius,
0,0.00,W/m^2,21:36:49,28/6/17,Day of week:,Wednesday,27.75,Grade Celsius,
0,0.00,W/m^2,21:36:52,28/6/17,Day of week:,Wednesday,27.75,Grade Celsius,
0,0.00,W/m^2,21:36:55,28/6/17,Day of week:,Wednesday,27.75,Grade Celsius,
0,0.00,W/m^2,21:36:58,28/6/17,Day of week:,Wednesday,27.75,Grade Celsius,
0,0.00,W/m^2,21:37:01,28/6/17,Day of week:,Wednesday,27.75,Grade Celsius,
0,0.00,W/m^2,21:37:04,28/6/17,Day of week:,Wednesday,27.75,Grade Celsius,
0,0.00,W/m^2,21:37:07,28/6/17,Day of week:,Wednesday,27.75,Grade Celsius,
0,0.00,W/m^2,21:37:10,28/6/17,Day of week:,Wednesday,27.75,Grade Celsius,
0,0.00,W/m^2,21:37:13,28/6/17,Day of week:,Wednesday,27.75,Grade Celsius,
0,0.00,W/m^2,21:37:16,28/6/17,Day of week:,Wednesday,27.75,Grade Celsius,
0,0.00,W/m^2,21:37:19,28/6/17,Day of week:,Wednesday,27.75,Grade Celsius,
0,0.00,W/m^2,21:37:22,28/6/17,Day of week:,Wednesday,27.75,Grade Celsius,
0,0.00,W/m^2,21:37:25,28/6/17,Day of week:,Wednesday,27.75,Grade Celsius,
0,0.00,W/m^2,21:37:28,28/6/17,Day of week:,Wednesday,27.75,Grade Celsius,
0,0.00,W/m^2,21:37:31,28/6/17,Day of week:,Wednesday,27.75,Grade Celsius,
0,0.00,W/m^2,21:37:35,28/6/17,Day of week:,Wednesday,27.75,Grade Celsius,
0,0.00,W/m^2,21:37:38,28/6/17,Day of week:,Wednesday,27.75,Grade Celsius,
0,0.00,W/m^2,21:37:41,28/6/17,Day of week:,Wednesday,27.75,Grade Celsius,
0,0.00,W/m^2,21:37:44,28/6/17,Day of week:,Wednesday,27.75,Grade Celsius,
0,0.00,W/m^2,21:37:47,28/6/17,Day of week:,Wednesday,27.69,Grade Celsius,
0,0.00,W/m^2,21:37:50,28/6/17,Day of week:,Wednesday,27.69,Grade Celsius,
0,0.00,W/m^2,21:37:53,28/6/17,Day of week:,Wednesday,27.69,Grade Celsius,
0,0.00,W/m^2,21:37:56,28/6/17,Day of week:,Wednesday,27.69,Grade Celsius,
0,0.00,W/m^2,21:37:59,28/6/17,Day of week:,Wednesday,27.75,Grade Celsius,
0,0.00,W/m^2,21:38:02,28/6/17,Day of week:,Wednesday,27.69,Grade Celsius,
0,0.00,W/m^2,21:38:05,28/6/17,Day of week:,Wednesday,27.75,Grade Celsius,
0,0.00,W/m^2,21:38:08,28/6/17,Day of week:,Wednesday,27.75,Grade Celsius,
0,0.00,W/m^2,21:38:11,28/6/17,Day of week:,Wednesday,27.75,Grade Celsius,
0,0.00,W/m^2,21:38:14,28/6/17,Day of week:,Wednesday,27.75,Grade Celsius,
0,0.00,W/m^2,21:38:17,28/6/17,Day of week:,Wednesday,27.75,Grade Celsius,
0,0.00,W/m^2,21:38:20,28/6/17,Day of week:,Wednesday,27.75,Grade Celsius,
0,0.00,W/m^2,21:38:24,28/6/17,Day of week:,Wednesday,27.75,Grade Celsius,
0,0.00,W/m^2,21:38:27,28/6/17,Day of week:,Wednesday,27.75,Grade Celsius,
0,0.00,W/m^2,21:38:30,28/6/17,Day of week:,Wednesday,27.75,Grade Celsius,
0,0.00,W/m^2,21:38:33,28/6/17,Day of week:,Wednesday,27.75,Grade Celsius,
0,0.00,W/m^2,21:38:36,28/6/17,Day of week:,Wednesday,27.75,Grade Celsius,
0,0.00,W/m^2,21:38:39,28/6/17,Day of week:,Wednesday,27.75,Grade Celsius,
0,0.00,W/m^2,21:38:42,28/6/17,Day of week:,Wednesday,27.75,Grade Celsius,
0,0.00,W/m^2,21:38:45,28/6/17,Day of week:,Wednesday,27.75,Grade Celsius,
0,0.00,W/m^2,21:38:48,28/6/17,Day of week:,Wednesday,27.69,Grade Celsius,
0,0.00,W/m^2,21:38:51,28/6/17,Day of week:,Wednesday,27.69,Grade Celsius,
0,0.00,W/m^2,21:38:54,28/6/17,Day of week:,Wednesday,27.69,Grade Celsius,
0,0.00,W/m^2,21:38:57,28/6/17,Day of week:,Wednesday,27.62,Grade Celsius,
0,0.00,W/m^2,21:39:00,28/6/17,Day of week:,Wednesday,27.69,Grade Celsius,
0,0.00,W/m^2,21:39:03,28/6/17,Day of week:,Wednesday,27.69,Grade Celsius,
0,0.00,W/m^2,21:39:06,28/6/17,Day of week:,Wednesday,27.69,Grade Celsius,
0,0.00,W/m^2,21:39:09,28/6/17,Day of week:,Wednesday,27.69,Grade Celsius,
0,0.00,W/m^2,21:39:13,28/6/17,Day of week:,Wednesday,27.69,Grade Celsius,
0,0.00,W/m^2,21:39:16,28/6/17,Day of week:,Wednesday,27.69,Grade Celsius,
0,0.00,W/m^2,21:39:19,28/6/17,Day of week:,Wednesday,27.69,Grade Celsius,
0,0.00,W/m^2,21:39:22,28/6/17,Day of week:,Wednesday,27.69,Grade Celsius,
0,0.00,W/m^2,21:39:25,28/6/17,Day of week:,Wednesday,27.69,Grade Celsius,
0,0.00,W/m^2,21:39:28,28/6/17,Day of week:,Wednesday,27.69,Grade Celsius,
0,0.00,W/m^2,21:39:31,28/6/17,Day of week:,Wednesday,27.69,Grade Celsius,
0,0.00,W/m^2,21:39:34,28/6/17,Day of week:,Wednesday,27.69,Grade Celsius,
0,0.00,W/m^2,21:39:37,28/6/17,Day of week:,Wednesday,27.62,Grade Celsius,
0,0.00,W/m^2,21:39:40,28/6/17,Day of week:,Wednesday,27.69,Grade Celsius,
0,0.00,W/m^2,21:39:43,28/6/17,Day of week:,Wednesday,27.62,Grade Celsius,
0,0.00,W/m^2,21:39:46,28/6/17,Day of week:,Wednesday,27.62,Grade Celsius,
0,0.00,W/m^2,21:39:49,28/6/17,Day of week:,Wednesday,27.62,Grade Celsius,
0,0.00,W/m^2,21:39:52,28/6/17,Day of week:,Wednesday,27.62,Grade Celsius,
0,0.00,W/m^2,21:39:55,28/6/17,Day of week:,Wednesday,27.62,Grade Celsius,
0,0.00,W/m^2,21:39:59,28/6/17,Day of week:,Wednesday,27.62,Grade Celsius,
0,0.00,W/m^2,21:40:02,28/6/17,Day of week:,Wednesday,27.62,Grade Celsius,
0,0.00,W/m^2,21:40:05,28/6/17,Day of week:,Wednesday,27.62,Grade Celsius,
0,0.00,W/m^2,21:40:08,28/6/17,Day of week:,Wednesday,27.62,Grade Celsius,
0,0.00,W/m^2,21:40:11,28/6/17,Day of week:,Wednesday,27.62,Grade Celsius,
0,0.00,W/m^2,21:40:14,28/6/17,Day of week:,Wednesday,27.62,Grade Celsius,
0,0.00,W/m^2,21:40:17,28/6/17,Day of week:,Wednesday,27.62,Grade Celsius,
0,0.00,W/m^2,21:40:20,28/6/17,Day of week:,Wednesday,27.62,Grade Celsius,
0,0.00,W/m^2,21:40:23,28/6/17,Day of week:,Wednesday,27.62,Grade Celsius,
0,0.00,W/m^2,21:40:26,28/6/17,Day of week:,Wednesday,27.56,Grade Celsius,
0,0.00,W/m^2,21:40:29,28/6/17,Day of week:,Wednesday,27.56,Grade Celsius,
0,0.00,W/m^2,21:40:32,28/6/17,Day of week:,Wednesday,27.56,Grade Celsius,
0,0.00,W/m^2,21:40:35,28/6/17,Day of week:,Wednesday,27.62,Grade Celsius,
0,0.00,W/m^2,21:40:38,28/6/17,Day of week:,Wednesday,27.56,Grade Celsius,
0,0.00,W/m^2,21:40:41,28/6/17,Day of week:,Wednesday,27.56,Grade Celsius,
0,0.00,W/m^2,21:40:45,28/6/17,Day of week:,Wednesday,27.56,Grade Celsius,
0,0.00,W/m^2,21:40:48,28/6/17,Day of week:,Wednesday,27.56,Grade Celsius,
0,0.00,W/m^2,21:40:51,28/6/17,Day of week:,Wednesday,27.62,Grade Celsius,
0,0.00,W/m^2,21:40:54,28/6/17,Day of week:,Wednesday,27.62,Grade Celsius,
0,0.00,W/m^2,21:40:57,28/6/17,Day of week:,Wednesday,27.62,Grade Celsius,
0,0.00,W/m^2,21:41:00,28/6/17,Day of week:,Wednesday,27.62,Grade Celsius,
0,0.00,W/m^2,21:41:03,28/6/17,Day of week:,Wednesday,27.62,Grade Celsius,
0,0.00,W/m^2,21:41:06,28/6/17,Day of week:,Wednesday,27.62,Grade Celsius,
0,0.00,W/m^2,21:41:09,28/6/17,Day of week:,Wednesday,27.62,Grade Celsius,
0,0.00,W/m^2,21:41:12,28/6/17,Day of week:,Wednesday,27.62,Grade Celsius,
0,0.00,W/m^2,21:41:15,28/6/17,Day of week:,Wednesday,27.62,Grade Celsius,
0,0.00,W/m^2,21:41:18,28/6/17,Day of week:,Wednesday,27.62,Grade Celsius,
0,0.00,W/m^2,21:41:21,28/6/17,Day of week:,Wednesday,27.62,Grade Celsius,
0,0.00,W/m^2,21:41:24,28/6/17,Day of week:,Wednesday,27.62,Grade Celsius,
0,0.00,W/m^2,21:41:27,28/6/17,Day of week:,Wednesday,27.62,Grade Celsius,
0,0.00,W/m^2,21:41:30,28/6/17,Day of week:,Wednesday,27.62,Grade Celsius,
0,0.00,W/m^2,21:41:34,28/6/17,Day of week:,Wednesday,27.62,Grade Celsius,
0,0.00,W/m^2,21:41:37,28/6/17,Day of week:,Wednesday,27.62,Grade Celsius,
0,0.00,W/m^2,21:41:40,28/6/17,Day of week:,Wednesday,27.62,Grade Celsius,
0,0.00,W/m^2,21:41:43,28/6/17,Day of week:,Wednesday,27.56,Grade Celsius,
0,0.00,W/m^2,21:41:46,28/6/17,Day of week:,Wednesday,27.56,Grade Celsius,
0,0.00,W/m^2,21:41:49,28/6/17,Day of week:,Wednesday,27.56,Grade Celsius,
0,0.00,W/m^2,21:41:52,28/6/17,Day of week:,Wednesday,27.56,Grade Celsius,
0,0.00,W/m^2,21:41:55,28/6/17,Day of week:,Wednesday,27.56,Grade Celsius,
0,0.00,W/m^2,21:41:58,28/6/17,Day of week:,Wednesday,27.56,Grade Celsius,
0,0.00,W/m^2,21:42:01,28/6/17,Day of week:,Wednesday,27.56,Grade Celsius,
0,0.00,W/m^2,21:42:04,28/6/17,Day of week:,Wednesday,27.56,Grade Celsius,
0,0.00,W/m^2,21:42:07,28/6/17,Day of week:,Wednesday,27.56,Grade Celsius,
0,0.00,W/m^2,21:42:10,28/6/17,Day of week:,Wednesday,27.56,Grade Celsius,
0,0.00,W/m^2,21:42:13,28/6/17,Day of week:,Wednesday,27.56,Grade Celsius,
0,0.00,W/m^2,21:42:16,28/6/17,Day of week:,Wednesday,27.56,Grade Celsius,
0,0.00,W/m^2,21:42:20,28/6/17,Day of week:,Wednesday,27.62,Grade Celsius,
0,0.00,W/m^2,21:42:23,28/6/17,Day of week:,Wednesday,27.62,Grade Celsius,
0,0.00,W/m^2,21:42:26,28/6/17,Day of week:,Wednesday,27.62,Grade Celsius,
0,0.00,W/m^2,21:42:29,28/6/17,Day of week:,Wednesday,27.62,Grade Celsius,
0,0.00,W/m^2,21:42:32,28/6/17,Day of week:,Wednesday,27.62,Grade Celsius,
0,0.00,W/m^2,21:42:35,28/6/17,Day of week:,Wednesday,27.62,Grade Celsius,
0,0.00,W/m^2,21:42:38,28/6/17,Day of week:,Wednesday,27.62,Grade Celsius,
0,0.00,W/m^2,21:42:41,28/6/17,Day of week:,Wednesday,27.62,Grade Celsius,
0,0.00,W/m^2,21:42:44,28/6/17,Day of week:,Wednesday,27.62,Grade Celsius,
0,0.00,W/m^2,21:42:47,28/6/17,Day of week:,Wednesday,27.62,Grade Celsius,
0,0.00,W/m^2,21:42:50,28/6/17,Day of week:,Wednesday,27.62,Grade Celsius,
0,0.00,W/m^2,21:42:53,28/6/17,Day of week:,Wednesday,27.62,Grade Celsius,
0,0.00,W/m^2,21:42:56,28/6/17,Day of week:,Wednesday,27.62,Grade Celsius,
0,0.00,W/m^2,21:42:59,28/6/17,Day of week:,Wednesday,27.62,Grade Celsius,
0,0.00,W/m^2,21:43:02,28/6/17,Day of week:,Wednesday,27.62,Grade Celsius,
0,0.00,W/m^2,21:43:05,28/6/17,Day of week:,Wednesday,27.62,Grade Celsius,
0,0.00,W/m^2,21:43:09,28/6/17,Day of week:,Wednesday,27.62,Grade Celsius,
0,0.00,W/m^2,21:43:12,28/6/17,Day of week:,Wednesday,27.62,Grade Celsius,
0,0.00,W/m^2,21:43:15,28/6/17,Day of week:,Wednesday,27.62,Grade Celsius,
0,0.00,W/m^2,21:43:18,28/6/17,Day of week:,Wednesday,27.62,Grade Celsius,
0,0.00,W/m^2,21:43:21,28/6/17,Day of week:,Wednesday,27.62,Grade Celsius,
0,0.00,W/m^2,21:43:24,28/6/17,Day of week:,Wednesday,27.62,Grade Celsius,
0,0.00,W/m^2,21:43:27,28/6/17,Day of week:,Wednesday,27.62,Grade Celsius,
0,0.00,W/m^2,21:43:30,28/6/17,Day of week:,Wednesday,27.62,Grade Celsius,
0,0.00,W/m^2,21:43:33,28/6/17,Day of week:,Wednesday,27.62,Grade Celsius,
0,0.00,W/m^2,21:43:36,28/6/17,Day of week:,Wednesday,27.69,Grade Celsius,
0,0.00,W/m^2,21:43:39,28/6/17,Day of week:,Wednesday,27.69,Grade Celsius,
0,0.00,W/m^2,21:43:42,28/6/17,Day of week:,Wednesday,27.69,Grade Celsius,
0,0.00,W/m^2,21:43:45,28/6/17,Day of week:,Wednesday,27.69,Grade Celsius,
0,0.00,W/m^2,21:43:48,28/6/17,Day of week:,Wednesday,27.69,Grade Celsius,
0,0.00,W/m^2,21:43:51,28/6/17,Day of week:,Wednesday,27.69,Grade Celsius,
0,0.00,W/m^2,21:43:54,28/6/17,Day of week:,Wednesday,27.69,Grade Celsius,
0,0.00,W/m^2,21:43:58,28/6/17,Day of week:,Wednesday,27.69,Grade Celsius,
0,0.00,W/m^2,21:44:01,28/6/17,Day of week:,Wednesday,27.69,Grade Celsius,
0,0.00,W/m^2,21:44:04,28/6/17,Day of week:,Wednesday,27.69,Grade Celsius,
0,0.00,W/m^2,21:44:07,28/6/17,Day of week:,Wednesday,27.69,Grade Celsius,
0,0.00,W/m^2,21:44:10,28/6/17,Day of week:,Wednesday,27.69,Grade Celsius,
0,0.00,W/m^2,21:44:13,28/6/17,Day of week:,Wednesday,27.69,Grade Celsius,
0,0.00,W/m^2,21:44:16,28/6/17,Day of week:,Wednesday,27.69,Grade Celsius,
0,0.00,W/m^2,21:44:19,28/6/17,Day of week:,Wednesday,27.69,Grade Celsius,
0,0.00,W/m^2,21:44:22,28/6/17,Day of week:,Wednesday,27.69,Grade Celsius,
0,0.00,W/m^2,21:44:25,28/6/17,Day of week:,Wednesday,27.69,Grade Celsius,
0,0.00,W/m^2,21:44:28,28/6/17,Day of week:,Wednesday,27.69,Grade Celsius,
0,0.00,W/m^2,21:44:31,28/6/17,Day of week:,Wednesday,27.69,Grade Celsius,
0,0.00,W/m^2,21:44:34,28/6/17,Day of week:,Wednesday,27.69,Grade Celsius,
0,0.00,W/m^2,21:44:37,28/6/17,Day of week:,Wednesday,27.62,Grade Celsius,
0,0.00,W/m^2,21:44:40,28/6/17,Day of week:,Wednesday,27.62,Grade Celsius,
0,0.00,W/m^2,21:44:43,28/6/17,Day of week:,Wednesday,27.62,Grade Celsius,
0,0.00,W/m^2,21:44:47,28/6/17,Day of week:,Wednesday,27.62,Grade Celsius,
0,0.00,W/m^2,21:44:50,28/6/17,Day of week:,Wednesday,27.62,Grade Celsius,
0,0.00,W/m^2,21:44:53,28/6/17,Day of week:,Wednesday,27.62,Grade Celsius,
0,0.00,W/m^2,21:44:56,28/6/17,Day of week:,Wednesday,27.62,Grade Celsius,
0,0.00,W/m^2,21:44:59,28/6/17,Day of week:,Wednesday,27.62,Grade Celsius,
0,0.00,W/m^2,21:45:02,28/6/17,Day of week:,Wednesday,27.62,Grade Celsius,
0,0.00,W/m^2,21:45:05,28/6/17,Day of week:,Wednesday,27.62,Grade Celsius,
0,0.00,W/m^2,21:45:08,28/6/17,Day of week:,Wednesday,27.62,Grade Celsius,
0,0.00,W/m^2,21:45:11,28/6/17,Day of week:,Wednesday,27.62,Grade Celsius,
0,0.00,W/m^2,21:45:14,28/6/17,Day of week:,Wednesday,27.62,Grade Celsius,
0,0.00,W/m^2,21:45:17,28/6/17,Day of week:,Wednesday,27.62,Grade Celsius,
0,0.00,W/m^2,21:45:20,28/6/17,Day of week:,Wednesday,27.62,Grade Celsius,
0,0.00,W/m^2,21:45:23,28/6/17,Day of week:,Wednesday,27.62,Grade Celsius,
0,0.00,W/m^2,21:45:27,28/6/17,Day of week:,Wednesday,27.62,Grade Celsius,
0,0.00,W/m^2,21:45:30,28/6/17,Day of week:,Wednesday,27.62,Grade Celsius,
0,0.00,W/m^2,21:45:33,28/6/17,Day of week:,Wednesday,27.62,Grade Celsius,
0,0.00,W/m^2,21:45:36,28/6/17,Day of week:,Wednesday,27.62,Grade Celsius,
0,0.00,W/m^2,21:45:39,28/6/17,Day of week:,Wednesday,27.62,Grade Celsius,
0,0.00,W/m^2,21:45:42,28/6/17,Day of week:,Wednesday,27.62,Grade Celsius,
0,0.00,W/m^2,21:45:45,28/6/17,Day of week:,Wednesday,27.56,Grade Celsius,
0,0.00,W/m^2,21:45:48,28/6/17,Day of week:,Wednesday,27.56,Grade Celsius,
0,0.00,W/m^2,21:45:51,28/6/17,Day of week:,Wednesday,27.56,Grade Celsius,
0,0.00,W/m^2,21:45:54,28/6/17,Day of week:,Wednesday,27.62,Grade Celsius,
0,0.00,W/m^2,21:45:57,28/6/17,Day of week:,Wednesday,27.62,Grade Celsius,
0,0.00,W/m^2,21:46:00,28/6/17,Day of week:,Wednesday,27.62,Grade Celsius,
0,0.00,W/m^2,21:46:03,28/6/17,Day of week:,Wednesday,27.62,Grade Celsius,
0,0.00,W/m^2,21:46:06,28/6/17,Day of week:,Wednesday,27.62,Grade Celsius,
0,0.00,W/m^2,21:46:09,28/6/17,Day of week:,Wednesday,27.62,Grade Celsius,
0,0.00,W/m^2,21:46:13,28/6/17,Day of week:,Wednesday,27.62,Grade Celsius,
0,0.00,W/m^2,21:46:16,28/6/17,Day of week:,Wednesday,27.62,Grade Celsius,
0,0.00,W/m^2,21:46:19,28/6/17,Day of week:,Wednesday,27.62,Grade Celsius,
0,0.00,W/m^2,21:46:22,28/6/17,Day of week:,Wednesday,27.62,Grade Celsius,
0,0.00,W/m^2,21:46:25,28/6/17,Day of week:,Wednesday,27.62,Grade Celsius,
0,0.00,W/m^2,21:46:28,28/6/17,Day of week:,Wednesday,27.69,Grade Celsius,
0,0.00,W/m^2,21:46:31,28/6/17,Day of week:,Wednesday,27.69,Grade Celsius,
0,0.00,W/m^2,21:46:34,28/6/17,Day of week:,Wednesday,27.69,Grade Celsius,
0,0.00,W/m^2,21:46:37,28/6/17,Day of week:,Wednesday,27.69,Grade Celsius,
0,0.00,W/m^2,21:46:40,28/6/17,Day of week:,Wednesday,27.69,Grade Celsius,
0,0.00,W/m^2,21:46:43,28/6/17,Day of week:,Wednesday,27.69,Grade Celsius,
0,0.00,W/m^2,21:46:46,28/6/17,Day of week:,Wednesday,27.69,Grade Celsius,
0,0.00,W/m^2,21:46:49,28/6/17,Day of week:,Wednesday,27.62,Grade Celsius,
0,0.00,W/m^2,21:46:52,28/6/17,Day of week:,Wednesday,27.62,Grade Celsius,
0,0.00,W/m^2,21:46:55,28/6/17,Day of week:,Wednesday,27.62,Grade Celsius,
0,0.00,W/m^2,21:46:58,28/6/17,Day of week:,Wednesday,27.69,Grade Celsius,
0,0.00,W/m^2,21:47:02,28/6/17,Day of week:,Wednesday,27.62,Grade Celsius,
0,0.00,W/m^2,21:47:05,28/6/17,Day of week:,Wednesday,27.62,Grade Celsius,
0,0.00,W/m^2,21:47:08,28/6/17,Day of week:,Wednesday,27.62,Grade Celsius,
0,0.00,W/m^2,21:47:11,28/6/17,Day of week:,Wednesday,27.62,Grade Celsius,
0,0.00,W/m^2,21:47:14,28/6/17,Day of week:,Wednesday,27.62,Grade Celsius,
0,0.00,W/m^2,21:47:17,28/6/17,Day of week:,Wednesday,27.62,Grade Celsius,
0,0.00,W/m^2,21:47:20,28/6/17,Day of week:,Wednesday,27.62,Grade Celsius,
0,0.00,W/m^2,21:47:23,28/6/17,Day of week:,Wednesday,27.62,Grade Celsius,
0,0.00,W/m^2,21:47:26,28/6/17,Day of week:,Wednesday,27.62,Grade Celsius,
0,0.00,W/m^2,21:47:29,28/6/17,Day of week:,Wednesday,27.62,Grade Celsius,
0,0.00,W/m^2,21:47:32,28/6/17,Day of week:,Wednesday,27.62,Grade Celsius,
0,0.00,W/m^2,21:47:35,28/6/17,Day of week:,Wednesday,27.62,Grade Celsius,
0,0.00,W/m^2,21:47:38,28/6/17,Day of week:,Wednesday,27.62,Grade Celsius,
0,0.00,W/m^2,21:47:41,28/6/17,Day of week:,Wednesday,27.62,Grade Celsius,
0,0.00,W/m^2,21:47:44,28/6/17,Day of week:,Wednesday,27.62,Grade Celsius,
0,0.00,W/m^2,21:47:47,28/6/17,Day of week:,Wednesday,27.62,Grade Celsius,
0,0.00,W/m^2,21:47:51,28/6/17,Day of week:,Wednesday,27.62,Grade Celsius,
0,0.00,W/m^2,21:47:54,28/6/17,Day of week:,Wednesday,27.62,Grade Celsius,
0,0.00,W/m^2,21:47:57,28/6/17,Day of week:,Wednesday,27.62,Grade Celsius,
0,0.00,W/m^2,21:48:00,28/6/17,Day of week:,Wednesday,27.62,Grade Celsius,
0,0.00,W/m^2,21:48:03,28/6/17,Day of week:,Wednesday,27.62,Grade Celsius,
0,0.00,W/m^2,21:48:06,28/6/17,Day of week:,Wednesday,27.62,Grade Celsius,
0,0.00,W/m^2,21:48:09,28/6/17,Day of week:,Wednesday,27.62,Grade Celsius,
0,0.00,W/m^2,21:48:12,28/6/17,Day of week:,Wednesday,27.62,Grade Celsius,
0,0.00,W/m^2,21:48:15,28/6/17,Day of week:,Wednesday,27.62,Grade Celsius,
0,0.00,W/m^2,21:48:18,28/6/17,Day of week:,Wednesday,27.62,Grade Celsius,
0,0.00,W/m^2,21:48:21,28/6/17,Day of week:,Wednesday,27.62,Grade Celsius,
0,0.00,W/m^2,21:48:24,28/6/17,Day of week:,Wednesday,27.62,Grade Celsius,
0,0.00,W/m^2,21:48:27,28/6/17,Day of week:,Wednesday,27.62,Grade Celsius,
0,0.00,W/m^2,21:48:30,28/6/17,Day of week:,Wednesday,27.62,Grade Celsius,
0,0.00,W/m^2,21:48:33,28/6/17,Day of week:,Wednesday,27.62,Grade Celsius,
0,0.00,W/m^2,21:48:37,28/6/17,Day of week:,Wednesday,27.62,Grade Celsius,
0,0.00,W/m^2,21:48:40,28/6/17,Day of week:,Wednesday,27.62,Grade Celsius,
0,0.00,W/m^2,21:48:43,28/6/17,Day of week:,Wednesday,27.62,Grade Celsius,
0,0.00,W/m^2,21:48:46,28/6/17,Day of week:,Wednesday,27.62,Grade Celsius,
0,0.00,W/m^2,21:48:49,28/6/17,Day of week:,Wednesday,27.56,Grade Celsius,
0,0.00,W/m^2,21:48:52,28/6/17,Day of week:,Wednesday,27.62,Grade Celsius,
0,0.00,W/m^2,21:48:55,28/6/17,Day of week:,Wednesday,27.62,Grade Celsius,
0,0.00,W/m^2,21:48:58,28/6/17,Day of week:,Wednesday,27.62,Grade Celsius,
0,0.00,W/m^2,21:49:01,28/6/17,Day of week:,Wednesday,27.62,Grade Celsius,
0,0.00,W/m^2,21:49:04,28/6/17,Day of week:,Wednesday,27.56,Grade Celsius,
0,0.00,W/m^2,21:49:07,28/6/17,Day of week:,Wednesday,27.56,Grade Celsius,
0,0.00,W/m^2,21:49:10,28/6/17,Day of week:,Wednesday,27.56,Grade Celsius,
0,0.00,W/m^2,21:49:13,28/6/17,Day of week:,Wednesday,27.56,Grade Celsius,
0,0.00,W/m^2,21:49:16,28/6/17,Day of week:,Wednesday,27.56,Grade Celsius,
0,0.00,W/m^2,21:49:19,28/6/17,Day of week:,Wednesday,27.56,Grade Celsius,
0,0.00,W/m^2,21:49:22,28/6/17,Day of week:,Wednesday,27.56,Grade Celsius,
0,0.00,W/m^2,21:49:26,28/6/17,Day of week:,Wednesday,27.56,Grade Celsius,
0,0.00,W/m^2,21:49:29,28/6/17,Day of week:,Wednesday,27.56,Grade Celsius,
0,0.00,W/m^2,21:49:32,28/6/17,Day of week:,Wednesday,27.56,Grade Celsius,
0,0.00,W/m^2,21:49:35,28/6/17,Day of week:,Wednesday,27.56,Grade Celsius,
0,0.00,W/m^2,21:49:38,28/6/17,Day of week:,Wednesday,27.56,Grade Celsius,
0,0.00,W/m^2,21:49:41,28/6/17,Day of week:,Wednesday,27.56,Grade Celsius,
0,0.00,W/m^2,21:49:44,28/6/17,Day of week:,Wednesday,27.56,Grade Celsius,
0,0.00,W/m^2,21:49:47,28/6/17,Day of week:,Wednesday,27.56,Grade Celsius,
0,0.00,W/m^2,21:49:50,28/6/17,Day of week:,Wednesday,27.56,Grade Celsius,
0,0.00,W/m^2,21:49:53,28/6/17,Day of week:,Wednesday,27.56,Grade Celsius,
0,0.00,W/m^2,21:49:56,28/6/17,Day of week:,Wednesday,27.56,Grade Celsius,
0,0.00,W/m^2,21:49:59,28/6/17,Day of week:,Wednesday,27.56,Grade Celsius,
0,0.00,W/m^2,21:50:02,28/6/17,Day of week:,Wednesday,27.56,Grade Celsius,
0,0.00,W/m^2,21:50:05,28/6/17,Day of week:,Wednesday,27.50,Grade Celsius,
0,0.00,W/m^2,21:50:08,28/6/17,Day of week:,Wednesday,27.50,Grade Celsius,
0,0.00,W/m^2,21:50:11,28/6/17,Day of week:,Wednesday,27.50,Grade Celsius,
0,0.00,W/m^2,21:50:15,28/6/17,Day of week:,Wednesday,27.44,Grade Celsius,
0,0.00,W/m^2,21:50:18,28/6/17,Day of week:,Wednesday,27.44,Grade Celsius,
0,0.00,W/m^2,21:50:21,28/6/17,Day of week:,Wednesday,27.44,Grade Celsius,
0,0.00,W/m^2,21:50:24,28/6/17,Day of week:,Wednesday,27.50,Grade Celsius,
0,0.00,W/m^2,21:50:27,28/6/17,Day of week:,Wednesday,27.50,Grade Celsius,
0,0.00,W/m^2,21:50:30,28/6/17,Day of week:,Wednesday,27.44,Grade Celsius,
0,0.00,W/m^2,21:50:33,28/6/17,Day of week:,Wednesday,27.50,Grade Celsius,
0,0.00,W/m^2,21:50:36,28/6/17,Day of week:,Wednesday,27.50,Grade Celsius,
0,0.00,W/m^2,21:50:39,28/6/17,Day of week:,Wednesday,27.50,Grade Celsius,
0,0.00,W/m^2,21:50:42,28/6/17,Day of week:,Wednesday,27.50,Grade Celsius,
0,0.00,W/m^2,21:50:45,28/6/17,Day of week:,Wednesday,27.50,Grade Celsius,
0,0.00,W/m^2,21:50:48,28/6/17,Day of week:,Wednesday,27.50,Grade Celsius,
0,0.00,W/m^2,21:50:51,28/6/17,Day of week:,Wednesday,27.50,Grade Celsius,
0,0.00,W/m^2,21:50:54,28/6/17,Day of week:,Wednesday,27.50,Grade Celsius,
0,0.00,W/m^2,21:50:58,28/6/17,Day of week:,Wednesday,27.50,Grade Celsius,
0,0.00,W/m^2,21:51:01,28/6/17,Day of week:,Wednesday,27.44,Grade Celsius,
0,0.00,W/m^2,21:51:04,28/6/17,Day of week:,Wednesday,27.44,Grade Celsius,
0,0.00,W/m^2,21:51:07,28/6/17,Day of week:,Wednesday,27.44,Grade Celsius,
0,0.00,W/m^2,21:51:10,28/6/17,Day of week:,Wednesday,27.44,Grade Celsius,
0,0.00,W/m^2,21:51:13,28/6/17,Day of week:,Wednesday,27.44,Grade Celsius,
0,0.00,W/m^2,21:51:16,28/6/17,Day of week:,Wednesday,27.44,Grade Celsius,
0,0.00,W/m^2,21:51:19,28/6/17,Day of week:,Wednesday,27.44,Grade Celsius,
0,0.00,W/m^2,21:51:22,28/6/17,Day of week:,Wednesday,27.50,Grade Celsius,
0,0.00,W/m^2,21:51:25,28/6/17,Day of week:,Wednesday,27.50,Grade Celsius,
0,0.00,W/m^2,21:51:28,28/6/17,Day of week:,Wednesday,27.50,Grade Celsius,
0,0.00,W/m^2,21:51:31,28/6/17,Day of week:,Wednesday,27.50,Grade Celsius,
0,0.00,W/m^2,21:51:34,28/6/17,Day of week:,Wednesday,27.44,Grade Celsius,
0,0.00,W/m^2,21:51:37,28/6/17,Day of week:,Wednesday,27.44,Grade Celsius,
0,0.00,W/m^2,21:51:40,28/6/17,Day of week:,Wednesday,27.44,Grade Celsius,
0,0.00,W/m^2,21:51:43,28/6/17,Day of week:,Wednesday,27.44,Grade Celsius,
0,0.00,W/m^2,21:51:47,28/6/17,Day of week:,Wednesday,27.44,Grade Celsius,
0,0.00,W/m^2,21:51:50,28/6/17,Day of week:,Wednesday,27.37,Grade Celsius,
0,0.00,W/m^2,21:51:53,28/6/17,Day of week:,Wednesday,27.37,Grade Celsius,
0,0.00,W/m^2,21:51:56,28/6/17,Day of week:,Wednesday,27.37,Grade Celsius,
0,0.00,W/m^2,21:51:59,28/6/17,Day of week:,Wednesday,27.37,Grade Celsius,
0,0.00,W/m^2,21:52:02,28/6/17,Day of week:,Wednesday,27.37,Grade Celsius,
0,0.00,W/m^2,21:52:05,28/6/17,Day of week:,Wednesday,27.37,Grade Celsius,
0,0.00,W/m^2,21:52:08,28/6/17,Day of week:,Wednesday,27.37,Grade Celsius,
0,0.00,W/m^2,21:52:11,28/6/17,Day of week:,Wednesday,27.37,Grade Celsius,
0,0.00,W/m^2,21:52:14,28/6/17,Day of week:,Wednesday,27.37,Grade Celsius,
0,0.00,W/m^2,21:52:17,28/6/17,Day of week:,Wednesday,27.37,Grade Celsius,
0,0.00,W/m^2,21:52:20,28/6/17,Day of week:,Wednesday,27.37,Grade Celsius,
0,0.00,W/m^2,21:52:23,28/6/17,Day of week:,Wednesday,27.37,Grade Celsius,
0,0.00,W/m^2,21:52:26,28/6/17,Day of week:,Wednesday,27.37,Grade Celsius,
0,0.00,W/m^2,21:52:29,28/6/17,Day of week:,Wednesday,27.37,Grade Celsius,
0,0.00,W/m^2,21:52:32,28/6/17,Day of week:,Wednesday,27.37,Grade Celsius,
0,0.00,W/m^2,21:52:36,28/6/17,Day of week:,Wednesday,27.37,Grade Celsius,
0,0.00,W/m^2,21:52:39,28/6/17,Day of week:,Wednesday,27.37,Grade Celsius,
0,0.00,W/m^2,21:52:42,28/6/17,Day of week:,Wednesday,27.37,Grade Celsius,
0,0.00,W/m^2,21:52:45,28/6/17,Day of week:,Wednesday,27.37,Grade Celsius,
0,0.00,W/m^2,21:52:48,28/6/17,Day of week:,Wednesday,27.37,Grade Celsius,
0,0.00,W/m^2,21:52:51,28/6/17,Day of week:,Wednesday,27.44,Grade Celsius,
0,0.00,W/m^2,21:52:54,28/6/17,Day of week:,Wednesday,27.44,Grade Celsius,
0,0.00,W/m^2,21:52:57,28/6/17,Day of week:,Wednesday,27.44,Grade Celsius,
0,0.00,W/m^2,21:53:00,28/6/17,Day of week:,Wednesday,27.44,Grade Celsius,
0,0.00,W/m^2,21:53:03,28/6/17,Day of week:,Wednesday,27.44,Grade Celsius,
0,0.00,W/m^2,21:53:06,28/6/17,Day of week:,Wednesday,27.44,Grade Celsius,
0,0.00,W/m^2,21:53:09,28/6/17,Day of week:,Wednesday,27.37,Grade Celsius,
0,0.00,W/m^2,21:53:12,28/6/17,Day of week:,Wednesday,27.44,Grade Celsius,
0,0.00,W/m^2,21:53:15,28/6/17,Day of week:,Wednesday,27.37,Grade Celsius,
0,0.00,W/m^2,21:53:18,28/6/17,Day of week:,Wednesday,27.44,Grade Celsius,
0,0.00,W/m^2,21:53:21,28/6/17,Day of week:,Wednesday,27.44,Grade Celsius,
0,0.00,W/m^2,21:53:25,28/6/17,Day of week:,Wednesday,27.37,Grade Celsius,
0,0.00,W/m^2,21:53:28,28/6/17,Day of week:,Wednesday,27.37,Grade Celsius,
0,0.00,W/m^2,21:53:31,28/6/17,Day of week:,Wednesday,27.37,Grade Celsius,
0,0.00,W/m^2,21:53:34,28/6/17,Day of week:,Wednesday,27.37,Grade Celsius,
0,0.00,W/m^2,21:53:37,28/6/17,Day of week:,Wednesday,27.37,Grade Celsius,
0,0.00,W/m^2,21:53:40,28/6/17,Day of week:,Wednesday,27.37,Grade Celsius,
0,0.00,W/m^2,21:53:43,28/6/17,Day of week:,Wednesday,27.44,Grade Celsius,
0,0.00,W/m^2,21:53:46,28/6/17,Day of week:,Wednesday,27.44,Grade Celsius,
0,0.00,W/m^2,21:53:49,28/6/17,Day of week:,Wednesday,27.44,Grade Celsius,
0,0.00,W/m^2,21:53:52,28/6/17,Day of week:,Wednesday,27.44,Grade Celsius,
0,0.00,W/m^2,21:53:55,28/6/17,Day of week:,Wednesday,27.44,Grade Celsius,
0,0.00,W/m^2,21:53:58,28/6/17,Day of week:,Wednesday,27.44,Grade Celsius,
0,0.00,W/m^2,21:54:01,28/6/17,Day of week:,Wednesday,27.37,Grade Celsius,
0,0.00,W/m^2,21:54:04,28/6/17,Day of week:,Wednesday,27.44,Grade Celsius,
0,0.00,W/m^2,21:54:07,28/6/17,Day of week:,Wednesday,27.44,Grade Celsius,
0,0.00,W/m^2,21:54:11,28/6/17,Day of week:,Wednesday,27.44,Grade Celsius,
0,0.00,W/m^2,21:54:14,28/6/17,Day of week:,Wednesday,27.44,Grade Celsius,
0,0.00,W/m^2,21:54:17,28/6/17,Day of week:,Wednesday,27.44,Grade Celsius,
0,0.00,W/m^2,21:54:20,28/6/17,Day of week:,Wednesday,27.37,Grade Celsius,
0,0.00,W/m^2,21:54:23,28/6/17,Day of week:,Wednesday,27.37,Grade Celsius,
0,0.00,W/m^2,21:54:26,28/6/17,Day of week:,Wednesday,27.37,Grade Celsius,
0,0.00,W/m^2,21:54:29,28/6/17,Day of week:,Wednesday,27.37,Grade Celsius,
0,0.00,W/m^2,21:54:32,28/6/17,Day of week:,Wednesday,27.44,Grade Celsius,
0,0.00,W/m^2,21:54:35,28/6/17,Day of week:,Wednesday,27.44,Grade Celsius,
0,0.00,W/m^2,21:54:38,28/6/17,Day of week:,Wednesday,27.44,Grade Celsius,
0,0.00,W/m^2,21:54:41,28/6/17,Day of week:,Wednesday,27.44,Grade Celsius,
0,0.00,W/m^2,21:54:44,28/6/17,Day of week:,Wednesday,27.44,Grade Celsius,
0,0.00,W/m^2,21:54:47,28/6/17,Day of week:,Wednesday,27.44,Grade Celsius,
0,0.00,W/m^2,21:54:50,28/6/17,Day of week:,Wednesday,27.50,Grade Celsius,
0,0.00,W/m^2,21:54:53,28/6/17,Day of week:,Wednesday,27.50,Grade Celsius,
0,0.00,W/m^2,21:54:56,28/6/17,Day of week:,Wednesday,27.50,Grade Celsius,
0,0.00,W/m^2,21:55:00,28/6/17,Day of week:,Wednesday,27.50,Grade Celsius,
0,0.00,W/m^2,21:55:03,28/6/17,Day of week:,Wednesday,27.50,Grade Celsius,
0,0.00,W/m^2,21:55:06,28/6/17,Day of week:,Wednesday,27.50,Grade Celsius,
0,0.00,W/m^2,21:55:09,28/6/17,Day of week:,Wednesday,27.50,Grade Celsius,
0,0.00,W/m^2,21:55:12,28/6/17,Day of week:,Wednesday,27.50,Grade Celsius,
0,0.00,W/m^2,21:55:15,28/6/17,Day of week:,Wednesday,27.50,Grade Celsius,
0,0.00,W/m^2,21:55:18,28/6/17,Day of week:,Wednesday,27.50,Grade Celsius,
0,0.00,W/m^2,21:55:21,28/6/17,Day of week:,Wednesday,27.50,Grade Celsius,
0,0.00,W/m^2,21:55:24,28/6/17,Day of week:,Wednesday,27.50,Grade Celsius,
0,0.00,W/m^2,21:55:27,28/6/17,Day of week:,Wednesday,27.50,Grade Celsius,
0,0.00,W/m^2,21:55:30,28/6/17,Day of week:,Wednesday,27.50,Grade Celsius,
0,0.00,W/m^2,21:55:33,28/6/17,Day of week:,Wednesday,27.50,Grade Celsius,
0,0.00,W/m^2,21:55:36,28/6/17,Day of week:,Wednesday,27.50,Grade Celsius,
0,0.00,W/m^2,21:55:39,28/6/17,Day of week:,Wednesday,27.50,Grade Celsius,
0,0.00,W/m^2,21:55:42,28/6/17,Day of week:,Wednesday,27.44,Grade Celsius,
0,0.00,W/m^2,21:55:46,28/6/17,Day of week:,Wednesday,27.44,Grade Celsius,
0,0.00,W/m^2,21:55:49,28/6/17,Day of week:,Wednesday,27.44,Grade Celsius,
0,0.00,W/m^2,21:55:52,28/6/17,Day of week:,Wednesday,27.44,Grade Celsius,
0,0.00,W/m^2,21:55:55,28/6/17,Day of week:,Wednesday,27.44,Grade Celsius,
0,0.00,W/m^2,21:55:58,28/6/17,Day of week:,Wednesday,27.37,Grade Celsius,
0,0.00,W/m^2,21:56:01,28/6/17,Day of week:,Wednesday,27.37,Grade Celsius,
0,0.00,W/m^2,21:56:04,28/6/17,Day of week:,Wednesday,27.37,Grade Celsius,
0,0.00,W/m^2,21:56:07,28/6/17,Day of week:,Wednesday,27.37,Grade Celsius,
0,0.00,W/m^2,21:56:10,28/6/17,Day of week:,Wednesday,27.37,Grade Celsius,
0,0.00,W/m^2,21:56:13,28/6/17,Day of week:,Wednesday,27.37,Grade Celsius,
0,0.00,W/m^2,21:56:16,28/6/17,Day of week:,Wednesday,27.37,Grade Celsius,
0,0.00,W/m^2,21:56:19,28/6/17,Day of week:,Wednesday,27.37,Grade Celsius,
0,0.00,W/m^2,21:56:22,28/6/17,Day of week:,Wednesday,27.37,Grade Celsius,
0,0.00,W/m^2,21:56:26,28/6/17,Day of week:,Wednesday,27.37,Grade Celsius,
0,0.00,W/m^2,21:56:29,28/6/17,Day of week:,Wednesday,27.37,Grade Celsius,
0,0.00,W/m^2,21:56:32,28/6/17,Day of week:,Wednesday,27.37,Grade Celsius,
0,0.00,W/m^2,21:56:35,28/6/17,Day of week:,Wednesday,27.37,Grade Celsius,
0,0.00,W/m^2,21:56:38,28/6/17,Day of week:,Wednesday,27.37,Grade Celsius,
0,0.00,W/m^2,21:56:41,28/6/17,Day of week:,Wednesday,27.37,Grade Celsius,
0,0.00,W/m^2,21:56:44,28/6/17,Day of week:,Wednesday,27.37,Grade Celsius,
0,0.00,W/m^2,21:56:47,28/6/17,Day of week:,Wednesday,27.37,Grade Celsius,
0,0.00,W/m^2,21:56:50,28/6/17,Day of week:,Wednesday,27.37,Grade Celsius,
0,0.00,W/m^2,21:56:53,28/6/17,Day of week:,Wednesday,27.37,Grade Celsius,
0,0.00,W/m^2,21:56:56,28/6/17,Day of week:,Wednesday,27.31,Grade Celsius,
0,0.00,W/m^2,21:56:59,28/6/17,Day of week:,Wednesday,27.31,Grade Celsius,
0,0.00,W/m^2,21:57:02,28/6/17,Day of week:,Wednesday,27.31,Grade Celsius,
0,0.00,W/m^2,21:57:05,28/6/17,Day of week:,Wednesday,27.31,Grade Celsius,
0,0.00,W/m^2,21:57:08,28/6/17,Day of week:,Wednesday,27.31,Grade Celsius,
0,0.00,W/m^2,21:57:11,28/6/17,Day of week:,Wednesday,27.37,Grade Celsius,
0,0.00,W/m^2,21:57:15,28/6/17,Day of week:,Wednesday,27.37,Grade Celsius,
0,0.00,W/m^2,21:57:18,28/6/17,Day of week:,Wednesday,27.37,Grade Celsius,
0,0.00,W/m^2,21:57:21,28/6/17,Day of week:,Wednesday,27.37,Grade Celsius,
0,0.00,W/m^2,21:57:24,28/6/17,Day of week:,Wednesday,27.37,Grade Celsius,
0,0.00,W/m^2,21:57:27,28/6/17,Day of week:,Wednesday,27.37,Grade Celsius,
0,0.00,W/m^2,21:57:30,28/6/17,Day of week:,Wednesday,27.37,Grade Celsius,
0,0.00,W/m^2,21:57:33,28/6/17,Day of week:,Wednesday,27.37,Grade Celsius,
0,0.00,W/m^2,21:57:36,28/6/17,Day of week:,Wednesday,27.31,Grade Celsius,
0,0.00,W/m^2,21:57:39,28/6/17,Day of week:,Wednesday,27.31,Grade Celsius,
0,0.00,W/m^2,21:57:42,28/6/17,Day of week:,Wednesday,27.31,Grade Celsius,
0,0.00,W/m^2,21:57:45,28/6/17,Day of week:,Wednesday,27.31,Grade Celsius,
0,0.00,W/m^2,21:57:48,28/6/17,Day of week:,Wednesday,27.31,Grade Celsius,
0,0.00,W/m^2,21:57:51,28/6/17,Day of week:,Wednesday,27.37,Grade Celsius,
0,0.00,W/m^2,21:57:54,28/6/17,Day of week:,Wednesday,27.37,Grade Celsius,
0,0.00,W/m^2,21:57:57,28/6/17,Day of week:,Wednesday,27.37,Grade Celsius,
0,0.00,W/m^2,21:58:00,28/6/17,Day of week:,Wednesday,27.37,Grade Celsius,
0,0.00,W/m^2,21:58:04,28/6/17,Day of week:,Wednesday,27.31,Grade Celsius,
0,0.00,W/m^2,21:58:07,28/6/17,Day of week:,Wednesday,27.31,Grade Celsius,
0,0.00,W/m^2,21:58:10,28/6/17,Day of week:,Wednesday,27.31,Grade Celsius,
0,0.00,W/m^2,21:58:13,28/6/17,Day of week:,Wednesday,27.31,Grade Celsius,
0,0.00,W/m^2,21:58:16,28/6/17,Day of week:,Wednesday,27.31,Grade Celsius,
0,0.00,W/m^2,21:58:19,28/6/17,Day of week:,Wednesday,27.31,Grade Celsius,
0,0.00,W/m^2,21:58:22,28/6/17,Day of week:,Wednesday,27.31,Grade Celsius,
0,0.00,W/m^2,21:58:25,28/6/17,Day of week:,Wednesday,27.31,Grade Celsius,
0,0.00,W/m^2,21:58:28,28/6/17,Day of week:,Wednesday,27.25,Grade Celsius,
0,0.00,W/m^2,21:58:31,28/6/17,Day of week:,Wednesday,27.31,Grade Celsius,
0,0.00,W/m^2,21:58:34,28/6/17,Day of week:,Wednesday,27.25,Grade Celsius,
0,0.00,W/m^2,21:58:37,28/6/17,Day of week:,Wednesday,27.25,Grade Celsius,
0,0.00,W/m^2,21:58:40,28/6/17,Day of week:,Wednesday,27.31,Grade Celsius,
0,0.00,W/m^2,21:58:43,28/6/17,Day of week:,Wednesday,27.25,Grade Celsius,
0,0.00,W/m^2,21:58:46,28/6/17,Day of week:,Wednesday,27.25,Grade Celsius,
0,0.00,W/m^2,21:58:49,28/6/17,Day of week:,Wednesday,27.25,Grade Celsius,
0,0.00,W/m^2,21:58:53,28/6/17,Day of week:,Wednesday,27.25,Grade Celsius,
0,0.00,W/m^2,21:58:56,28/6/17,Day of week:,Wednesday,27.25,Grade Celsius,
0,0.00,W/m^2,21:58:59,28/6/17,Day of week:,Wednesday,27.25,Grade Celsius,
0,0.00,W/m^2,21:59:02,28/6/17,Day of week:,Wednesday,27.31,Grade Celsius,
0,0.00,W/m^2,21:59:05,28/6/17,Day of week:,Wednesday,27.31,Grade Celsius,
0,0.00,W/m^2,21:59:08,28/6/17,Day of week:,Wednesday,27.31,Grade Celsius,
0,0.00,W/m^2,21:59:11,28/6/17,Day of week:,Wednesday,27.31,Grade Celsius,
0,0.00,W/m^2,21:59:14,28/6/17,Day of week:,Wednesday,27.31,Grade Celsius,
0,0.00,W/m^2,21:59:17,28/6/17,Day of week:,Wednesday,27.31,Grade Celsius,
0,0.00,W/m^2,21:59:20,28/6/17,Day of week:,Wednesday,27.31,Grade Celsius,
0,0.00,W/m^2,21:59:23,28/6/17,Day of week:,Wednesday,27.31,Grade Celsius,
0,0.00,W/m^2,21:59:26,28/6/17,Day of week:,Wednesday,27.25,Grade Celsius,
0,0.00,W/m^2,21:59:29,28/6/17,Day of week:,Wednesday,27.31,Grade Celsius,
0,0.00,W/m^2,21:59:32,28/6/17,Day of week:,Wednesday,27.31,Grade Celsius,
0,0.00,W/m^2,21:59:35,28/6/17,Day of week:,Wednesday,27.31,Grade Celsius,
0,0.00,W/m^2,21:59:39,28/6/17,Day of week:,Wednesday,27.31,Grade Celsius,
0,0.00,W/m^2,21:59:42,28/6/17,Day of week:,Wednesday,27.31,Grade Celsius,
0,0.00,W/m^2,21:59:45,28/6/17,Day of week:,Wednesday,27.25,Grade Celsius,
0,0.00,W/m^2,21:59:48,28/6/17,Day of week:,Wednesday,27.31,Grade Celsius,
0,0.00,W/m^2,21:59:51,28/6/17,Day of week:,Wednesday,27.25,Grade Celsius,
0,0.00,W/m^2,21:59:54,28/6/17,Day of week:,Wednesday,27.25,Grade Celsius,
0,0.00,W/m^2,21:59:57,28/6/17,Day of week:,Wednesday,27.25,Grade Celsius,
0,0.00,W/m^2,22:00:00,28/6/17,Day of week:,Wednesday,27.25,Grade Celsius,
0,0.00,W/m^2,22:00:03,28/6/17,Day of week:,Wednesday,27.25,Grade Celsius,
0,0.00,W/m^2,22:00:06,28/6/17,Day of week:,Wednesday,27.25,Grade Celsius,
0,0.00,W/m^2,22:00:09,28/6/17,Day of week:,Wednesday,27.25,Grade Celsius,
0,0.00,W/m^2,22:00:12,28/6/17,Day of week:,Wednesday,27.31,Grade Celsius,
0,0.00,W/m^2,22:00:15,28/6/17,Day of week:,Wednesday,27.25,Grade Celsius,
0,0.00,W/m^2,22:00:18,28/6/17,Day of week:,Wednesday,27.31,Grade Celsius,
0,0.00,W/m^2,22:00:21,28/6/17,Day of week:,Wednesday,27.31,Grade Celsius,
0,0.00,W/m^2,22:00:25,28/6/17,Day of week:,Wednesday,27.25,Grade Celsius,
0,0.00,W/m^2,22:00:28,28/6/17,Day of week:,Wednesday,27.25,Grade Celsius,
0,0.00,W/m^2,22:00:31,28/6/17,Day of week:,Wednesday,27.25,Grade Celsius,
0,0.00,W/m^2,22:00:34,28/6/17,Day of week:,Wednesday,27.25,Grade Celsius,
0,0.00,W/m^2,22:00:37,28/6/17,Day of week:,Wednesday,27.25,Grade Celsius,
0,0.00,W/m^2,22:00:40,28/6/17,Day of week:,Wednesday,27.25,Grade Celsius,
0,0.00,W/m^2,22:00:43,28/6/17,Day of week:,Wednesday,27.25,Grade Celsius,
0,0.00,W/m^2,22:00:46,28/6/17,Day of week:,Wednesday,27.25,Grade Celsius,
0,0.00,W/m^2,22:00:49,28/6/17,Day of week:,Wednesday,27.25,Grade Celsius,
0,0.00,W/m^2,22:00:52,28/6/17,Day of week:,Wednesday,27.25,Grade Celsius,
0,0.00,W/m^2,22:00:55,28/6/17,Day of week:,Wednesday,27.25,Grade Celsius,
0,0.00,W/m^2,22:00:58,28/6/17,Day of week:,Wednesday,27.25,Grade Celsius,
0,0.00,W/m^2,22:01:01,28/6/17,Day of week:,Wednesday,27.25,Grade Celsius,
0,0.00,W/m^2,22:01:04,28/6/17,Day of week:,Wednesday,27.25,Grade Celsius,
0,0.00,W/m^2,22:01:07,28/6/17,Day of week:,Wednesday,27.25,Grade Celsius,
0,0.00,W/m^2,22:01:10,28/6/17,Day of week:,Wednesday,27.25,Grade Celsius,
0,0.00,W/m^2,22:01:14,28/6/17,Day of week:,Wednesday,27.25,Grade Celsius,
0,0.00,W/m^2,22:01:17,28/6/17,Day of week:,Wednesday,27.25,Grade Celsius,
0,0.00,W/m^2,22:01:20,28/6/17,Day of week:,Wednesday,27.25,Grade Celsius,
0,0.00,W/m^2,22:01:23,28/6/17,Day of week:,Wednesday,27.25,Grade Celsius,
0,0.00,W/m^2,22:01:26,28/6/17,Day of week:,Wednesday,27.31,Grade Celsius,
0,0.00,W/m^2,22:01:29,28/6/17,Day of week:,Wednesday,27.31,Grade Celsius,
0,0.00,W/m^2,22:01:32,28/6/17,Day of week:,Wednesday,27.31,Grade Celsius,
0,0.00,W/m^2,22:01:35,28/6/17,Day of week:,Wednesday,27.31,Grade Celsius,
0,0.00,W/m^2,22:01:38,28/6/17,Day of week:,Wednesday,27.31,Grade Celsius,
0,0.00,W/m^2,22:01:41,28/6/17,Day of week:,Wednesday,27.31,Grade Celsius,
0,0.00,W/m^2,22:01:44,28/6/17,Day of week:,Wednesday,27.31,Grade Celsius,
0,0.00,W/m^2,22:01:47,28/6/17,Day of week:,Wednesday,27.31,Grade Celsius,
0,0.00,W/m^2,22:01:50,28/6/17,Day of week:,Wednesday,27.37,Grade Celsius,
0,0.00,W/m^2,22:01:53,28/6/17,Day of week:,Wednesday,27.31,Grade Celsius,
0,0.00,W/m^2,22:01:56,28/6/17,Day of week:,Wednesday,27.31,Grade Celsius,
0,0.00,W/m^2,22:02:00,28/6/17,Day of week:,Wednesday,27.31,Grade Celsius,
0,0.00,W/m^2,22:02:03,28/6/17,Day of week:,Wednesday,27.31,Grade Celsius,
0,0.00,W/m^2,22:02:06,28/6/17,Day of week:,Wednesday,27.31,Grade Celsius,
0,0.00,W/m^2,22:02:09,28/6/17,Day of week:,Wednesday,27.31,Grade Celsius,
0,0.00,W/m^2,22:02:12,28/6/17,Day of week:,Wednesday,27.31,Grade Celsius,
0,0.00,W/m^2,22:02:15,28/6/17,Day of week:,Wednesday,27.31,Grade Celsius,
0,0.00,W/m^2,22:02:18,28/6/17,Day of week:,Wednesday,27.31,Grade Celsius,
0,0.00,W/m^2,22:02:21,28/6/17,Day of week:,Wednesday,27.25,Grade Celsius,
0,0.00,W/m^2,22:02:24,28/6/17,Day of week:,Wednesday,27.25,Grade Celsius,
0,0.00,W/m^2,22:02:27,28/6/17,Day of week:,Wednesday,27.25,Grade Celsius,
0,0.00,W/m^2,22:02:30,28/6/17,Day of week:,Wednesday,27.25,Grade Celsius,
0,0.00,W/m^2,22:02:33,28/6/17,Day of week:,Wednesday,27.25,Grade Celsius,
0,0.00,W/m^2,22:02:36,28/6/17,Day of week:,Wednesday,27.25,Grade Celsius,
0,0.00,W/m^2,22:02:39,28/6/17,Day of week:,Wednesday,27.25,Grade Celsius,
0,0.00,W/m^2,22:02:42,28/6/17,Day of week:,Wednesday,27.25,Grade Celsius,
0,0.00,W/m^2,22:02:45,28/6/17,Day of week:,Wednesday,27.25,Grade Celsius,
0,0.00,W/m^2,22:02:49,28/6/17,Day of week:,Wednesday,27.31,Grade Celsius,
0,0.00,W/m^2,22:02:52,28/6/17,Day of week:,Wednesday,27.25,Grade Celsius,
0,0.00,W/m^2,22:02:55,28/6/17,Day of week:,Wednesday,27.31,Grade Celsius,
0,0.00,W/m^2,22:02:58,28/6/17,Day of week:,Wednesday,27.25,Grade Celsius,
0,0.00,W/m^2,22:03:01,28/6/17,Day of week:,Wednesday,27.31,Grade Celsius,
0,0.00,W/m^2,22:03:04,28/6/17,Day of week:,Wednesday,27.31,Grade Celsius,
0,0.00,W/m^2,22:03:07,28/6/17,Day of week:,Wednesday,27.31,Grade Celsius,
0,0.00,W/m^2,22:03:10,28/6/17,Day of week:,Wednesday,27.31,Grade Celsius,
0,0.00,W/m^2,22:03:13,28/6/17,Day of week:,Wednesday,27.25,Grade Celsius,
0,0.00,W/m^2,22:03:16,28/6/17,Day of week:,Wednesday,27.25,Grade Celsius,
0,0.00,W/m^2,22:03:19,28/6/17,Day of week:,Wednesday,27.25,Grade Celsius,
0,0.00,W/m^2,22:03:22,28/6/17,Day of week:,Wednesday,27.25,Grade Celsius,
0,0.00,W/m^2,22:03:25,28/6/17,Day of week:,Wednesday,27.25,Grade Celsius,
0,0.00,W/m^2,22:03:28,28/6/17,Day of week:,Wednesday,27.25,Grade Celsius,
0,0.00,W/m^2,22:03:31,28/6/17,Day of week:,Wednesday,27.25,Grade Celsius,
0,0.00,W/m^2,22:03:34,28/6/17,Day of week:,Wednesday,27.25,Grade Celsius,
0,0.00,W/m^2,22:03:38,28/6/17,Day of week:,Wednesday,27.25,Grade Celsius,
0,0.00,W/m^2,22:03:41,28/6/17,Day of week:,Wednesday,27.25,Grade Celsius,
0,0.00,W/m^2,22:03:44,28/6/17,Day of week:,Wednesday,27.25,Grade Celsius,
0,0.00,W/m^2,22:03:47,28/6/17,Day of week:,Wednesday,27.25,Grade Celsius,
0,0.00,W/m^2,22:03:50,28/6/17,Day of week:,Wednesday,27.25,Grade Celsius,
0,0.00,W/m^2,22:03:53,28/6/17,Day of week:,Wednesday,27.25,Grade Celsius,
0,0.00,W/m^2,22:03:56,28/6/17,Day of week:,Wednesday,27.25,Grade Celsius,
0,0.00,W/m^2,22:03:59,28/6/17,Day of week:,Wednesday,27.25,Grade Celsius,
0,0.00,W/m^2,22:04:02,28/6/17,Day of week:,Wednesday,27.31,Grade Celsius,
0,0.00,W/m^2,22:04:05,28/6/17,Day of week:,Wednesday,27.31,Grade Celsius,
0,0.00,W/m^2,22:04:08,28/6/17,Day of week:,Wednesday,27.31,Grade Celsius,
0,0.00,W/m^2,22:04:11,28/6/17,Day of week:,Wednesday,27.31,Grade Celsius,
0,0.00,W/m^2,22:04:14,28/6/17,Day of week:,Wednesday,27.25,Grade Celsius,
0,0.00,W/m^2,22:04:17,28/6/17,Day of week:,Wednesday,27.25,Grade Celsius,
0,0.00,W/m^2,22:04:20,28/6/17,Day of week:,Wednesday,27.25,Grade Celsius,
0,0.00,W/m^2,22:04:24,28/6/17,Day of week:,Wednesday,27.25,Grade Celsius,
0,0.00,W/m^2,22:04:27,28/6/17,Day of week:,Wednesday,27.25,Grade Celsius,
0,0.00,W/m^2,22:04:30,28/6/17,Day of week:,Wednesday,27.25,Grade Celsius,
0,0.00,W/m^2,22:04:33,28/6/17,Day of week:,Wednesday,27.25,Grade Celsius,
0,0.00,W/m^2,22:04:36,28/6/17,Day of week:,Wednesday,27.25,Grade Celsius,
0,0.00,W/m^2,22:04:39,28/6/17,Day of week:,Wednesday,27.25,Grade Celsius,
0,0.00,W/m^2,22:04:42,28/6/17,Day of week:,Wednesday,27.25,Grade Celsius,
0,0.00,W/m^2,22:04:45,28/6/17,Day of week:,Wednesday,27.25,Grade Celsius,
0,0.00,W/m^2,22:04:48,28/6/17,Day of week:,Wednesday,27.25,Grade Celsius,
0,0.00,W/m^2,22:04:51,28/6/17,Day of week:,Wednesday,27.25,Grade Celsius,
0,0.00,W/m^2,22:04:54,28/6/17,Day of week:,Wednesday,27.25,Grade Celsius,
0,0.00,W/m^2,22:04:57,28/6/17,Day of week:,Wednesday,27.25,Grade Celsius,
0,0.00,W/m^2,22:05:00,28/6/17,Day of week:,Wednesday,27.25,Grade Celsius,
0,0.00,W/m^2,22:05:03,28/6/17,Day of week:,Wednesday,27.25,Grade Celsius,
0,0.00,W/m^2,22:05:06,28/6/17,Day of week:,Wednesday,27.25,Grade Celsius,
0,0.00,W/m^2,22:05:09,28/6/17,Day of week:,Wednesday,27.25,Grade Celsius,
0,0.00,W/m^2,22:05:13,28/6/17,Day of week:,Wednesday,27.25,Grade Celsius,
0,0.00,W/m^2,22:05:16,28/6/17,Day of week:,Wednesday,27.25,Grade Celsius,
0,0.00,W/m^2,22:05:19,28/6/17,Day of week:,Wednesday,27.25,Grade Celsius,
0,0.00,W/m^2,22:05:22,28/6/17,Day of week:,Wednesday,27.19,Grade Celsius,
0,0.00,W/m^2,22:05:25,28/6/17,Day of week:,Wednesday,27.19,Grade Celsius,
0,0.00,W/m^2,22:05:28,28/6/17,Day of week:,Wednesday,27.19,Grade Celsius,
0,0.00,W/m^2,22:05:31,28/6/17,Day of week:,Wednesday,27.19,Grade Celsius,
0,0.00,W/m^2,22:05:34,28/6/17,Day of week:,Wednesday,27.19,Grade Celsius,
0,0.00,W/m^2,22:05:37,28/6/17,Day of week:,Wednesday,27.19,Grade Celsius,
0,0.00,W/m^2,22:05:40,28/6/17,Day of week:,Wednesday,27.19,Grade Celsius,
0,0.00,W/m^2,22:05:43,28/6/17,Day of week:,Wednesday,27.19,Grade Celsius,
0,0.00,W/m^2,22:05:46,28/6/17,Day of week:,Wednesday,27.19,Grade Celsius,
0,0.00,W/m^2,22:05:49,28/6/17,Day of week:,Wednesday,27.12,Grade Celsius,
0,0.00,W/m^2,22:05:52,28/6/17,Day of week:,Wednesday,27.12,Grade Celsius,
0,0.00,W/m^2,22:05:55,28/6/17,Day of week:,Wednesday,27.12,Grade Celsius,
0,0.00,W/m^2,22:05:59,28/6/17,Day of week:,Wednesday,27.12,Grade Celsius,
0,0.00,W/m^2,22:06:02,28/6/17,Day of week:,Wednesday,27.06,Grade Celsius,
0,0.00,W/m^2,22:06:05,28/6/17,Day of week:,Wednesday,27.12,Grade Celsius,
0,0.00,W/m^2,22:06:08,28/6/17,Day of week:,Wednesday,27.06,Grade Celsius,
0,0.00,W/m^2,22:06:11,28/6/17,Day of week:,Wednesday,27.12,Grade Celsius,
0,0.00,W/m^2,22:06:14,28/6/17,Day of week:,Wednesday,27.06,Grade Celsius,
0,0.00,W/m^2,22:06:17,28/6/17,Day of week:,Wednesday,27.06,Grade Celsius,
0,0.00,W/m^2,22:06:20,28/6/17,Day of week:,Wednesday,27.06,Grade Celsius,
0,0.00,W/m^2,22:06:23,28/6/17,Day of week:,Wednesday,27.06,Grade Celsius,
0,0.00,W/m^2,22:06:26,28/6/17,Day of week:,Wednesday,27.06,Grade Celsius,
0,0.00,W/m^2,22:06:29,28/6/17,Day of week:,Wednesday,27.06,Grade Celsius,
0,0.00,W/m^2,22:06:32,28/6/17,Day of week:,Wednesday,27.06,Grade Celsius,
0,0.00,W/m^2,22:06:35,28/6/17,Day of week:,Wednesday,27.06,Grade Celsius,
0,0.00,W/m^2,22:06:38,28/6/17,Day of week:,Wednesday,27.06,Grade Celsius,
0,0.00,W/m^2,22:06:41,28/6/17,Day of week:,Wednesday,27.06,Grade Celsius,
0,0.00,W/m^2,22:06:44,28/6/17,Day of week:,Wednesday,27.06,Grade Celsius,
0,0.00,W/m^2,22:06:48,28/6/17,Day of week:,Wednesday,27.06,Grade Celsius,
0,0.00,W/m^2,22:06:51,28/6/17,Day of week:,Wednesday,27.06,Grade Celsius,
0,0.00,W/m^2,22:06:54,28/6/17,Day of week:,Wednesday,27.06,Grade Celsius,
0,0.00,W/m^2,22:06:57,28/6/17,Day of week:,Wednesday,27.06,Grade Celsius,
0,0.00,W/m^2,22:07:00,28/6/17,Day of week:,Wednesday,27.06,Grade Celsius,
0,0.00,W/m^2,22:07:03,28/6/17,Day of week:,Wednesday,27.06,Grade Celsius,
0,0.00,W/m^2,22:07:06,28/6/17,Day of week:,Wednesday,27.06,Grade Celsius,
0,0.00,W/m^2,22:07:09,28/6/17,Day of week:,Wednesday,27.06,Grade Celsius,
0,0.00,W/m^2,22:07:12,28/6/17,Day of week:,Wednesday,27.06,Grade Celsius,
0,0.00,W/m^2,22:07:15,28/6/17,Day of week:,Wednesday,27.00,Grade Celsius,
0,0.00,W/m^2,22:07:18,28/6/17,Day of week:,Wednesday,27.06,Grade Celsius,
0,0.00,W/m^2,22:07:21,28/6/17,Day of week:,Wednesday,27.00,Grade Celsius,
0,0.00,W/m^2,22:07:24,28/6/17,Day of week:,Wednesday,27.00,Grade Celsius,
0,0.00,W/m^2,22:07:28,28/6/17,Day of week:,Wednesday,27.00,Grade Celsius,
0,0.00,W/m^2,22:07:31,28/6/17,Day of week:,Wednesday,27.06,Grade Celsius,
0,0.00,W/m^2,22:07:34,28/6/17,Day of week:,Wednesday,27.00,Grade Celsius,
0,0.00,W/m^2,22:07:37,28/6/17,Day of week:,Wednesday,27.06,Grade Celsius,
0,0.00,W/m^2,22:07:40,28/6/17,Day of week:,Wednesday,27.06,Grade Celsius,
0,0.00,W/m^2,22:07:43,28/6/17,Day of week:,Wednesday,27.06,Grade Celsius,
0,0.00,W/m^2,22:07:46,28/6/17,Day of week:,Wednesday,27.06,Grade Celsius,
0,0.00,W/m^2,22:07:49,28/6/17,Day of week:,Wednesday,27.06,Grade Celsius,
0,0.00,W/m^2,22:07:52,28/6/17,Day of week:,Wednesday,27.06,Grade Celsius,
0,0.00,W/m^2,22:07:55,28/6/17,Day of week:,Wednesday,27.06,Grade Celsius,
0,0.00,W/m^2,22:07:58,28/6/17,Day of week:,Wednesday,27.06,Grade Celsius,
0,0.00,W/m^2,22:08:01,28/6/17,Day of week:,Wednesday,27.06,Grade Celsius,
0,0.00,W/m^2,22:08:04,28/6/17,Day of week:,Wednesday,27.06,Grade Celsius,
0,0.00,W/m^2,22:08:07,28/6/17,Day of week:,Wednesday,27.06,Grade Celsius,
0,0.00,W/m^2,22:08:10,28/6/17,Day of week:,Wednesday,27.06,Grade Celsius,
0,0.00,W/m^2,22:08:14,28/6/17,Day of week:,Wednesday,27.06,Grade Celsius,
0,0.00,W/m^2,22:08:17,28/6/17,Day of week:,Wednesday,27.00,Grade Celsius,
0,0.00,W/m^2,22:08:20,28/6/17,Day of week:,Wednesday,27.00,Grade Celsius,
0,0.00,W/m^2,22:08:23,28/6/17,Day of week:,Wednesday,27.00,Grade Celsius,
0,0.00,W/m^2,22:08:26,28/6/17,Day of week:,Wednesday,27.00,Grade Celsius,
0,0.00,W/m^2,22:08:29,28/6/17,Day of week:,Wednesday,27.00,Grade Celsius,
0,0.00,W/m^2,22:08:32,28/6/17,Day of week:,Wednesday,27.00,Grade Celsius,
0,0.00,W/m^2,22:08:35,28/6/17,Day of week:,Wednesday,27.00,Grade Celsius,
0,0.00,W/m^2,22:08:38,28/6/17,Day of week:,Wednesday,27.00,Grade Celsius,
0,0.00,W/m^2,22:08:41,28/6/17,Day of week:,Wednesday,27.00,Grade Celsius,
0,0.00,W/m^2,22:08:44,28/6/17,Day of week:,Wednesday,27.00,Grade Celsius,
0,0.00,W/m^2,22:08:47,28/6/17,Day of week:,Wednesday,27.00,Grade Celsius,
0,0.00,W/m^2,22:08:50,28/6/17,Day of week:,Wednesday,27.00,Grade Celsius,
0,0.00,W/m^2,22:08:53,28/6/17,Day of week:,Wednesday,27.00,Grade Celsius,
0,0.00,W/m^2,22:08:56,28/6/17,Day of week:,Wednesday,27.00,Grade Celsius,
0,0.00,W/m^2,22:08:59,28/6/17,Day of week:,Wednesday,27.00,Grade Celsius,
0,0.00,W/m^2,22:09:03,28/6/17,Day of week:,Wednesday,27.00,Grade Celsius,
0,0.00,W/m^2,22:09:06,28/6/17,Day of week:,Wednesday,27.00,Grade Celsius,
0,0.00,W/m^2,22:09:09,28/6/17,Day of week:,Wednesday,27.06,Grade Celsius,
0,0.00,W/m^2,22:09:12,28/6/17,Day of week:,Wednesday,27.06,Grade Celsius,
0,0.00,W/m^2,22:09:15,28/6/17,Day of week:,Wednesday,27.00,Grade Celsius,
0,0.00,W/m^2,22:09:18,28/6/17,Day of week:,Wednesday,27.00,Grade Celsius,
0,0.00,W/m^2,22:09:21,28/6/17,Day of week:,Wednesday,27.00,Grade Celsius,
0,0.00,W/m^2,22:09:24,28/6/17,Day of week:,Wednesday,27.00,Grade Celsius,
0,0.00,W/m^2,22:09:27,28/6/17,Day of week:,Wednesday,27.00,Grade Celsius,
0,0.00,W/m^2,22:09:30,28/6/17,Day of week:,Wednesday,27.00,Grade Celsius,
0,0.00,W/m^2,22:09:33,28/6/17,Day of week:,Wednesday,27.00,Grade Celsius,
0,0.00,W/m^2,22:09:36,28/6/17,Day of week:,Wednesday,27.00,Grade Celsius,
0,0.00,W/m^2,22:09:39,28/6/17,Day of week:,Wednesday,27.00,Grade Celsius,
0,0.00,W/m^2,22:09:42,28/6/17,Day of week:,Wednesday,27.00,Grade Celsius,
0,0.00,W/m^2,22:09:45,28/6/17,Day of week:,Wednesday,27.00,Grade Celsius,
0,0.00,W/m^2,22:09:48,28/6/17,Day of week:,Wednesday,27.00,Grade Celsius,
0,0.00,W/m^2,22:09:52,28/6/17,Day of week:,Wednesday,27.00,Grade Celsius,
0,0.00,W/m^2,22:09:55,28/6/17,Day of week:,Wednesday,26.94,Grade Celsius,
0,0.00,W/m^2,22:09:58,28/6/17,Day of week:,Wednesday,26.94,Grade Celsius,
0,0.00,W/m^2,22:10:01,28/6/17,Day of week:,Wednesday,26.94,Grade Celsius,
0,0.00,W/m^2,22:10:04,28/6/17,Day of week:,Wednesday,27.00,Grade Celsius,
0,0.00,W/m^2,22:10:07,28/6/17,Day of week:,Wednesday,26.94,Grade Celsius,
0,0.00,W/m^2,22:10:10,28/6/17,Day of week:,Wednesday,26.94,Grade Celsius,
0,0.00,W/m^2,22:10:13,28/6/17,Day of week:,Wednesday,26.94,Grade Celsius,
0,0.00,W/m^2,22:10:16,28/6/17,Day of week:,Wednesday,27.00,Grade Celsius,
0,0.00,W/m^2,22:10:19,28/6/17,Day of week:,Wednesday,26.94,Grade Celsius,
0,0.00,W/m^2,22:10:22,28/6/17,Day of week:,Wednesday,26.94,Grade Celsius,
0,0.00,W/m^2,22:10:25,28/6/17,Day of week:,Wednesday,26.94,Grade Celsius,
0,0.00,W/m^2,22:10:28,28/6/17,Day of week:,Wednesday,27.00,Grade Celsius,
0,0.00,W/m^2,22:10:31,28/6/17,Day of week:,Wednesday,26.94,Grade Celsius,
0,0.00,W/m^2,22:10:34,28/6/17,Day of week:,Wednesday,26.94,Grade Celsius,
0,0.00,W/m^2,22:10:38,28/6/17,Day of week:,Wednesday,26.94,Grade Celsius,
0,0.00,W/m^2,22:10:41,28/6/17,Day of week:,Wednesday,26.94,Grade Celsius,
0,0.00,W/m^2,22:10:44,28/6/17,Day of week:,Wednesday,26.94,Grade Celsius,
0,0.00,W/m^2,22:10:47,28/6/17,Day of week:,Wednesday,26.94,Grade Celsius,
0,0.00,W/m^2,22:10:50,28/6/17,Day of week:,Wednesday,26.94,Grade Celsius,
0,0.00,W/m^2,22:10:53,28/6/17,Day of week:,Wednesday,26.94,Grade Celsius,
0,0.00,W/m^2,22:10:56,28/6/17,Day of week:,Wednesday,26.94,Grade Celsius,
0,0.00,W/m^2,22:10:59,28/6/17,Day of week:,Wednesday,26.94,Grade Celsius,
0,0.00,W/m^2,22:11:02,28/6/17,Day of week:,Wednesday,26.94,Grade Celsius,
0,0.00,W/m^2,22:11:05,28/6/17,Day of week:,Wednesday,26.94,Grade Celsius,
0,0.00,W/m^2,22:11:08,28/6/17,Day of week:,Wednesday,26.94,Grade Celsius,
0,0.00,W/m^2,22:11:11,28/6/17,Day of week:,Wednesday,26.94,Grade Celsius,
0,0.00,W/m^2,22:11:14,28/6/17,Day of week:,Wednesday,26.94,Grade Celsius,
0,0.00,W/m^2,22:11:17,28/6/17,Day of week:,Wednesday,26.94,Grade Celsius,
0,0.00,W/m^2,22:11:20,28/6/17,Day of week:,Wednesday,26.94,Grade Celsius,
0,0.00,W/m^2,22:11:23,28/6/17,Day of week:,Wednesday,26.94,Grade Celsius,
0,0.00,W/m^2,22:11:27,28/6/17,Day of week:,Wednesday,26.94,Grade Celsius,
0,0.00,W/m^2,22:11:30,28/6/17,Day of week:,Wednesday,26.94,Grade Celsius,
0,0.00,W/m^2,22:11:33,28/6/17,Day of week:,Wednesday,26.94,Grade Celsius,
0,0.00,W/m^2,22:11:36,28/6/17,Day of week:,Wednesday,26.94,Grade Celsius,
0,0.00,W/m^2,22:11:39,28/6/17,Day of week:,Wednesday,26.94,Grade Celsius,
0,0.00,W/m^2,22:11:42,28/6/17,Day of week:,Wednesday,26.94,Grade Celsius,
0,0.00,W/m^2,22:11:45,28/6/17,Day of week:,Wednesday,26.94,Grade Celsius,
0,0.00,W/m^2,22:11:48,28/6/17,Day of week:,Wednesday,26.94,Grade Celsius,
0,0.00,W/m^2,22:11:51,28/6/17,Day of week:,Wednesday,26.94,Grade Celsius,
0,0.00,W/m^2,22:11:54,28/6/17,Day of week:,Wednesday,26.94,Grade Celsius,
0,0.00,W/m^2,22:11:57,28/6/17,Day of week:,Wednesday,26.94,Grade Celsius,
0,0.00,W/m^2,22:12:00,28/6/17,Day of week:,Wednesday,26.94,Grade Celsius,
0,0.00,W/m^2,22:12:03,28/6/17,Day of week:,Wednesday,26.94,Grade Celsius,
0,0.00,W/m^2,22:12:06,28/6/17,Day of week:,Wednesday,26.87,Grade Celsius,
0,0.00,W/m^2,22:12:09,28/6/17,Day of week:,Wednesday,26.87,Grade Celsius,
0,0.00,W/m^2,22:12:12,28/6/17,Day of week:,Wednesday,26.87,Grade Celsius,
0,0.00,W/m^2,22:12:16,28/6/17,Day of week:,Wednesday,26.87,Grade Celsius,
0,0.00,W/m^2,22:12:19,28/6/17,Day of week:,Wednesday,26.94,Grade Celsius,
0,0.00,W/m^2,22:12:22,28/6/17,Day of week:,Wednesday,26.87,Grade Celsius,
0,0.00,W/m^2,22:12:25,28/6/17,Day of week:,Wednesday,26.87,Grade Celsius,
0,0.00,W/m^2,22:12:28,28/6/17,Day of week:,Wednesday,26.87,Grade Celsius,
0,0.00,W/m^2,22:12:31,28/6/17,Day of week:,Wednesday,26.87,Grade Celsius,
0,0.00,W/m^2,22:12:34,28/6/17,Day of week:,Wednesday,26.94,Grade Celsius,
0,0.00,W/m^2,22:12:37,28/6/17,Day of week:,Wednesday,26.87,Grade Celsius,
0,0.00,W/m^2,22:12:40,28/6/17,Day of week:,Wednesday,26.87,Grade Celsius,
0,0.00,W/m^2,22:12:43,28/6/17,Day of week:,Wednesday,26.87,Grade Celsius,
0,0.00,W/m^2,22:12:46,28/6/17,Day of week:,Wednesday,26.87,Grade Celsius,
0,0.00,W/m^2,22:12:49,28/6/17,Day of week:,Wednesday,26.87,Grade Celsius,
0,0.00,W/m^2,22:12:52,28/6/17,Day of week:,Wednesday,26.87,Grade Celsius,
0,0.00,W/m^2,22:12:55,28/6/17,Day of week:,Wednesday,26.87,Grade Celsius,
0,0.00,W/m^2,22:12:58,28/6/17,Day of week:,Wednesday,26.87,Grade Celsius,
0,0.00,W/m^2,22:13:01,28/6/17,Day of week:,Wednesday,26.87,Grade Celsius,
0,0.00,W/m^2,22:13:05,28/6/17,Day of week:,Wednesday,26.87,Grade Celsius,
0,0.00,W/m^2,22:13:08,28/6/17,Day of week:,Wednesday,26.87,Grade Celsius,
0,0.00,W/m^2,22:13:11,28/6/17,Day of week:,Wednesday,26.87,Grade Celsius,
0,0.00,W/m^2,22:13:14,28/6/17,Day of week:,Wednesday,26.87,Grade Celsius,
0,0.00,W/m^2,22:13:17,28/6/17,Day of week:,Wednesday,26.87,Grade Celsius,
0,0.00,W/m^2,22:13:20,28/6/17,Day of week:,Wednesday,26.87,Grade Celsius,
0,0.00,W/m^2,22:13:23,28/6/17,Day of week:,Wednesday,26.87,Grade Celsius,
0,0.00,W/m^2,22:13:26,28/6/17,Day of week:,Wednesday,26.87,Grade Celsius,
0,0.00,W/m^2,22:13:29,28/6/17,Day of week:,Wednesday,26.87,Grade Celsius,
0,0.00,W/m^2,22:13:32,28/6/17,Day of week:,Wednesday,26.87,Grade Celsius,
0,0.00,W/m^2,22:13:35,28/6/17,Day of week:,Wednesday,26.87,Grade Celsius,
0,0.00,W/m^2,22:13:38,28/6/17,Day of week:,Wednesday,26.87,Grade Celsius,
0,0.00,W/m^2,22:13:41,28/6/17,Day of week:,Wednesday,26.87,Grade Celsius,
0,0.00,W/m^2,22:13:44,28/6/17,Day of week:,Wednesday,26.87,Grade Celsius,
0,0.00,W/m^2,22:13:48,28/6/17,Day of week:,Wednesday,26.87,Grade Celsius,
0,0.00,W/m^2,22:13:51,28/6/17,Day of week:,Wednesday,26.87,Grade Celsius,
0,0.00,W/m^2,22:13:54,28/6/17,Day of week:,Wednesday,26.87,Grade Celsius,
0,0.00,W/m^2,22:13:57,28/6/17,Day of week:,Wednesday,26.87,Grade Celsius,
0,0.00,W/m^2,22:14:00,28/6/17,Day of week:,Wednesday,26.81,Grade Celsius,
0,0.00,W/m^2,22:14:03,28/6/17,Day of week:,Wednesday,26.87,Grade Celsius,
0,0.00,W/m^2,22:14:06,28/6/17,Day of week:,Wednesday,26.81,Grade Celsius,
0,0.00,W/m^2,22:14:09,28/6/17,Day of week:,Wednesday,26.81,Grade Celsius,
0,0.00,W/m^2,22:14:12,28/6/17,Day of week:,Wednesday,26.87,Grade Celsius,
0,0.00,W/m^2,22:14:15,28/6/17,Day of week:,Wednesday,26.87,Grade Celsius,
0,0.00,W/m^2,22:14:18,28/6/17,Day of week:,Wednesday,26.87,Grade Celsius,
0,0.00,W/m^2,22:14:21,28/6/17,Day of week:,Wednesday,26.87,Grade Celsius,
0,0.00,W/m^2,22:14:24,28/6/17,Day of week:,Wednesday,26.87,Grade Celsius,
0,0.00,W/m^2,22:14:27,28/6/17,Day of week:,Wednesday,26.81,Grade Celsius,
0,0.00,W/m^2,22:14:30,28/6/17,Day of week:,Wednesday,26.81,Grade Celsius,
0,0.00,W/m^2,22:14:33,28/6/17,Day of week:,Wednesday,26.81,Grade Celsius,
0,0.00,W/m^2,22:14:37,28/6/17,Day of week:,Wednesday,26.81,Grade Celsius,
0,0.00,W/m^2,22:14:40,28/6/17,Day of week:,Wednesday,26.81,Grade Celsius,
0,0.00,W/m^2,22:14:43,28/6/17,Day of week:,Wednesday,26.81,Grade Celsius,
0,0.00,W/m^2,22:14:46,28/6/17,Day of week:,Wednesday,26.81,Grade Celsius,
0,0.00,W/m^2,22:14:49,28/6/17,Day of week:,Wednesday,26.81,Grade Celsius,
0,0.00,W/m^2,22:14:52,28/6/17,Day of week:,Wednesday,26.81,Grade Celsius,
0,0.00,W/m^2,22:14:55,28/6/17,Day of week:,Wednesday,26.81,Grade Celsius,
0,0.00,W/m^2,22:14:58,28/6/17,Day of week:,Wednesday,26.75,Grade Celsius,
0,0.00,W/m^2,22:15:01,28/6/17,Day of week:,Wednesday,26.75,Grade Celsius,
0,0.00,W/m^2,22:15:04,28/6/17,Day of week:,Wednesday,26.75,Grade Celsius,
0,0.00,W/m^2,22:15:07,28/6/17,Day of week:,Wednesday,26.75,Grade Celsius,
0,0.00,W/m^2,22:15:10,28/6/17,Day of week:,Wednesday,26.81,Grade Celsius,
0,0.00,W/m^2,22:15:13,28/6/17,Day of week:,Wednesday,26.81,Grade Celsius,
0,0.00,W/m^2,22:15:16,28/6/17,Day of week:,Wednesday,26.75,Grade Celsius,
0,0.00,W/m^2,22:15:19,28/6/17,Day of week:,Wednesday,26.75,Grade Celsius,
0,0.00,W/m^2,22:15:23,28/6/17,Day of week:,Wednesday,26.81,Grade Celsius,
0,0.00,W/m^2,22:15:26,28/6/17,Day of week:,Wednesday,26.81,Grade Celsius,
0,0.00,W/m^2,22:15:29,28/6/17,Day of week:,Wednesday,26.81,Grade Celsius,
0,0.00,W/m^2,22:15:32,28/6/17,Day of week:,Wednesday,26.81,Grade Celsius,
0,0.00,W/m^2,22:15:35,28/6/17,Day of week:,Wednesday,26.81,Grade Celsius,
0,0.00,W/m^2,22:15:38,28/6/17,Day of week:,Wednesday,26.81,Grade Celsius,
0,0.00,W/m^2,22:15:41,28/6/17,Day of week:,Wednesday,26.81,Grade Celsius,
0,0.00,W/m^2,22:15:44,28/6/17,Day of week:,Wednesday,26.81,Grade Celsius,
0,0.00,W/m^2,22:15:47,28/6/17,Day of week:,Wednesday,26.81,Grade Celsius,
0,0.00,W/m^2,22:15:50,28/6/17,Day of week:,Wednesday,26.81,Grade Celsius,
0,0.00,W/m^2,22:15:53,28/6/17,Day of week:,Wednesday,26.81,Grade Celsius,
0,0.00,W/m^2,22:15:56,28/6/17,Day of week:,Wednesday,26.81,Grade Celsius,
0,0.00,W/m^2,22:15:59,28/6/17,Day of week:,Wednesday,26.81,Grade Celsius,
0,0.00,W/m^2,22:16:02,28/6/17,Day of week:,Wednesday,26.81,Grade Celsius,
0,0.00,W/m^2,22:16:05,28/6/17,Day of week:,Wednesday,26.81,Grade Celsius,
0,0.00,W/m^2,22:16:08,28/6/17,Day of week:,Wednesday,26.81,Grade Celsius,
0,0.00,W/m^2,22:16:12,28/6/17,Day of week:,Wednesday,26.81,Grade Celsius,
0,0.00,W/m^2,22:16:15,28/6/17,Day of week:,Wednesday,26.81,Grade Celsius,
0,0.00,W/m^2,22:16:18,28/6/17,Day of week:,Wednesday,26.81,Grade Celsius,
0,0.00,W/m^2,22:16:21,28/6/17,Day of week:,Wednesday,26.81,Grade Celsius,
0,0.00,W/m^2,22:16:24,28/6/17,Day of week:,Wednesday,26.81,Grade Celsius,
0,0.00,W/m^2,22:16:27,28/6/17,Day of week:,Wednesday,26.81,Grade Celsius,
0,0.00,W/m^2,22:16:30,28/6/17,Day of week:,Wednesday,26.81,Grade Celsius,
0,0.00,W/m^2,22:16:33,28/6/17,Day of week:,Wednesday,26.81,Grade Celsius,
0,0.00,W/m^2,22:16:36,28/6/17,Day of week:,Wednesday,26.81,Grade Celsius,
0,0.00,W/m^2,22:16:39,28/6/17,Day of week:,Wednesday,26.81,Grade Celsius,
0,0.00,W/m^2,22:16:42,28/6/17,Day of week:,Wednesday,26.75,Grade Celsius,
0,0.00,W/m^2,22:16:45,28/6/17,Day of week:,Wednesday,26.81,Grade Celsius,
0,0.00,W/m^2,22:16:48,28/6/17,Day of week:,Wednesday,26.81,Grade Celsius,
0,0.00,W/m^2,22:16:51,28/6/17,Day of week:,Wednesday,26.81,Grade Celsius,
0,0.00,W/m^2,22:16:54,28/6/17,Day of week:,Wednesday,26.81,Grade Celsius,
0,0.00,W/m^2,22:16:57,28/6/17,Day of week:,Wednesday,26.81,Grade Celsius,
0,0.00,W/m^2,22:17:01,28/6/17,Day of week:,Wednesday,26.81,Grade Celsius,
0,0.00,W/m^2,22:17:04,28/6/17,Day of week:,Wednesday,26.81,Grade Celsius,
0,0.00,W/m^2,22:17:07,28/6/17,Day of week:,Wednesday,26.81,Grade Celsius,
0,0.00,W/m^2,22:17:10,28/6/17,Day of week:,Wednesday,26.81,Grade Celsius,
0,0.00,W/m^2,22:17:13,28/6/17,Day of week:,Wednesday,26.81,Grade Celsius,
0,0.00,W/m^2,22:17:16,28/6/17,Day of week:,Wednesday,26.81,Grade Celsius,
0,0.00,W/m^2,22:17:19,28/6/17,Day of week:,Wednesday,26.81,Grade Celsius,
0,0.00,W/m^2,22:17:22,28/6/17,Day of week:,Wednesday,26.75,Grade Celsius,
0,0.00,W/m^2,22:17:25,28/6/17,Day of week:,Wednesday,26.81,Grade Celsius,
0,0.00,W/m^2,22:17:28,28/6/17,Day of week:,Wednesday,26.81,Grade Celsius,
0,0.00,W/m^2,22:17:31,28/6/17,Day of week:,Wednesday,26.81,Grade Celsius,
0,0.00,W/m^2,22:17:34,28/6/17,Day of week:,Wednesday,26.81,Grade Celsius,
0,0.00,W/m^2,22:17:37,28/6/17,Day of week:,Wednesday,26.81,Grade Celsius,
0,0.00,W/m^2,22:17:40,28/6/17,Day of week:,Wednesday,26.81,Grade Celsius,
0,0.00,W/m^2,22:17:43,28/6/17,Day of week:,Wednesday,26.81,Grade Celsius,
0,0.00,W/m^2,22:17:47,28/6/17,Day of week:,Wednesday,26.75,Grade Celsius,
0,0.00,W/m^2,22:17:50,28/6/17,Day of week:,Wednesday,26.81,Grade Celsius,
0,0.00,W/m^2,22:17:53,28/6/17,Day of week:,Wednesday,26.75,Grade Celsius,
0,0.00,W/m^2,22:17:56,28/6/17,Day of week:,Wednesday,26.75,Grade Celsius,
0,0.00,W/m^2,22:17:59,28/6/17,Day of week:,Wednesday,26.75,Grade Celsius,
0,0.00,W/m^2,22:18:02,28/6/17,Day of week:,Wednesday,26.75,Grade Celsius,
0,0.00,W/m^2,22:18:05,28/6/17,Day of week:,Wednesday,26.75,Grade Celsius,
0,0.00,W/m^2,22:18:08,28/6/17,Day of week:,Wednesday,26.75,Grade Celsius,
0,0.00,W/m^2,22:18:11,28/6/17,Day of week:,Wednesday,26.75,Grade Celsius,
0,0.00,W/m^2,22:18:14,28/6/17,Day of week:,Wednesday,26.75,Grade Celsius,
0,0.00,W/m^2,22:18:17,28/6/17,Day of week:,Wednesday,26.69,Grade Celsius,
0,0.00,W/m^2,22:18:20,28/6/17,Day of week:,Wednesday,26.69,Grade Celsius,
0,0.00,W/m^2,22:18:23,28/6/17,Day of week:,Wednesday,26.69,Grade Celsius,
0,0.00,W/m^2,22:18:26,28/6/17,Day of week:,Wednesday,26.69,Grade Celsius,
0,0.00,W/m^2,22:18:29,28/6/17,Day of week:,Wednesday,26.69,Grade Celsius,
0,0.00,W/m^2,22:18:32,28/6/17,Day of week:,Wednesday,26.69,Grade Celsius,
0,0.00,W/m^2,22:18:36,28/6/17,Day of week:,Wednesday,26.69,Grade Celsius,
0,0.00,W/m^2,22:18:39,28/6/17,Day of week:,Wednesday,26.69,Grade Celsius,
0,0.00,W/m^2,22:18:42,28/6/17,Day of week:,Wednesday,26.69,Grade Celsius,
0,0.00,W/m^2,22:18:45,28/6/17,Day of week:,Wednesday,26.69,Grade Celsius,
0,0.00,W/m^2,22:18:48,28/6/17,Day of week:,Wednesday,26.75,Grade Celsius,
0,0.00,W/m^2,22:18:51,28/6/17,Day of week:,Wednesday,26.75,Grade Celsius,
0,0.00,W/m^2,22:18:54,28/6/17,Day of week:,Wednesday,26.75,Grade Celsius,
0,0.00,W/m^2,22:18:57,28/6/17,Day of week:,Wednesday,26.75,Grade Celsius,
0,0.00,W/m^2,22:19:00,28/6/17,Day of week:,Wednesday,26.75,Grade Celsius,
0,0.00,W/m^2,22:19:03,28/6/17,Day of week:,Wednesday,26.75,Grade Celsius,
0,0.00,W/m^2,22:19:06,28/6/17,Day of week:,Wednesday,26.75,Grade Celsius,
0,0.00,W/m^2,22:19:09,28/6/17,Day of week:,Wednesday,26.69,Grade Celsius,
0,0.00,W/m^2,22:19:12,28/6/17,Day of week:,Wednesday,26.75,Grade Celsius,
0,0.00,W/m^2,22:19:16,28/6/17,Day of week:,Wednesday,26.75,Grade Celsius,
0,0.00,W/m^2,22:19:19,28/6/17,Day of week:,Wednesday,26.75,Grade Celsius,
0,0.00,W/m^2,22:19:22,28/6/17,Day of week:,Wednesday,26.75,Grade Celsius,
0,0.00,W/m^2,22:19:25,28/6/17,Day of week:,Wednesday,26.75,Grade Celsius,
0,0.00,W/m^2,22:19:28,28/6/17,Day of week:,Wednesday,26.75,Grade Celsius,
0,0.00,W/m^2,22:19:31,28/6/17,Day of week:,Wednesday,26.81,Grade Celsius,
0,0.00,W/m^2,22:19:34,28/6/17,Day of week:,Wednesday,26.75,Grade Celsius,
0,0.00,W/m^2,22:19:37,28/6/17,Day of week:,Wednesday,26.75,Grade Celsius,
0,0.00,W/m^2,22:19:40,28/6/17,Day of week:,Wednesday,26.75,Grade Celsius,
0,0.00,W/m^2,22:19:43,28/6/17,Day of week:,Wednesday,26.75,Grade Celsius,
0,0.00,W/m^2,22:19:46,28/6/17,Day of week:,Wednesday,26.75,Grade Celsius,
0,0.00,W/m^2,22:19:49,28/6/17,Day of week:,Wednesday,26.75,Grade Celsius,
0,0.00,W/m^2,22:19:52,28/6/17,Day of week:,Wednesday,26.75,Grade Celsius,
0,0.00,W/m^2,22:19:55,28/6/17,Day of week:,Wednesday,26.75,Grade Celsius,
0,0.00,W/m^2,22:19:58,28/6/17,Day of week:,Wednesday,26.75,Grade Celsius,
0,0.00,W/m^2,22:20:02,28/6/17,Day of week:,Wednesday,26.75,Grade Celsius,
0,0.00,W/m^2,22:20:05,28/6/17,Day of week:,Wednesday,26.75,Grade Celsius,
0,0.00,W/m^2,22:20:08,28/6/17,Day of week:,Wednesday,26.75,Grade Celsius,
0,0.00,W/m^2,22:20:11,28/6/17,Day of week:,Wednesday,26.75,Grade Celsius,
0,0.00,W/m^2,22:20:14,28/6/17,Day of week:,Wednesday,26.75,Grade Celsius,
0,0.00,W/m^2,22:20:17,28/6/17,Day of week:,Wednesday,26.75,Grade Celsius,
0,0.00,W/m^2,22:20:20,28/6/17,Day of week:,Wednesday,26.75,Grade Celsius,
0,0.00,W/m^2,22:20:23,28/6/17,Day of week:,Wednesday,26.75,Grade Celsius,
0,0.00,W/m^2,22:20:26,28/6/17,Day of week:,Wednesday,26.75,Grade Celsius,
0,0.00,W/m^2,22:20:29,28/6/17,Day of week:,Wednesday,26.75,Grade Celsius,
0,0.00,W/m^2,22:20:32,28/6/17,Day of week:,Wednesday,26.75,Grade Celsius,
0,0.00,W/m^2,22:20:35,28/6/17,Day of week:,Wednesday,26.75,Grade Celsius,
0,0.00,W/m^2,22:20:38,28/6/17,Day of week:,Wednesday,26.75,Grade Celsius,
0,0.00,W/m^2,22:20:41,28/6/17,Day of week:,Wednesday,26.75,Grade Celsius,
0,0.00,W/m^2,22:20:44,28/6/17,Day of week:,Wednesday,26.69,Grade Celsius,
0,0.00,W/m^2,22:20:47,28/6/17,Day of week:,Wednesday,26.69,Grade Celsius,
0,0.00,W/m^2,22:20:51,28/6/17,Day of week:,Wednesday,26.69,Grade Celsius,
0,0.00,W/m^2,22:20:54,28/6/17,Day of week:,Wednesday,26.69,Grade Celsius,
0,0.00,W/m^2,22:20:57,28/6/17,Day of week:,Wednesday,26.69,Grade Celsius,
0,0.00,W/m^2,22:21:00,28/6/17,Day of week:,Wednesday,26.69,Grade Celsius,
0,0.00,W/m^2,22:21:03,28/6/17,Day of week:,Wednesday,26.69,Grade Celsius,
0,0.00,W/m^2,22:21:06,28/6/17,Day of week:,Wednesday,26.69,Grade Celsius,
0,0.00,W/m^2,22:21:09,28/6/17,Day of week:,Wednesday,26.69,Grade Celsius,
0,0.00,W/m^2,22:21:12,28/6/17,Day of week:,Wednesday,26.69,Grade Celsius,
0,0.00,W/m^2,22:21:15,28/6/17,Day of week:,Wednesday,26.69,Grade Celsius,
0,0.00,W/m^2,22:21:18,28/6/17,Day of week:,Wednesday,26.69,Grade Celsius,
0,0.00,W/m^2,22:21:21,28/6/17,Day of week:,Wednesday,26.69,Grade Celsius,
0,0.00,W/m^2,22:21:24,28/6/17,Day of week:,Wednesday,26.75,Grade Celsius,
0,0.00,W/m^2,22:21:27,28/6/17,Day of week:,Wednesday,26.69,Grade Celsius,
0,0.00,W/m^2,22:21:30,28/6/17,Day of week:,Wednesday,26.75,Grade Celsius,
0,0.00,W/m^2,22:21:33,28/6/17,Day of week:,Wednesday,26.75,Grade Celsius,
0,0.00,W/m^2,22:21:36,28/6/17,Day of week:,Wednesday,26.75,Grade Celsius,
0,0.00,W/m^2,22:21:40,28/6/17,Day of week:,Wednesday,26.75,Grade Celsius,
0,0.00,W/m^2,22:21:43,28/6/17,Day of week:,Wednesday,26.69,Grade Celsius,
0,0.00,W/m^2,22:21:46,28/6/17,Day of week:,Wednesday,26.69,Grade Celsius,
0,0.00,W/m^2,22:21:49,28/6/17,Day of week:,Wednesday,26.69,Grade Celsius,
0,0.00,W/m^2,22:21:52,28/6/17,Day of week:,Wednesday,26.69,Grade Celsius,
0,0.00,W/m^2,22:21:55,28/6/17,Day of week:,Wednesday,26.69,Grade Celsius,
0,0.00,W/m^2,22:21:58,28/6/17,Day of week:,Wednesday,26.69,Grade Celsius,
0,0.00,W/m^2,22:22:01,28/6/17,Day of week:,Wednesday,26.69,Grade Celsius,
0,0.00,W/m^2,22:22:04,28/6/17,Day of week:,Wednesday,26.69,Grade Celsius,
0,0.00,W/m^2,22:22:07,28/6/17,Day of week:,Wednesday,26.69,Grade Celsius,
0,0.00,W/m^2,22:22:10,28/6/17,Day of week:,Wednesday,26.69,Grade Celsius,
0,0.00,W/m^2,22:22:13,28/6/17,Day of week:,Wednesday,26.69,Grade Celsius,
0,0.00,W/m^2,22:22:16,28/6/17,Day of week:,Wednesday,26.69,Grade Celsius,
0,0.00,W/m^2,22:22:19,28/6/17,Day of week:,Wednesday,26.69,Grade Celsius,
0,0.00,W/m^2,22:22:22,28/6/17,Day of week:,Wednesday,26.69,Grade Celsius,
0,0.00,W/m^2,22:22:25,28/6/17,Day of week:,Wednesday,26.69,Grade Celsius,
0,0.00,W/m^2,22:22:29,28/6/17,Day of week:,Wednesday,26.69,Grade Celsius,
0,0.00,W/m^2,22:22:32,28/6/17,Day of week:,Wednesday,26.69,Grade Celsius,
0,0.00,W/m^2,22:22:35,28/6/17,Day of week:,Wednesday,26.69,Grade Celsius,
0,0.00,W/m^2,22:22:38,28/6/17,Day of week:,Wednesday,26.69,Grade Celsius,
0,0.00,W/m^2,22:22:41,28/6/17,Day of week:,Wednesday,26.69,Grade Celsius,
0,0.00,W/m^2,22:22:44,28/6/17,Day of week:,Wednesday,26.69,Grade Celsius,
0,0.00,W/m^2,22:22:47,28/6/17,Day of week:,Wednesday,26.69,Grade Celsius,
0,0.00,W/m^2,22:22:50,28/6/17,Day of week:,Wednesday,26.69,Grade Celsius,
0,0.00,W/m^2,22:22:53,28/6/17,Day of week:,Wednesday,26.69,Grade Celsius,
0,0.00,W/m^2,22:22:56,28/6/17,Day of week:,Wednesday,26.69,Grade Celsius,
0,0.00,W/m^2,22:22:59,28/6/17,Day of week:,Wednesday,26.69,Grade Celsius,
0,0.00,W/m^2,22:23:02,28/6/17,Day of week:,Wednesday,26.75,Grade Celsius,
0,0.00,W/m^2,22:23:05,28/6/17,Day of week:,Wednesday,26.69,Grade Celsius,
0,0.00,W/m^2,22:23:08,28/6/17,Day of week:,Wednesday,26.69,Grade Celsius,
0,0.00,W/m^2,22:23:11,28/6/17,Day of week:,Wednesday,26.69,Grade Celsius,
0,0.00,W/m^2,22:23:15,28/6/17,Day of week:,Wednesday,26.75,Grade Celsius,
0,0.00,W/m^2,22:23:18,28/6/17,Day of week:,Wednesday,26.75,Grade Celsius,
0,0.00,W/m^2,22:23:21,28/6/17,Day of week:,Wednesday,26.75,Grade Celsius,
0,0.00,W/m^2,22:23:24,28/6/17,Day of week:,Wednesday,26.75,Grade Celsius,
0,0.00,W/m^2,22:23:27,28/6/17,Day of week:,Wednesday,26.75,Grade Celsius,
0,0.00,W/m^2,22:23:30,28/6/17,Day of week:,Wednesday,26.75,Grade Celsius,
0,0.00,W/m^2,22:23:33,28/6/17,Day of week:,Wednesday,26.75,Grade Celsius,
0,0.00,W/m^2,22:23:36,28/6/17,Day of week:,Wednesday,26.75,Grade Celsius,
0,0.00,W/m^2,22:23:39,28/6/17,Day of week:,Wednesday,26.75,Grade Celsius,
0,0.00,W/m^2,22:23:42,28/6/17,Day of week:,Wednesday,26.75,Grade Celsius,
0,0.00,W/m^2,22:23:45,28/6/17,Day of week:,Wednesday,26.75,Grade Celsius,
0,0.00,W/m^2,22:23:48,28/6/17,Day of week:,Wednesday,26.69,Grade Celsius,
0,0.00,W/m^2,22:23:51,28/6/17,Day of week:,Wednesday,26.69,Grade Celsius,
0,0.00,W/m^2,22:23:54,28/6/17,Day of week:,Wednesday,26.69,Grade Celsius,
0,0.00,W/m^2,22:23:57,28/6/17,Day of week:,Wednesday,26.69,Grade Celsius,
0,0.00,W/m^2,22:24:00,28/6/17,Day of week:,Wednesday,26.69,Grade Celsius,
0,0.00,W/m^2,22:24:04,28/6/17,Day of week:,Wednesday,26.69,Grade Celsius,
0,0.00,W/m^2,22:24:07,28/6/17,Day of week:,Wednesday,26.69,Grade Celsius,
0,0.00,W/m^2,22:24:10,28/6/17,Day of week:,Wednesday,26.69,Grade Celsius,
0,0.00,W/m^2,22:24:13,28/6/17,Day of week:,Wednesday,26.69,Grade Celsius,
0,0.00,W/m^2,22:24:16,28/6/17,Day of week:,Wednesday,26.69,Grade Celsius,
0,0.00,W/m^2,22:24:19,28/6/17,Day of week:,Wednesday,26.69,Grade Celsius,
0,0.00,W/m^2,22:24:22,28/6/17,Day of week:,Wednesday,26.69,Grade Celsius,
0,0.00,W/m^2,22:24:25,28/6/17,Day of week:,Wednesday,26.69,Grade Celsius,
0,0.00,W/m^2,22:24:28,28/6/17,Day of week:,Wednesday,26.62,Grade Celsius,
0,0.00,W/m^2,22:24:31,28/6/17,Day of week:,Wednesday,26.62,Grade Celsius,
0,0.00,W/m^2,22:24:34,28/6/17,Day of week:,Wednesday,26.62,Grade Celsius,
0,0.00,W/m^2,22:24:37,28/6/17,Day of week:,Wednesday,26.62,Grade Celsius,
0,0.00,W/m^2,22:24:40,28/6/17,Day of week:,Wednesday,26.62,Grade Celsius,
0,0.00,W/m^2,22:24:43,28/6/17,Day of week:,Wednesday,26.62,Grade Celsius,
0,0.00,W/m^2,22:24:46,28/6/17,Day of week:,Wednesday,26.69,Grade Celsius,
0,0.00,W/m^2,22:24:50,28/6/17,Day of week:,Wednesday,26.69,Grade Celsius,
0,0.00,W/m^2,22:24:53,28/6/17,Day of week:,Wednesday,26.69,Grade Celsius,
0,0.00,W/m^2,22:24:56,28/6/17,Day of week:,Wednesday,26.69,Grade Celsius,
0,0.00,W/m^2,22:24:59,28/6/17,Day of week:,Wednesday,26.69,Grade Celsius,
0,0.00,W/m^2,22:25:02,28/6/17,Day of week:,Wednesday,26.69,Grade Celsius,
0,0.00,W/m^2,22:25:05,28/6/17,Day of week:,Wednesday,26.69,Grade Celsius,
0,0.00,W/m^2,22:25:08,28/6/17,Day of week:,Wednesday,26.69,Grade Celsius,
0,0.00,W/m^2,22:25:11,28/6/17,Day of week:,Wednesday,26.69,Grade Celsius,
0,0.00,W/m^2,22:25:14,28/6/17,Day of week:,Wednesday,26.69,Grade Celsius,
0,0.00,W/m^2,22:25:17,28/6/17,Day of week:,Wednesday,26.69,Grade Celsius,
0,0.00,W/m^2,22:25:20,28/6/17,Day of week:,Wednesday,26.69,Grade Celsius,
0,0.00,W/m^2,22:25:23,28/6/17,Day of week:,Wednesday,26.69,Grade Celsius,
0,0.00,W/m^2,22:25:26,28/6/17,Day of week:,Wednesday,26.69,Grade Celsius,
0,0.00,W/m^2,22:25:29,28/6/17,Day of week:,Wednesday,26.69,Grade Celsius,
0,0.00,W/m^2,22:25:32,28/6/17,Day of week:,Wednesday,26.69,Grade Celsius,
0,0.00,W/m^2,22:25:36,28/6/17,Day of week:,Wednesday,26.62,Grade Celsius,
0,0.00,W/m^2,22:25:39,28/6/17,Day of week:,Wednesday,26.69,Grade Celsius,
0,0.00,W/m^2,22:25:42,28/6/17,Day of week:,Wednesday,26.69,Grade Celsius,
0,0.00,W/m^2,22:25:45,28/6/17,Day of week:,Wednesday,26.62,Grade Celsius,
0,0.00,W/m^2,22:25:48,28/6/17,Day of week:,Wednesday,26.62,Grade Celsius,
0,0.00,W/m^2,22:25:51,28/6/17,Day of week:,Wednesday,26.69,Grade Celsius,
0,0.00,W/m^2,22:25:54,28/6/17,Day of week:,Wednesday,26.69,Grade Celsius,
0,0.00,W/m^2,22:25:57,28/6/17,Day of week:,Wednesday,26.69,Grade Celsius,
0,0.00,W/m^2,22:26:00,28/6/17,Day of week:,Wednesday,26.69,Grade Celsius,
0,0.00,W/m^2,22:26:03,28/6/17,Day of week:,Wednesday,26.69,Grade Celsius,
0,0.00,W/m^2,22:26:06,28/6/17,Day of week:,Wednesday,26.69,Grade Celsius,
0,0.00,W/m^2,22:26:09,28/6/17,Day of week:,Wednesday,26.69,Grade Celsius,
0,0.00,W/m^2,22:26:12,28/6/17,Day of week:,Wednesday,26.69,Grade Celsius,
0,0.00,W/m^2,22:26:15,28/6/17,Day of week:,Wednesday,26.69,Grade Celsius,
0,0.00,W/m^2,22:26:18,28/6/17,Day of week:,Wednesday,26.69,Grade Celsius,
0,0.00,W/m^2,22:26:21,28/6/17,Day of week:,Wednesday,26.69,Grade Celsius,
0,0.00,W/m^2,22:26:25,28/6/17,Day of week:,Wednesday,26.69,Grade Celsius,
0,0.00,W/m^2,22:26:28,28/6/17,Day of week:,Wednesday,26.69,Grade Celsius,
0,0.00,W/m^2,22:26:31,28/6/17,Day of week:,Wednesday,26.69,Grade Celsius,
0,0.00,W/m^2,22:26:34,28/6/17,Day of week:,Wednesday,26.69,Grade Celsius,
0,0.00,W/m^2,22:26:37,28/6/17,Day of week:,Wednesday,26.69,Grade Celsius,
0,0.00,W/m^2,22:26:40,28/6/17,Day of week:,Wednesday,26.69,Grade Celsius,
0,0.00,W/m^2,22:26:43,28/6/17,Day of week:,Wednesday,26.69,Grade Celsius,
0,0.00,W/m^2,22:26:46,28/6/17,Day of week:,Wednesday,26.69,Grade Celsius,
0,0.00,W/m^2,22:26:49,28/6/17,Day of week:,Wednesday,26.69,Grade Celsius,
0,0.00,W/m^2,22:26:52,28/6/17,Day of week:,Wednesday,26.69,Grade Celsius,
0,0.00,W/m^2,22:26:55,28/6/17,Day of week:,Wednesday,26.69,Grade Celsius,
0,0.00,W/m^2,22:26:58,28/6/17,Day of week:,Wednesday,26.69,Grade Celsius,
0,0.00,W/m^2,22:27:01,28/6/17,Day of week:,Wednesday,26.69,Grade Celsius,
0,0.00,W/m^2,22:27:04,28/6/17,Day of week:,Wednesday,26.69,Grade Celsius,
0,0.00,W/m^2,22:27:07,28/6/17,Day of week:,Wednesday,26.69,Grade Celsius,
0,0.00,W/m^2,22:27:10,28/6/17,Day of week:,Wednesday,26.69,Grade Celsius,
0,0.00,W/m^2,22:27:14,28/6/17,Day of week:,Wednesday,26.69,Grade Celsius,
0,0.00,W/m^2,22:27:17,28/6/17,Day of week:,Wednesday,26.69,Grade Celsius,
0,0.00,W/m^2,22:27:20,28/6/17,Day of week:,Wednesday,26.69,Grade Celsius,
0,0.00,W/m^2,22:27:23,28/6/17,Day of week:,Wednesday,26.69,Grade Celsius,
0,0.00,W/m^2,22:27:26,28/6/17,Day of week:,Wednesday,26.69,Grade Celsius,
0,0.00,W/m^2,22:27:29,28/6/17,Day of week:,Wednesday,26.69,Grade Celsius,
0,0.00,W/m^2,22:27:32,28/6/17,Day of week:,Wednesday,26.69,Grade Celsius,
0,0.00,W/m^2,22:27:35,28/6/17,Day of week:,Wednesday,26.69,Grade Celsius,
0,0.00,W/m^2,22:27:38,28/6/17,Day of week:,Wednesday,26.69,Grade Celsius,
0,0.00,W/m^2,22:27:41,28/6/17,Day of week:,Wednesday,26.69,Grade Celsius,
0,0.00,W/m^2,22:27:44,28/6/17,Day of week:,Wednesday,26.69,Grade Celsius,
0,0.00,W/m^2,22:27:47,28/6/17,Day of week:,Wednesday,26.69,Grade Celsius,
0,0.00,W/m^2,22:27:50,28/6/17,Day of week:,Wednesday,26.69,Grade Celsius,
0,0.00,W/m^2,22:27:53,28/6/17,Day of week:,Wednesday,26.69,Grade Celsius,
0,0.00,W/m^2,22:27:56,28/6/17,Day of week:,Wednesday,26.69,Grade Celsius,
0,0.00,W/m^2,22:28:00,28/6/17,Day of week:,Wednesday,26.69,Grade Celsius,
0,0.00,W/m^2,22:28:03,28/6/17,Day of week:,Wednesday,26.69,Grade Celsius,
0,0.00,W/m^2,22:28:06,28/6/17,Day of week:,Wednesday,26.69,Grade Celsius,
0,0.00,W/m^2,22:28:09,28/6/17,Day of week:,Wednesday,26.62,Grade Celsius,
0,0.00,W/m^2,22:28:12,28/6/17,Day of week:,Wednesday,26.69,Grade Celsius,
0,0.00,W/m^2,22:28:15,28/6/17,Day of week:,Wednesday,26.62,Grade Celsius,
0,0.00,W/m^2,22:28:18,28/6/17,Day of week:,Wednesday,26.69,Grade Celsius,
0,0.00,W/m^2,22:28:21,28/6/17,Day of week:,Wednesday,26.62,Grade Celsius,
0,0.00,W/m^2,22:28:24,28/6/17,Day of week:,Wednesday,26.62,Grade Celsius,
0,0.00,W/m^2,22:28:27,28/6/17,Day of week:,Wednesday,26.69,Grade Celsius,
0,0.00,W/m^2,22:28:30,28/6/17,Day of week:,Wednesday,26.69,Grade Celsius,
0,0.00,W/m^2,22:28:33,28/6/17,Day of week:,Wednesday,26.69,Grade Celsius,
0,0.00,W/m^2,22:28:36,28/6/17,Day of week:,Wednesday,26.69,Grade Celsius,
0,0.00,W/m^2,22:28:39,28/6/17,Day of week:,Wednesday,26.69,Grade Celsius,
0,0.00,W/m^2,22:28:42,28/6/17,Day of week:,Wednesday,26.69,Grade Celsius,
0,0.00,W/m^2,22:28:45,28/6/17,Day of week:,Wednesday,26.69,Grade Celsius,
0,0.00,W/m^2,22:28:49,28/6/17,Day of week:,Wednesday,26.69,Grade Celsius,
0,0.00,W/m^2,22:28:52,28/6/17,Day of week:,Wednesday,26.69,Grade Celsius,
0,0.00,W/m^2,22:28:55,28/6/17,Day of week:,Wednesday,26.62,Grade Celsius,
0,0.00,W/m^2,22:28:58,28/6/17,Day of week:,Wednesday,26.62,Grade Celsius,
0,0.00,W/m^2,22:29:01,28/6/17,Day of week:,Wednesday,26.62,Grade Celsius,
0,0.00,W/m^2,22:29:04,28/6/17,Day of week:,Wednesday,26.62,Grade Celsius,
0,0.00,W/m^2,22:29:07,28/6/17,Day of week:,Wednesday,26.62,Grade Celsius,
0,0.00,W/m^2,22:29:10,28/6/17,Day of week:,Wednesday,26.62,Grade Celsius,
0,0.00,W/m^2,22:29:13,28/6/17,Day of week:,Wednesday,26.62,Grade Celsius,
0,0.00,W/m^2,22:29:16,28/6/17,Day of week:,Wednesday,26.62,Grade Celsius,
0,0.00,W/m^2,22:29:19,28/6/17,Day of week:,Wednesday,26.69,Grade Celsius,
0,0.00,W/m^2,22:29:22,28/6/17,Day of week:,Wednesday,26.62,Grade Celsius,
0,0.00,W/m^2,22:29:25,28/6/17,Day of week:,Wednesday,26.62,Grade Celsius,
0,0.00,W/m^2,22:29:28,28/6/17,Day of week:,Wednesday,26.62,Grade Celsius,
0,0.00,W/m^2,22:29:31,28/6/17,Day of week:,Wednesday,26.62,Grade Celsius,
0,0.00,W/m^2,22:29:34,28/6/17,Day of week:,Wednesday,26.62,Grade Celsius,
0,0.00,W/m^2,22:29:38,28/6/17,Day of week:,Wednesday,26.62,Grade Celsius,
0,0.00,W/m^2,22:29:41,28/6/17,Day of week:,Wednesday,26.62,Grade Celsius,
0,0.00,W/m^2,22:29:44,28/6/17,Day of week:,Wednesday,26.62,Grade Celsius,
0,0.00,W/m^2,22:29:47,28/6/17,Day of week:,Wednesday,26.62,Grade Celsius,
0,0.00,W/m^2,22:29:50,28/6/17,Day of week:,Wednesday,26.62,Grade Celsius,
0,0.00,W/m^2,22:29:53,28/6/17,Day of week:,Wednesday,26.62,Grade Celsius,
0,0.00,W/m^2,22:29:56,28/6/17,Day of week:,Wednesday,26.62,Grade Celsius,
0,0.00,W/m^2,22:29:59,28/6/17,Day of week:,Wednesday,26.62,Grade Celsius,
0,0.00,W/m^2,22:30:02,28/6/17,Day of week:,Wednesday,26.69,Grade Celsius,
0,0.00,W/m^2,22:30:05,28/6/17,Day of week:,Wednesday,26.69,Grade Celsius,
0,0.00,W/m^2,22:30:08,28/6/17,Day of week:,Wednesday,26.69,Grade Celsius,
0,0.00,W/m^2,22:30:11,28/6/17,Day of week:,Wednesday,26.69,Grade Celsius,
0,0.00,W/m^2,22:30:15,28/6/17,Day of week:,Wednesday,26.69,Grade Celsius,
0,0.00,W/m^2,22:30:18,28/6/17,Day of week:,Wednesday,26.69,Grade Celsius,
0,0.00,W/m^2,22:30:21,28/6/17,Day of week:,Wednesday,26.62,Grade Celsius,
0,0.00,W/m^2,22:30:24,28/6/17,Day of week:,Wednesday,26.62,Grade Celsius,
0,0.00,W/m^2,22:30:27,28/6/17,Day of week:,Wednesday,26.62,Grade Celsius,
0,0.00,W/m^2,22:30:30,28/6/17,Day of week:,Wednesday,26.62,Grade Celsius,
0,0.00,W/m^2,22:30:33,28/6/17,Day of week:,Wednesday,26.62,Grade Celsius,
0,0.00,W/m^2,22:30:36,28/6/17,Day of week:,Wednesday,26.62,Grade Celsius,
0,0.00,W/m^2,22:30:39,28/6/17,Day of week:,Wednesday,26.62,Grade Celsius,
0,0.00,W/m^2,22:30:42,28/6/17,Day of week:,Wednesday,26.62,Grade Celsius,
0,0.00,W/m^2,22:30:45,28/6/17,Day of week:,Wednesday,26.56,Grade Celsius,
0,0.00,W/m^2,22:30:48,28/6/17,Day of week:,Wednesday,26.56,Grade Celsius,
0,0.00,W/m^2,22:30:51,28/6/17,Day of week:,Wednesday,26.56,Grade Celsius,
0,0.00,W/m^2,22:30:54,28/6/17,Day of week:,Wednesday,26.56,Grade Celsius,
0,0.00,W/m^2,22:30:57,28/6/17,Day of week:,Wednesday,26.56,Grade Celsius,
0,0.00,W/m^2,22:31:00,28/6/17,Day of week:,Wednesday,26.56,Grade Celsius,
0,0.00,W/m^2,22:31:04,28/6/17,Day of week:,Wednesday,26.56,Grade Celsius,
0,0.00,W/m^2,22:31:07,28/6/17,Day of week:,Wednesday,26.56,Grade Celsius,
0,0.00,W/m^2,22:31:10,28/6/17,Day of week:,Wednesday,26.56,Grade Celsius,
0,0.00,W/m^2,22:31:13,28/6/17,Day of week:,Wednesday,26.56,Grade Celsius,
0,0.00,W/m^2,22:31:16,28/6/17,Day of week:,Wednesday,26.56,Grade Celsius,
0,0.00,W/m^2,22:31:19,28/6/17,Day of week:,Wednesday,26.56,Grade Celsius,
0,0.00,W/m^2,22:31:22,28/6/17,Day of week:,Wednesday,26.56,Grade Celsius,
0,0.00,W/m^2,22:31:25,28/6/17,Day of week:,Wednesday,26.56,Grade Celsius,
0,0.00,W/m^2,22:31:28,28/6/17,Day of week:,Wednesday,26.56,Grade Celsius,
0,0.00,W/m^2,22:31:31,28/6/17,Day of week:,Wednesday,26.56,Grade Celsius,
0,0.00,W/m^2,22:31:34,28/6/17,Day of week:,Wednesday,26.50,Grade Celsius,
0,0.00,W/m^2,22:31:37,28/6/17,Day of week:,Wednesday,26.50,Grade Celsius,
0,0.00,W/m^2,22:31:40,28/6/17,Day of week:,Wednesday,26.50,Grade Celsius,
0,0.00,W/m^2,22:31:43,28/6/17,Day of week:,Wednesday,26.50,Grade Celsius,
0,0.00,W/m^2,22:31:46,28/6/17,Day of week:,Wednesday,26.50,Grade Celsius,
0,0.00,W/m^2,22:31:49,28/6/17,Day of week:,Wednesday,26.50,Grade Celsius,
0,0.00,W/m^2,22:31:53,28/6/17,Day of week:,Wednesday,26.50,Grade Celsius,
0,0.00,W/m^2,22:31:56,28/6/17,Day of week:,Wednesday,26.50,Grade Celsius,
0,0.00,W/m^2,22:31:59,28/6/17,Day of week:,Wednesday,26.50,Grade Celsius,
0,0.00,W/m^2,22:32:02,28/6/17,Day of week:,Wednesday,26.50,Grade Celsius,
0,0.00,W/m^2,22:32:05,28/6/17,Day of week:,Wednesday,26.50,Grade Celsius,
0,0.00,W/m^2,22:32:08,28/6/17,Day of week:,Wednesday,26.50,Grade Celsius,
0,0.00,W/m^2,22:32:11,28/6/17,Day of week:,Wednesday,26.50,Grade Celsius,
0,0.00,W/m^2,22:32:14,28/6/17,Day of week:,Wednesday,26.56,Grade Celsius,
0,0.00,W/m^2,22:32:17,28/6/17,Day of week:,Wednesday,26.56,Grade Celsius,
0,0.00,W/m^2,22:32:20,28/6/17,Day of week:,Wednesday,26.56,Grade Celsius,
0,0.00,W/m^2,22:32:23,28/6/17,Day of week:,Wednesday,26.56,Grade Celsius,
0,0.00,W/m^2,22:32:26,28/6/17,Day of week:,Wednesday,26.56,Grade Celsius,
0,0.00,W/m^2,22:32:29,28/6/17,Day of week:,Wednesday,26.56,Grade Celsius,
0,0.00,W/m^2,22:32:32,28/6/17,Day of week:,Wednesday,26.56,Grade Celsius,
0,0.00,W/m^2,22:32:35,28/6/17,Day of week:,Wednesday,26.56,Grade Celsius,
0,0.00,W/m^2,22:32:39,28/6/17,Day of week:,Wednesday,26.56,Grade Celsius,
0,0.00,W/m^2,22:32:42,28/6/17,Day of week:,Wednesday,26.56,Grade Celsius,
0,0.00,W/m^2,22:32:45,28/6/17,Day of week:,Wednesday,26.56,Grade Celsius,
0,0.00,W/m^2,22:32:48,28/6/17,Day of week:,Wednesday,26.56,Grade Celsius,
0,0.00,W/m^2,22:32:51,28/6/17,Day of week:,Wednesday,26.56,Grade Celsius,
0,0.00,W/m^2,22:32:54,28/6/17,Day of week:,Wednesday,26.56,Grade Celsius,
0,0.00,W/m^2,22:32:57,28/6/17,Day of week:,Wednesday,26.56,Grade Celsius,
0,0.00,W/m^2,22:33:00,28/6/17,Day of week:,Wednesday,26.56,Grade Celsius,
0,0.00,W/m^2,22:33:03,28/6/17,Day of week:,Wednesday,26.56,Grade Celsius,
0,0.00,W/m^2,22:33:06,28/6/17,Day of week:,Wednesday,26.50,Grade Celsius,
0,0.00,W/m^2,22:33:09,28/6/17,Day of week:,Wednesday,26.56,Grade Celsius,
0,0.00,W/m^2,22:33:12,28/6/17,Day of week:,Wednesday,26.56,Grade Celsius,
0,0.00,W/m^2,22:33:15,28/6/17,Day of week:,Wednesday,26.56,Grade Celsius,
0,0.00,W/m^2,22:33:18,28/6/17,Day of week:,Wednesday,26.56,Grade Celsius,
0,0.00,W/m^2,22:33:21,28/6/17,Day of week:,Wednesday,26.56,Grade Celsius,
0,0.00,W/m^2,22:33:24,28/6/17,Day of week:,Wednesday,26.50,Grade Celsius,
0,0.00,W/m^2,22:33:28,28/6/17,Day of week:,Wednesday,26.50,Grade Celsius,
0,0.00,W/m^2,22:33:31,28/6/17,Day of week:,Wednesday,26.50,Grade Celsius,
0,0.00,W/m^2,22:33:34,28/6/17,Day of week:,Wednesday,26.56,Grade Celsius,
0,0.00,W/m^2,22:33:37,28/6/17,Day of week:,Wednesday,26.56,Grade Celsius,
0,0.00,W/m^2,22:33:40,28/6/17,Day of week:,Wednesday,26.56,Grade Celsius,
0,0.00,W/m^2,22:33:43,28/6/17,Day of week:,Wednesday,26.56,Grade Celsius,
0,0.00,W/m^2,22:33:46,28/6/17,Day of week:,Wednesday,26.56,Grade Celsius,
0,0.00,W/m^2,22:33:49,28/6/17,Day of week:,Wednesday,26.56,Grade Celsius,
0,0.00,W/m^2,22:33:52,28/6/17,Day of week:,Wednesday,26.56,Grade Celsius,
0,0.00,W/m^2,22:33:55,28/6/17,Day of week:,Wednesday,26.56,Grade Celsius,
0,0.00,W/m^2,22:33:58,28/6/17,Day of week:,Wednesday,26.56,Grade Celsius,
0,0.00,W/m^2,22:34:01,28/6/17,Day of week:,Wednesday,26.56,Grade Celsius,
0,0.00,W/m^2,22:34:04,28/6/17,Day of week:,Wednesday,26.56,Grade Celsius,
0,0.00,W/m^2,22:34:07,28/6/17,Day of week:,Wednesday,26.56,Grade Celsius,
0,0.00,W/m^2,22:34:10,28/6/17,Day of week:,Wednesday,26.56,Grade Celsius,
0,0.00,W/m^2,22:34:13,28/6/17,Day of week:,Wednesday,26.56,Grade Celsius,
0,0.00,W/m^2,22:34:17,28/6/17,Day of week:,Wednesday,26.50,Grade Celsius,
0,0.00,W/m^2,22:34:20,28/6/17,Day of week:,Wednesday,26.56,Grade Celsius,
0,0.00,W/m^2,22:34:23,28/6/17,Day of week:,Wednesday,26.56,Grade Celsius,
0,0.00,W/m^2,22:34:26,28/6/17,Day of week:,Wednesday,26.56,Grade Celsius,
0,0.00,W/m^2,22:34:29,28/6/17,Day of week:,Wednesday,26.56,Grade Celsius,
0,0.00,W/m^2,22:34:32,28/6/17,Day of week:,Wednesday,26.56,Grade Celsius,
0,0.00,W/m^2,22:34:35,28/6/17,Day of week:,Wednesday,26.56,Grade Celsius,
0,0.00,W/m^2,22:34:38,28/6/17,Day of week:,Wednesday,26.56,Grade Celsius,
0,0.00,W/m^2,22:34:41,28/6/17,Day of week:,Wednesday,26.56,Grade Celsius,
0,0.00,W/m^2,22:34:44,28/6/17,Day of week:,Wednesday,26.56,Grade Celsius,
0,0.00,W/m^2,22:34:47,28/6/17,Day of week:,Wednesday,26.56,Grade Celsius,
0,0.00,W/m^2,22:34:50,28/6/17,Day of week:,Wednesday,26.56,Grade Celsius,
0,0.00,W/m^2,22:34:53,28/6/17,Day of week:,Wednesday,26.62,Grade Celsius,
0,0.00,W/m^2,22:34:56,28/6/17,Day of week:,Wednesday,26.56,Grade Celsius,
0,0.00,W/m^2,22:34:59,28/6/17,Day of week:,Wednesday,26.50,Grade Celsius,
0,0.00,W/m^2,22:35:03,28/6/17,Day of week:,Wednesday,26.50,Grade Celsius,
0,0.00,W/m^2,22:35:06,28/6/17,Day of week:,Wednesday,26.50,Grade Celsius,
0,0.00,W/m^2,22:35:09,28/6/17,Day of week:,Wednesday,26.50,Grade Celsius,
0,0.00,W/m^2,22:35:12,28/6/17,Day of week:,Wednesday,26.50,Grade Celsius,
0,0.00,W/m^2,22:35:15,28/6/17,Day of week:,Wednesday,26.50,Grade Celsius,
0,0.00,W/m^2,22:35:18,28/6/17,Day of week:,Wednesday,26.50,Grade Celsius,
0,0.00,W/m^2,22:35:21,28/6/17,Day of week:,Wednesday,26.50,Grade Celsius,
0,0.00,W/m^2,22:35:24,28/6/17,Day of week:,Wednesday,26.50,Grade Celsius,
0,0.00,W/m^2,22:35:27,28/6/17,Day of week:,Wednesday,26.50,Grade Celsius,
0,0.00,W/m^2,22:35:30,28/6/17,Day of week:,Wednesday,26.50,Grade Celsius,
0,0.00,W/m^2,22:35:33,28/6/17,Day of week:,Wednesday,26.50,Grade Celsius,
0,0.00,W/m^2,22:35:36,28/6/17,Day of week:,Wednesday,26.50,Grade Celsius,
0,0.00,W/m^2,22:35:39,28/6/17,Day of week:,Wednesday,26.50,Grade Celsius,
0,0.00,W/m^2,22:35:42,28/6/17,Day of week:,Wednesday,26.50,Grade Celsius,
0,0.00,W/m^2,22:35:46,28/6/17,Day of week:,Wednesday,26.50,Grade Celsius,
0,0.00,W/m^2,22:35:49,28/6/17,Day of week:,Wednesday,26.50,Grade Celsius,
0,0.00,W/m^2,22:35:52,28/6/17,Day of week:,Wednesday,26.44,Grade Celsius,
0,0.00,W/m^2,22:35:55,28/6/17,Day of week:,Wednesday,26.50,Grade Celsius,
0,0.00,W/m^2,22:35:58,28/6/17,Day of week:,Wednesday,26.50,Grade Celsius,
0,0.00,W/m^2,22:36:01,28/6/17,Day of week:,Wednesday,26.50,Grade Celsius,
0,0.00,W/m^2,22:36:04,28/6/17,Day of week:,Wednesday,26.50,Grade Celsius,
0,0.00,W/m^2,22:36:07,28/6/17,Day of week:,Wednesday,26.50,Grade Celsius,
0,0.00,W/m^2,22:36:10,28/6/17,Day of week:,Wednesday,26.50,Grade Celsius,
0,0.00,W/m^2,22:36:13,28/6/17,Day of week:,Wednesday,26.44,Grade Celsius,
0,0.00,W/m^2,22:36:16,28/6/17,Day of week:,Wednesday,26.44,Grade Celsius,
0,0.00,W/m^2,22:36:19,28/6/17,Day of week:,Wednesday,26.44,Grade Celsius,
0,0.00,W/m^2,22:36:22,28/6/17,Day of week:,Wednesday,26.44,Grade Celsius,
0,0.00,W/m^2,22:36:25,28/6/17,Day of week:,Wednesday,26.44,Grade Celsius,
0,0.00,W/m^2,22:36:28,28/6/17,Day of week:,Wednesday,26.44,Grade Celsius,
0,0.00,W/m^2,22:36:31,28/6/17,Day of week:,Wednesday,26.44,Grade Celsius,
0,0.00,W/m^2,22:36:35,28/6/17,Day of week:,Wednesday,26.44,Grade Celsius,
0,0.00,W/m^2,22:36:38,28/6/17,Day of week:,Wednesday,26.44,Grade Celsius,
0,0.00,W/m^2,22:36:41,28/6/17,Day of week:,Wednesday,26.44,Grade Celsius,
0,0.00,W/m^2,22:36:44,28/6/17,Day of week:,Wednesday,26.44,Grade Celsius,
0,0.00,W/m^2,22:36:47,28/6/17,Day of week:,Wednesday,26.37,Grade Celsius,
0,0.00,W/m^2,22:36:50,28/6/17,Day of week:,Wednesday,26.37,Grade Celsius,
0,0.00,W/m^2,22:36:53,28/6/17,Day of week:,Wednesday,26.37,Grade Celsius,
0,0.00,W/m^2,22:36:56,28/6/17,Day of week:,Wednesday,26.37,Grade Celsius,
0,0.00,W/m^2,22:36:59,28/6/17,Day of week:,Wednesday,26.37,Grade Celsius,
0,0.00,W/m^2,22:37:02,28/6/17,Day of week:,Wednesday,26.37,Grade Celsius,
0,0.00,W/m^2,22:37:05,28/6/17,Day of week:,Wednesday,26.37,Grade Celsius,
0,0.00,W/m^2,22:37:08,28/6/17,Day of week:,Wednesday,26.31,Grade Celsius,
0,0.00,W/m^2,22:37:11,28/6/17,Day of week:,Wednesday,26.37,Grade Celsius,
0,0.00,W/m^2,22:37:14,28/6/17,Day of week:,Wednesday,26.31,Grade Celsius,
0,0.00,W/m^2,22:37:17,28/6/17,Day of week:,Wednesday,26.31,Grade Celsius,
0,0.00,W/m^2,22:37:20,28/6/17,Day of week:,Wednesday,26.31,Grade Celsius,
0,0.00,W/m^2,22:37:24,28/6/17,Day of week:,Wednesday,26.31,Grade Celsius,
0,0.00,W/m^2,22:37:27,28/6/17,Day of week:,Wednesday,26.37,Grade Celsius,
0,0.00,W/m^2,22:37:30,28/6/17,Day of week:,Wednesday,26.31,Grade Celsius,
0,0.00,W/m^2,22:37:33,28/6/17,Day of week:,Wednesday,26.31,Grade Celsius,
0,0.00,W/m^2,22:37:36,28/6/17,Day of week:,Wednesday,26.37,Grade Celsius,
0,0.00,W/m^2,22:37:39,28/6/17,Day of week:,Wednesday,26.31,Grade Celsius,
0,0.00,W/m^2,22:37:42,28/6/17,Day of week:,Wednesday,26.37,Grade Celsius,
0,0.00,W/m^2,22:37:45,28/6/17,Day of week:,Wednesday,26.37,Grade Celsius,
0,0.00,W/m^2,22:37:48,28/6/17,Day of week:,Wednesday,26.37,Grade Celsius,
0,0.00,W/m^2,22:37:51,28/6/17,Day of week:,Wednesday,26.37,Grade Celsius,
0,0.00,W/m^2,22:37:54,28/6/17,Day of week:,Wednesday,26.37,Grade Celsius,
0,0.00,W/m^2,22:37:57,28/6/17,Day of week:,Wednesday,26.37,Grade Celsius,
0,0.00,W/m^2,22:38:00,28/6/17,Day of week:,Wednesday,26.37,Grade Celsius,
0,0.00,W/m^2,22:38:03,28/6/17,Day of week:,Wednesday,26.37,Grade Celsius,
0,0.00,W/m^2,22:38:06,28/6/17,Day of week:,Wednesday,26.37,Grade Celsius,
0,0.00,W/m^2,22:38:09,28/6/17,Day of week:,Wednesday,26.37,Grade Celsius,
0,0.00,W/m^2,22:38:13,28/6/17,Day of week:,Wednesday,26.37,Grade Celsius,
0,0.00,W/m^2,22:38:16,28/6/17,Day of week:,Wednesday,26.37,Grade Celsius,
0,0.00,W/m^2,22:38:19,28/6/17,Day of week:,Wednesday,26.37,Grade Celsius,
0,0.00,W/m^2,22:38:22,28/6/17,Day of week:,Wednesday,26.37,Grade Celsius,
0,0.00,W/m^2,22:38:25,28/6/17,Day of week:,Wednesday,26.37,Grade Celsius,
0,0.00,W/m^2,22:38:28,28/6/17,Day of week:,Wednesday,26.37,Grade Celsius,
0,0.00,W/m^2,22:38:31,28/6/17,Day of week:,Wednesday,26.37,Grade Celsius,
0,0.00,W/m^2,22:38:34,28/6/17,Day of week:,Wednesday,26.37,Grade Celsius,
0,0.00,W/m^2,22:38:37,28/6/17,Day of week:,Wednesday,26.37,Grade Celsius,
0,0.00,W/m^2,22:38:40,28/6/17,Day of week:,Wednesday,26.37,Grade Celsius,
0,0.00,W/m^2,22:38:43,28/6/17,Day of week:,Wednesday,26.37,Grade Celsius,
0,0.00,W/m^2,22:38:46,28/6/17,Day of week:,Wednesday,26.37,Grade Celsius,
0,0.00,W/m^2,22:38:49,28/6/17,Day of week:,Wednesday,26.37,Grade Celsius,
0,0.00,W/m^2,22:38:52,28/6/17,Day of week:,Wednesday,26.37,Grade Celsius,
0,0.00,W/m^2,22:38:55,28/6/17,Day of week:,Wednesday,26.37,Grade Celsius,
0,0.00,W/m^2,22:38:58,28/6/17,Day of week:,Wednesday,26.37,Grade Celsius,
0,0.00,W/m^2,22:39:02,28/6/17,Day of week:,Wednesday,26.37,Grade Celsius,
0,0.00,W/m^2,22:39:05,28/6/17,Day of week:,Wednesday,26.37,Grade Celsius,
0,0.00,W/m^2,22:39:08,28/6/17,Day of week:,Wednesday,26.37,Grade Celsius,
0,0.00,W/m^2,22:39:11,28/6/17,Day of week:,Wednesday,26.37,Grade Celsius,
0,0.00,W/m^2,22:39:14,28/6/17,Day of week:,Wednesday,26.37,Grade Celsius,
0,0.00,W/m^2,22:39:17,28/6/17,Day of week:,Wednesday,26.37,Grade Celsius,
0,0.00,W/m^2,22:39:20,28/6/17,Day of week:,Wednesday,26.37,Grade Celsius,
0,0.00,W/m^2,22:39:23,28/6/17,Day of week:,Wednesday,26.31,Grade Celsius,
0,0.00,W/m^2,22:39:26,28/6/17,Day of week:,Wednesday,26.31,Grade Celsius,
0,0.00,W/m^2,22:39:29,28/6/17,Day of week:,Wednesday,26.31,Grade Celsius,
0,0.00,W/m^2,22:39:32,28/6/17,Day of week:,Wednesday,26.31,Grade Celsius,
0,0.00,W/m^2,22:39:35,28/6/17,Day of week:,Wednesday,26.31,Grade Celsius,
0,0.00,W/m^2,22:39:38,28/6/17,Day of week:,Wednesday,26.37,Grade Celsius,
0,0.00,W/m^2,22:39:41,28/6/17,Day of week:,Wednesday,26.37,Grade Celsius,
0,0.00,W/m^2,22:39:45,28/6/17,Day of week:,Wednesday,26.37,Grade Celsius,
0,0.00,W/m^2,22:39:48,28/6/17,Day of week:,Wednesday,26.37,Grade Celsius,
0,0.00,W/m^2,22:39:51,28/6/17,Day of week:,Wednesday,26.31,Grade Celsius,
0,0.00,W/m^2,22:39:54,28/6/17,Day of week:,Wednesday,26.31,Grade Celsius,
0,0.00,W/m^2,22:39:57,28/6/17,Day of week:,Wednesday,26.31,Grade Celsius,
0,0.00,W/m^2,22:40:00,28/6/17,Day of week:,Wednesday,26.31,Grade Celsius,
0,0.00,W/m^2,22:40:03,28/6/17,Day of week:,Wednesday,26.31,Grade Celsius,
0,0.00,W/m^2,22:40:06,28/6/17,Day of week:,Wednesday,26.37,Grade Celsius,
0,0.00,W/m^2,22:40:09,28/6/17,Day of week:,Wednesday,26.37,Grade Celsius,
0,0.00,W/m^2,22:40:12,28/6/17,Day of week:,Wednesday,26.37,Grade Celsius,
0,0.00,W/m^2,22:40:15,28/6/17,Day of week:,Wednesday,26.37,Grade Celsius,
0,0.00,W/m^2,22:40:18,28/6/17,Day of week:,Wednesday,26.37,Grade Celsius,
0,0.00,W/m^2,22:40:21,28/6/17,Day of week:,Wednesday,26.37,Grade Celsius,
0,0.00,W/m^2,22:40:24,28/6/17,Day of week:,Wednesday,26.37,Grade Celsius,
0,0.00,W/m^2,22:40:27,28/6/17,Day of week:,Wednesday,26.37,Grade Celsius,
0,0.00,W/m^2,22:40:30,28/6/17,Day of week:,Wednesday,26.37,Grade Celsius,
0,0.00,W/m^2,22:40:34,28/6/17,Day of week:,Wednesday,26.37,Grade Celsius,
0,0.00,W/m^2,22:40:37,28/6/17,Day of week:,Wednesday,26.37,Grade Celsius,
0,0.00,W/m^2,22:40:40,28/6/17,Day of week:,Wednesday,26.31,Grade Celsius,
0,0.00,W/m^2,22:40:43,28/6/17,Day of week:,Wednesday,26.37,Grade Celsius,
0,0.00,W/m^2,22:40:46,28/6/17,Day of week:,Wednesday,26.37,Grade Celsius,
0,0.00,W/m^2,22:40:49,28/6/17,Day of week:,Wednesday,26.37,Grade Celsius,
0,0.00,W/m^2,22:40:52,28/6/17,Day of week:,Wednesday,26.37,Grade Celsius,
0,0.00,W/m^2,22:40:55,28/6/17,Day of week:,Wednesday,26.37,Grade Celsius,
0,0.00,W/m^2,22:40:58,28/6/17,Day of week:,Wednesday,26.37,Grade Celsius,
0,0.00,W/m^2,22:41:01,28/6/17,Day of week:,Wednesday,26.37,Grade Celsius,
0,0.00,W/m^2,22:41:04,28/6/17,Day of week:,Wednesday,26.37,Grade Celsius,
0,0.00,W/m^2,22:41:07,28/6/17,Day of week:,Wednesday,26.37,Grade Celsius,
0,0.00,W/m^2,22:41:10,28/6/17,Day of week:,Wednesday,26.37,Grade Celsius,
0,0.00,W/m^2,22:41:14,28/6/17,Day of week:,Wednesday,26.37,Grade Celsius,
0,0.00,W/m^2,22:41:17,28/6/17,Day of week:,Wednesday,26.37,Grade Celsius,
0,0.00,W/m^2,22:41:20,28/6/17,Day of week:,Wednesday,26.31,Grade Celsius,
0,0.00,W/m^2,22:41:23,28/6/17,Day of week:,Wednesday,26.31,Grade Celsius,
0,0.00,W/m^2,22:41:26,28/6/17,Day of week:,Wednesday,26.31,Grade Celsius,
0,0.00,W/m^2,22:41:29,28/6/17,Day of week:,Wednesday,26.37,Grade Celsius,
0,0.00,W/m^2,22:41:32,28/6/17,Day of week:,Wednesday,26.31,Grade Celsius,
0,0.00,W/m^2,22:41:35,28/6/17,Day of week:,Wednesday,26.31,Grade Celsius,
0,0.00,W/m^2,22:41:38,28/6/17,Day of week:,Wednesday,26.31,Grade Celsius,
0,0.00,W/m^2,22:41:41,28/6/17,Day of week:,Wednesday,26.31,Grade Celsius,
0,0.00,W/m^2,22:41:44,28/6/17,Day of week:,Wednesday,26.31,Grade Celsius,
0,0.00,W/m^2,22:41:47,28/6/17,Day of week:,Wednesday,26.37,Grade Celsius,
0,0.00,W/m^2,22:41:50,28/6/17,Day of week:,Wednesday,26.37,Grade Celsius,
0,0.00,W/m^2,22:41:53,28/6/17,Day of week:,Wednesday,26.37,Grade Celsius,
0,0.00,W/m^2,22:41:56,28/6/17,Day of week:,Wednesday,26.37,Grade Celsius,
0,0.00,W/m^2,22:41:59,28/6/17,Day of week:,Wednesday,26.37,Grade Celsius,
0,0.00,W/m^2,22:42:03,28/6/17,Day of week:,Wednesday,26.31,Grade Celsius,
0,0.00,W/m^2,22:42:06,28/6/17,Day of week:,Wednesday,26.31,Grade Celsius,
0,0.00,W/m^2,22:42:09,28/6/17,Day of week:,Wednesday,26.31,Grade Celsius,
0,0.00,W/m^2,22:42:12,28/6/17,Day of week:,Wednesday,26.31,Grade Celsius,
0,0.00,W/m^2,22:42:15,28/6/17,Day of week:,Wednesday,26.31,Grade Celsius,
0,0.00,W/m^2,22:42:18,28/6/17,Day of week:,Wednesday,26.31,Grade Celsius,
0,0.00,W/m^2,22:42:21,28/6/17,Day of week:,Wednesday,26.31,Grade Celsius,
0,0.00,W/m^2,22:42:24,28/6/17,Day of week:,Wednesday,26.31,Grade Celsius,
0,0.00,W/m^2,22:42:27,28/6/17,Day of week:,Wednesday,26.31,Grade Celsius,
0,0.00,W/m^2,22:42:30,28/6/17,Day of week:,Wednesday,26.31,Grade Celsius,
0,0.00,W/m^2,22:42:33,28/6/17,Day of week:,Wednesday,26.31,Grade Celsius,
0,0.00,W/m^2,22:42:36,28/6/17,Day of week:,Wednesday,26.31,Grade Celsius,
0,0.00,W/m^2,22:42:39,28/6/17,Day of week:,Wednesday,26.31,Grade Celsius,
0,0.00,W/m^2,22:42:42,28/6/17,Day of week:,Wednesday,26.31,Grade Celsius,
0,0.00,W/m^2,22:42:45,28/6/17,Day of week:,Wednesday,26.31,Grade Celsius,
0,0.00,W/m^2,22:42:48,28/6/17,Day of week:,Wednesday,26.31,Grade Celsius,
0,0.00,W/m^2,22:42:52,28/6/17,Day of week:,Wednesday,26.31,Grade Celsius,
0,0.00,W/m^2,22:42:55,28/6/17,Day of week:,Wednesday,26.31,Grade Celsius,
0,0.00,W/m^2,22:42:58,28/6/17,Day of week:,Wednesday,26.31,Grade Celsius,
0,0.00,W/m^2,22:43:01,28/6/17,Day of week:,Wednesday,26.31,Grade Celsius,
0,0.00,W/m^2,22:43:04,28/6/17,Day of week:,Wednesday,26.25,Grade Celsius,
0,0.00,W/m^2,22:43:07,28/6/17,Day of week:,Wednesday,26.25,Grade Celsius,
0,0.00,W/m^2,22:43:10,28/6/17,Day of week:,Wednesday,26.25,Grade Celsius,
0,0.00,W/m^2,22:43:13,28/6/17,Day of week:,Wednesday,26.25,Grade Celsius,
0,0.00,W/m^2,22:43:16,28/6/17,Day of week:,Wednesday,26.25,Grade Celsius,
0,0.00,W/m^2,22:43:19,28/6/17,Day of week:,Wednesday,26.25,Grade Celsius,
0,0.00,W/m^2,22:43:22,28/6/17,Day of week:,Wednesday,26.25,Grade Celsius,
0,0.00,W/m^2,22:43:25,28/6/17,Day of week:,Wednesday,26.25,Grade Celsius,
0,0.00,W/m^2,22:43:28,28/6/17,Day of week:,Wednesday,26.31,Grade Celsius,
0,0.00,W/m^2,22:43:31,28/6/17,Day of week:,Wednesday,26.25,Grade Celsius,
0,0.00,W/m^2,22:43:34,28/6/17,Day of week:,Wednesday,26.25,Grade Celsius,
0,0.00,W/m^2,22:43:37,28/6/17,Day of week:,Wednesday,26.25,Grade Celsius,
0,0.00,W/m^2,22:43:41,28/6/17,Day of week:,Wednesday,26.25,Grade Celsius,
0,0.00,W/m^2,22:43:44,28/6/17,Day of week:,Wednesday,26.25,Grade Celsius,
0,0.00,W/m^2,22:43:47,28/6/17,Day of week:,Wednesday,26.25,Grade Celsius,
0,0.00,W/m^2,22:43:50,28/6/17,Day of week:,Wednesday,26.25,Grade Celsius,
0,0.00,W/m^2,22:43:53,28/6/17,Day of week:,Wednesday,26.25,Grade Celsius,
0,0.00,W/m^2,22:43:56,28/6/17,Day of week:,Wednesday,26.25,Grade Celsius,
0,0.00,W/m^2,22:43:59,28/6/17,Day of week:,Wednesday,26.25,Grade Celsius,
0,0.00,W/m^2,22:44:02,28/6/17,Day of week:,Wednesday,26.25,Grade Celsius,
0,0.00,W/m^2,22:44:05,28/6/17,Day of week:,Wednesday,26.25,Grade Celsius,
0,0.00,W/m^2,22:44:08,28/6/17,Day of week:,Wednesday,26.25,Grade Celsius,
0,0.00,W/m^2,22:44:11,28/6/17,Day of week:,Wednesday,26.25,Grade Celsius,
0,0.00,W/m^2,22:44:14,28/6/17,Day of week:,Wednesday,26.31,Grade Celsius,
0,0.00,W/m^2,22:44:17,28/6/17,Day of week:,Wednesday,26.31,Grade Celsius,
0,0.00,W/m^2,22:44:20,28/6/17,Day of week:,Wednesday,26.31,Grade Celsius,
0,0.00,W/m^2,22:44:23,28/6/17,Day of week:,Wednesday,26.31,Grade Celsius,
0,0.00,W/m^2,22:44:26,28/6/17,Day of week:,Wednesday,26.31,Grade Celsius,
0,0.00,W/m^2,22:44:30,28/6/17,Day of week:,Wednesday,26.25,Grade Celsius,
0,0.00,W/m^2,22:44:33,28/6/17,Day of week:,Wednesday,26.25,Grade Celsius,
0,0.00,W/m^2,22:44:36,28/6/17,Day of week:,Wednesday,26.25,Grade Celsius,
0,0.00,W/m^2,22:44:39,28/6/17,Day of week:,Wednesday,26.25,Grade Celsius,
0,0.00,W/m^2,22:44:42,28/6/17,Day of week:,Wednesday,26.31,Grade Celsius,
0,0.00,W/m^2,22:44:45,28/6/17,Day of week:,Wednesday,26.31,Grade Celsius,
0,0.00,W/m^2,22:44:48,28/6/17,Day of week:,Wednesday,26.31,Grade Celsius,
0,0.00,W/m^2,22:44:51,28/6/17,Day of week:,Wednesday,26.31,Grade Celsius,
0,0.00,W/m^2,22:44:54,28/6/17,Day of week:,Wednesday,26.31,Grade Celsius,
0,0.00,W/m^2,22:44:57,28/6/17,Day of week:,Wednesday,26.31,Grade Celsius,
0,0.00,W/m^2,22:45:00,28/6/17,Day of week:,Wednesday,26.25,Grade Celsius,
0,0.00,W/m^2,22:45:03,28/6/17,Day of week:,Wednesday,26.31,Grade Celsius,
0,0.00,W/m^2,22:45:06,28/6/17,Day of week:,Wednesday,26.25,Grade Celsius,
0,0.00,W/m^2,22:45:09,28/6/17,Day of week:,Wednesday,26.31,Grade Celsius,
0,0.00,W/m^2,22:45:12,28/6/17,Day of week:,Wednesday,26.31,Grade Celsius,
0,0.00,W/m^2,22:45:16,28/6/17,Day of week:,Wednesday,26.31,Grade Celsius,
0,0.00,W/m^2,22:45:19,28/6/17,Day of week:,Wednesday,26.31,Grade Celsius,
0,0.00,W/m^2,22:45:22,28/6/17,Day of week:,Wednesday,26.31,Grade Celsius,
0,0.00,W/m^2,22:45:25,28/6/17,Day of week:,Wednesday,26.25,Grade Celsius,
0,0.00,W/m^2,22:45:28,28/6/17,Day of week:,Wednesday,26.31,Grade Celsius,
0,0.00,W/m^2,22:45:31,28/6/17,Day of week:,Wednesday,26.31,Grade Celsius,
0,0.00,W/m^2,22:45:34,28/6/17,Day of week:,Wednesday,26.31,Grade Celsius,
0,0.00,W/m^2,22:45:37,28/6/17,Day of week:,Wednesday,26.31,Grade Celsius,
0,0.00,W/m^2,22:45:40,28/6/17,Day of week:,Wednesday,26.31,Grade Celsius,
0,0.00,W/m^2,22:45:43,28/6/17,Day of week:,Wednesday,26.31,Grade Celsius,
0,0.00,W/m^2,22:45:46,28/6/17,Day of week:,Wednesday,26.31,Grade Celsius,
0,0.00,W/m^2,22:45:49,28/6/17,Day of week:,Wednesday,26.31,Grade Celsius,
0,0.00,W/m^2,22:45:52,28/6/17,Day of week:,Wednesday,26.31,Grade Celsius,
0,0.00,W/m^2,22:45:55,28/6/17,Day of week:,Wednesday,26.31,Grade Celsius,
0,0.00,W/m^2,22:45:58,28/6/17,Day of week:,Wednesday,26.31,Grade Celsius,
0,0.00,W/m^2,22:46:02,28/6/17,Day of week:,Wednesday,26.31,Grade Celsius,
0,0.00,W/m^2,22:46:05,28/6/17,Day of week:,Wednesday,26.31,Grade Celsius,
0,0.00,W/m^2,22:46:08,28/6/17,Day of week:,Wednesday,26.31,Grade Celsius,
0,0.00,W/m^2,22:46:11,28/6/17,Day of week:,Wednesday,26.31,Grade Celsius,
0,0.00,W/m^2,22:46:14,28/6/17,Day of week:,Wednesday,26.31,Grade Celsius,
0,0.00,W/m^2,22:46:17,28/6/17,Day of week:,Wednesday,26.31,Grade Celsius,
0,0.00,W/m^2,22:46:20,28/6/17,Day of week:,Wednesday,26.25,Grade Celsius,
0,0.00,W/m^2,22:46:23,28/6/17,Day of week:,Wednesday,26.31,Grade Celsius,
0,0.00,W/m^2,22:46:26,28/6/17,Day of week:,Wednesday,26.25,Grade Celsius,
0,0.00,W/m^2,22:46:29,28/6/17,Day of week:,Wednesday,26.25,Grade Celsius,
0,0.00,W/m^2,22:46:32,28/6/17,Day of week:,Wednesday,26.25,Grade Celsius,
0,0.00,W/m^2,22:46:35,28/6/17,Day of week:,Wednesday,26.25,Grade Celsius,
0,0.00,W/m^2,22:46:38,28/6/17,Day of week:,Wednesday,26.25,Grade Celsius,
0,0.00,W/m^2,22:46:41,28/6/17,Day of week:,Wednesday,26.25,Grade Celsius,
0,0.00,W/m^2,22:46:44,28/6/17,Day of week:,Wednesday,26.25,Grade Celsius,
0,0.00,W/m^2,22:46:48,28/6/17,Day of week:,Wednesday,26.25,Grade Celsius,
0,0.00,W/m^2,22:46:51,28/6/17,Day of week:,Wednesday,26.25,Grade Celsius,
0,0.00,W/m^2,22:46:54,28/6/17,Day of week:,Wednesday,26.25,Grade Celsius,
0,0.00,W/m^2,22:46:57,28/6/17,Day of week:,Wednesday,26.25,Grade Celsius,
0,0.00,W/m^2,22:47:00,28/6/17,Day of week:,Wednesday,26.25,Grade Celsius,
0,0.00,W/m^2,22:47:03,28/6/17,Day of week:,Wednesday,26.31,Grade Celsius,
0,0.00,W/m^2,22:47:06,28/6/17,Day of week:,Wednesday,26.31,Grade Celsius,
0,0.00,W/m^2,22:47:09,28/6/17,Day of week:,Wednesday,26.31,Grade Celsius,
0,0.00,W/m^2,22:47:12,28/6/17,Day of week:,Wednesday,26.31,Grade Celsius,
0,0.00,W/m^2,22:47:15,28/6/17,Day of week:,Wednesday,26.31,Grade Celsius,
0,0.00,W/m^2,22:47:18,28/6/17,Day of week:,Wednesday,26.31,Grade Celsius,
0,0.00,W/m^2,22:47:21,28/6/17,Day of week:,Wednesday,26.31,Grade Celsius,
0,0.00,W/m^2,22:47:24,28/6/17,Day of week:,Wednesday,26.25,Grade Celsius,
0,0.00,W/m^2,22:47:27,28/6/17,Day of week:,Wednesday,26.31,Grade Celsius,
0,0.00,W/m^2,22:47:30,28/6/17,Day of week:,Wednesday,26.25,Grade Celsius,
0,0.00,W/m^2,22:47:33,28/6/17,Day of week:,Wednesday,26.31,Grade Celsius,
0,0.00,W/m^2,22:47:37,28/6/17,Day of week:,Wednesday,26.25,Grade Celsius,
0,0.00,W/m^2,22:47:40,28/6/17,Day of week:,Wednesday,26.25,Grade Celsius,
0,0.00,W/m^2,22:47:43,28/6/17,Day of week:,Wednesday,26.25,Grade Celsius,
0,0.00,W/m^2,22:47:46,28/6/17,Day of week:,Wednesday,26.25,Grade Celsius,
0,0.00,W/m^2,22:47:49,28/6/17,Day of week:,Wednesday,26.25,Grade Celsius,
0,0.00,W/m^2,22:47:52,28/6/17,Day of week:,Wednesday,26.25,Grade Celsius,
0,0.00,W/m^2,22:47:55,28/6/17,Day of week:,Wednesday,26.25,Grade Celsius,
0,0.00,W/m^2,22:47:58,28/6/17,Day of week:,Wednesday,26.25,Grade Celsius,
0,0.00,W/m^2,22:48:01,28/6/17,Day of week:,Wednesday,26.31,Grade Celsius,
0,0.00,W/m^2,22:48:04,28/6/17,Day of week:,Wednesday,26.31,Grade Celsius,
0,0.00,W/m^2,22:48:07,28/6/17,Day of week:,Wednesday,26.31,Grade Celsius,
0,0.00,W/m^2,22:48:10,28/6/17,Day of week:,Wednesday,26.31,Grade Celsius,
0,0.00,W/m^2,22:48:13,28/6/17,Day of week:,Wednesday,26.31,Grade Celsius,
0,0.00,W/m^2,22:48:16,28/6/17,Day of week:,Wednesday,26.31,Grade Celsius,
0,0.00,W/m^2,22:48:19,28/6/17,Day of week:,Wednesday,26.31,Grade Celsius,
0,0.00,W/m^2,22:48:22,28/6/17,Day of week:,Wednesday,26.31,Grade Celsius,
0,0.00,W/m^2,22:48:26,28/6/17,Day of week:,Wednesday,26.31,Grade Celsius,
0,0.00,W/m^2,22:48:29,28/6/17,Day of week:,Wednesday,26.31,Grade Celsius,
0,0.00,W/m^2,22:48:32,28/6/17,Day of week:,Wednesday,26.31,Grade Celsius,
0,0.00,W/m^2,22:48:35,28/6/17,Day of week:,Wednesday,26.31,Grade Celsius,
0,0.00,W/m^2,22:48:38,28/6/17,Day of week:,Wednesday,26.31,Grade Celsius,
0,0.00,W/m^2,22:48:41,28/6/17,Day of week:,Wednesday,26.31,Grade Celsius,
0,0.00,W/m^2,22:48:44,28/6/17,Day of week:,Wednesday,26.31,Grade Celsius,
0,0.00,W/m^2,22:48:47,28/6/17,Day of week:,Wednesday,26.31,Grade Celsius,
0,0.00,W/m^2,22:48:50,28/6/17,Day of week:,Wednesday,26.31,Grade Celsius,
0,0.00,W/m^2,22:48:53,28/6/17,Day of week:,Wednesday,26.31,Grade Celsius,
0,0.00,W/m^2,22:48:56,28/6/17,Day of week:,Wednesday,26.31,Grade Celsius,
0,0.00,W/m^2,22:48:59,28/6/17,Day of week:,Wednesday,26.31,Grade Celsius,
0,0.00,W/m^2,22:49:02,28/6/17,Day of week:,Wednesday,26.31,Grade Celsius,
0,0.00,W/m^2,22:49:05,28/6/17,Day of week:,Wednesday,26.31,Grade Celsius,
0,0.00,W/m^2,22:49:08,28/6/17,Day of week:,Wednesday,26.25,Grade Celsius,
0,0.00,W/m^2,22:49:11,28/6/17,Day of week:,Wednesday,26.25,Grade Celsius,
0,0.00,W/m^2,22:49:15,28/6/17,Day of week:,Wednesday,26.25,Grade Celsius,
0,0.00,W/m^2,22:49:18,28/6/17,Day of week:,Wednesday,26.25,Grade Celsius,
0,0.00,W/m^2,22:49:21,28/6/17,Day of week:,Wednesday,26.25,Grade Celsius,
0,0.00,W/m^2,22:49:24,28/6/17,Day of week:,Wednesday,26.25,Grade Celsius,
0,0.00,W/m^2,22:49:27,28/6/17,Day of week:,Wednesday,26.25,Grade Celsius,
0,0.00,W/m^2,22:49:30,28/6/17,Day of week:,Wednesday,26.25,Grade Celsius,
0,0.00,W/m^2,22:49:33,28/6/17,Day of week:,Wednesday,26.25,Grade Celsius,
0,0.00,W/m^2,22:49:36,28/6/17,Day of week:,Wednesday,26.25,Grade Celsius,
0,0.00,W/m^2,22:49:39,28/6/17,Day of week:,Wednesday,26.25,Grade Celsius,
0,0.00,W/m^2,22:49:42,28/6/17,Day of week:,Wednesday,26.25,Grade Celsius,
0,0.00,W/m^2,22:49:45,28/6/17,Day of week:,Wednesday,26.19,Grade Celsius,
0,0.00,W/m^2,22:49:48,28/6/17,Day of week:,Wednesday,26.25,Grade Celsius,
0,0.00,W/m^2,22:49:51,28/6/17,Day of week:,Wednesday,26.25,Grade Celsius,
0,0.00,W/m^2,22:49:54,28/6/17,Day of week:,Wednesday,26.25,Grade Celsius,
0,0.00,W/m^2,22:49:57,28/6/17,Day of week:,Wednesday,26.25,Grade Celsius,
0,0.00,W/m^2,22:50:01,28/6/17,Day of week:,Wednesday,26.19,Grade Celsius,
0,0.00,W/m^2,22:50:04,28/6/17,Day of week:,Wednesday,26.19,Grade Celsius,
0,0.00,W/m^2,22:50:07,28/6/17,Day of week:,Wednesday,26.25,Grade Celsius,
0,0.00,W/m^2,22:50:10,28/6/17,Day of week:,Wednesday,26.19,Grade Celsius,
0,0.00,W/m^2,22:50:13,28/6/17,Day of week:,Wednesday,26.19,Grade Celsius,
0,0.00,W/m^2,22:50:16,28/6/17,Day of week:,Wednesday,26.25,Grade Celsius,
0,0.00,W/m^2,22:50:19,28/6/17,Day of week:,Wednesday,26.25,Grade Celsius,
0,0.00,W/m^2,22:50:22,28/6/17,Day of week:,Wednesday,26.19,Grade Celsius,
0,0.00,W/m^2,22:50:25,28/6/17,Day of week:,Wednesday,26.19,Grade Celsius,
0,0.00,W/m^2,22:50:28,28/6/17,Day of week:,Wednesday,26.19,Grade Celsius,
0,0.00,W/m^2,22:50:31,28/6/17,Day of week:,Wednesday,26.19,Grade Celsius,
0,0.00,W/m^2,22:50:34,28/6/17,Day of week:,Wednesday,26.19,Grade Celsius,
0,0.00,W/m^2,22:50:37,28/6/17,Day of week:,Wednesday,26.19,Grade Celsius,
0,0.00,W/m^2,22:50:40,28/6/17,Day of week:,Wednesday,26.25,Grade Celsius,
0,0.00,W/m^2,22:50:43,28/6/17,Day of week:,Wednesday,26.25,Grade Celsius,
0,0.00,W/m^2,22:50:47,28/6/17,Day of week:,Wednesday,26.19,Grade Celsius,
0,0.00,W/m^2,22:50:50,28/6/17,Day of week:,Wednesday,26.25,Grade Celsius,
0,0.00,W/m^2,22:50:53,28/6/17,Day of week:,Wednesday,26.25,Grade Celsius,
0,0.00,W/m^2,22:50:56,28/6/17,Day of week:,Wednesday,26.25,Grade Celsius,
0,0.00,W/m^2,22:50:59,28/6/17,Day of week:,Wednesday,26.25,Grade Celsius,
0,0.00,W/m^2,22:51:02,28/6/17,Day of week:,Wednesday,26.19,Grade Celsius,
0,0.00,W/m^2,22:51:05,28/6/17,Day of week:,Wednesday,26.19,Grade Celsius,
0,0.00,W/m^2,22:51:08,28/6/17,Day of week:,Wednesday,26.19,Grade Celsius,
0,0.00,W/m^2,22:51:11,28/6/17,Day of week:,Wednesday,26.19,Grade Celsius,
0,0.00,W/m^2,22:51:14,28/6/17,Day of week:,Wednesday,26.19,Grade Celsius,
0,0.00,W/m^2,22:51:17,28/6/17,Day of week:,Wednesday,26.19,Grade Celsius,
0,0.00,W/m^2,22:51:20,28/6/17,Day of week:,Wednesday,26.19,Grade Celsius,
0,0.00,W/m^2,22:51:23,28/6/17,Day of week:,Wednesday,26.25,Grade Celsius,
0,0.00,W/m^2,22:51:26,28/6/17,Day of week:,Wednesday,26.25,Grade Celsius,
0,0.00,W/m^2,22:51:29,28/6/17,Day of week:,Wednesday,26.25,Grade Celsius,
0,0.00,W/m^2,22:51:32,28/6/17,Day of week:,Wednesday,26.25,Grade Celsius,
0,0.00,W/m^2,22:51:36,28/6/17,Day of week:,Wednesday,26.25,Grade Celsius,
0,0.00,W/m^2,22:51:39,28/6/17,Day of week:,Wednesday,26.25,Grade Celsius,
0,0.00,W/m^2,22:51:42,28/6/17,Day of week:,Wednesday,26.25,Grade Celsius,
0,0.00,W/m^2,22:51:45,28/6/17,Day of week:,Wednesday,26.25,Grade Celsius,
0,0.00,W/m^2,22:51:48,28/6/17,Day of week:,Wednesday,26.25,Grade Celsius,
0,0.00,W/m^2,22:51:51,28/6/17,Day of week:,Wednesday,26.25,Grade Celsius,
0,0.00,W/m^2,22:51:54,28/6/17,Day of week:,Wednesday,26.25,Grade Celsius,
0,0.00,W/m^2,22:51:57,28/6/17,Day of week:,Wednesday,26.31,Grade Celsius,
0,0.00,W/m^2,22:52:00,28/6/17,Day of week:,Wednesday,26.31,Grade Celsius,
0,0.00,W/m^2,22:52:03,28/6/17,Day of week:,Wednesday,26.31,Grade Celsius,
0,0.00,W/m^2,22:52:06,28/6/17,Day of week:,Wednesday,26.31,Grade Celsius,
0,0.00,W/m^2,22:52:09,28/6/17,Day of week:,Wednesday,26.31,Grade Celsius,
0,0.00,W/m^2,22:52:12,28/6/17,Day of week:,Wednesday,26.31,Grade Celsius,
0,0.00,W/m^2,22:52:16,28/6/17,Day of week:,Wednesday,26.31,Grade Celsius,
0,0.00,W/m^2,22:52:19,28/6/17,Day of week:,Wednesday,26.31,Grade Celsius,
0,0.00,W/m^2,22:52:22,28/6/17,Day of week:,Wednesday,26.31,Grade Celsius,
0,0.00,W/m^2,22:52:25,28/6/17,Day of week:,Wednesday,26.37,Grade Celsius,
0,0.00,W/m^2,22:52:28,28/6/17,Day of week:,Wednesday,26.31,Grade Celsius,
0,0.00,W/m^2,22:52:31,28/6/17,Day of week:,Wednesday,26.31,Grade Celsius,
0,0.00,W/m^2,22:52:34,28/6/17,Day of week:,Wednesday,26.37,Grade Celsius,
0,0.00,W/m^2,22:52:37,28/6/17,Day of week:,Wednesday,26.31,Grade Celsius,
0,0.00,W/m^2,22:52:40,28/6/17,Day of week:,Wednesday,26.31,Grade Celsius,
0,0.00,W/m^2,22:52:43,28/6/17,Day of week:,Wednesday,26.37,Grade Celsius,
0,0.00,W/m^2,22:52:46,28/6/17,Day of week:,Wednesday,26.37,Grade Celsius,
0,0.00,W/m^2,22:52:49,28/6/17,Day of week:,Wednesday,26.37,Grade Celsius,
0,0.00,W/m^2,22:52:52,28/6/17,Day of week:,Wednesday,26.44,Grade Celsius,
0,0.00,W/m^2,22:52:55,28/6/17,Day of week:,Wednesday,26.37,Grade Celsius,
0,0.00,W/m^2,22:52:58,28/6/17,Day of week:,Wednesday,26.44,Grade Celsius,
0,0.00,W/m^2,22:53:01,28/6/17,Day of week:,Wednesday,26.37,Grade Celsius,
0,0.00,W/m^2,22:53:05,28/6/17,Day of week:,Wednesday,26.37,Grade Celsius,
0,0.00,W/m^2,22:53:08,28/6/17,Day of week:,Wednesday,26.37,Grade Celsius,
0,0.00,W/m^2,22:53:11,28/6/17,Day of week:,Wednesday,26.37,Grade Celsius,
0,0.00,W/m^2,22:53:14,28/6/17,Day of week:,Wednesday,26.37,Grade Celsius,
0,0.00,W/m^2,22:53:17,28/6/17,Day of week:,Wednesday,26.37,Grade Celsius,
0,0.00,W/m^2,22:53:20,28/6/17,Day of week:,Wednesday,26.37,Grade Celsius,
0,0.00,W/m^2,22:53:23,28/6/17,Day of week:,Wednesday,26.37,Grade Celsius,
0,0.00,W/m^2,22:53:26,28/6/17,Day of week:,Wednesday,26.44,Grade Celsius,
0,0.00,W/m^2,22:53:29,28/6/17,Day of week:,Wednesday,26.44,Grade Celsius,
0,0.00,W/m^2,22:53:32,28/6/17,Day of week:,Wednesday,26.44,Grade Celsius,
0,0.00,W/m^2,22:53:35,28/6/17,Day of week:,Wednesday,26.37,Grade Celsius,
0,0.00,W/m^2,22:53:38,28/6/17,Day of week:,Wednesday,26.44,Grade Celsius,
0,0.00,W/m^2,22:53:41,28/6/17,Day of week:,Wednesday,26.37,Grade Celsius,
0,0.00,W/m^2,22:53:44,28/6/17,Day of week:,Wednesday,26.37,Grade Celsius,
0,0.00,W/m^2,22:53:47,28/6/17,Day of week:,Wednesday,26.37,Grade Celsius,
0,0.00,W/m^2,22:53:50,28/6/17,Day of week:,Wednesday,26.37,Grade Celsius,
0,0.00,W/m^2,22:53:54,28/6/17,Day of week:,Wednesday,26.37,Grade Celsius,
0,0.00,W/m^2,22:53:57,28/6/17,Day of week:,Wednesday,26.44,Grade Celsius,
0,0.00,W/m^2,22:54:00,28/6/17,Day of week:,Wednesday,26.44,Grade Celsius,
0,0.00,W/m^2,22:54:03,28/6/17,Day of week:,Wednesday,26.37,Grade Celsius,
0,0.00,W/m^2,22:54:06,28/6/17,Day of week:,Wednesday,26.37,Grade Celsius,
0,0.00,W/m^2,22:54:09,28/6/17,Day of week:,Wednesday,26.37,Grade Celsius,
0,0.00,W/m^2,22:54:12,28/6/17,Day of week:,Wednesday,26.37,Grade Celsius,
0,0.00,W/m^2,22:54:15,28/6/17,Day of week:,Wednesday,26.37,Grade Celsius,
0,0.00,W/m^2,22:54:18,28/6/17,Day of week:,Wednesday,26.37,Grade Celsius,
0,0.00,W/m^2,22:54:21,28/6/17,Day of week:,Wednesday,26.37,Grade Celsius,
0,0.00,W/m^2,22:54:24,28/6/17,Day of week:,Wednesday,26.37,Grade Celsius,
0,0.00,W/m^2,22:54:27,28/6/17,Day of week:,Wednesday,26.37,Grade Celsius,
0,0.00,W/m^2,22:54:30,28/6/17,Day of week:,Wednesday,26.37,Grade Celsius,
0,0.00,W/m^2,22:54:33,28/6/17,Day of week:,Wednesday,26.44,Grade Celsius,
0,0.00,W/m^2,22:54:36,28/6/17,Day of week:,Wednesday,26.44,Grade Celsius,
0,0.00,W/m^2,22:54:40,28/6/17,Day of week:,Wednesday,26.44,Grade Celsius,
0,0.00,W/m^2,22:54:43,28/6/17,Day of week:,Wednesday,26.44,Grade Celsius,
0,0.00,W/m^2,22:54:46,28/6/17,Day of week:,Wednesday,26.44,Grade Celsius,
0,0.00,W/m^2,22:54:49,28/6/17,Day of week:,Wednesday,26.44,Grade Celsius,
0,0.00,W/m^2,22:54:52,28/6/17,Day of week:,Wednesday,26.44,Grade Celsius,
0,0.00,W/m^2,22:54:55,28/6/17,Day of week:,Wednesday,26.44,Grade Celsius,
0,0.00,W/m^2,22:54:58,28/6/17,Day of week:,Wednesday,26.44,Grade Celsius,
0,0.00,W/m^2,22:55:01,28/6/17,Day of week:,Wednesday,26.44,Grade Celsius,
0,0.00,W/m^2,22:55:04,28/6/17,Day of week:,Wednesday,26.44,Grade Celsius,
0,0.00,W/m^2,22:55:07,28/6/17,Day of week:,Wednesday,26.44,Grade Celsius,
0,0.00,W/m^2,22:55:10,28/6/17,Day of week:,Wednesday,26.37,Grade Celsius,
0,0.00,W/m^2,22:55:13,28/6/17,Day of week:,Wednesday,26.37,Grade Celsius,
0,0.00,W/m^2,22:55:16,28/6/17,Day of week:,Wednesday,26.37,Grade Celsius,
0,0.00,W/m^2,22:55:19,28/6/17,Day of week:,Wednesday,26.37,Grade Celsius,
0,0.00,W/m^2,22:55:22,28/6/17,Day of week:,Wednesday,26.37,Grade Celsius,
0,0.00,W/m^2,22:55:25,28/6/17,Day of week:,Wednesday,26.37,Grade Celsius,
0,0.00,W/m^2,22:55:29,28/6/17,Day of week:,Wednesday,26.37,Grade Celsius,
0,0.00,W/m^2,22:55:32,28/6/17,Day of week:,Wednesday,26.37,Grade Celsius,
0,0.00,W/m^2,22:55:35,28/6/17,Day of week:,Wednesday,26.37,Grade Celsius,
0,0.00,W/m^2,22:55:38,28/6/17,Day of week:,Wednesday,26.37,Grade Celsius,
0,0.00,W/m^2,22:55:41,28/6/17,Day of week:,Wednesday,26.37,Grade Celsius,
0,0.00,W/m^2,22:55:44,28/6/17,Day of week:,Wednesday,26.37,Grade Celsius,
0,0.00,W/m^2,22:55:47,28/6/17,Day of week:,Wednesday,26.37,Grade Celsius,
0,0.00,W/m^2,22:55:50,28/6/17,Day of week:,Wednesday,26.44,Grade Celsius,
0,0.00,W/m^2,22:55:53,28/6/17,Day of week:,Wednesday,26.44,Grade Celsius,
0,0.00,W/m^2,22:55:56,28/6/17,Day of week:,Wednesday,26.44,Grade Celsius,
0,0.00,W/m^2,22:55:59,28/6/17,Day of week:,Wednesday,26.44,Grade Celsius,
0,0.00,W/m^2,22:56:02,28/6/17,Day of week:,Wednesday,26.37,Grade Celsius,
0,0.00,W/m^2,22:56:05,28/6/17,Day of week:,Wednesday,26.37,Grade Celsius,
0,0.00,W/m^2,22:56:08,28/6/17,Day of week:,Wednesday,26.37,Grade Celsius,
0,0.00,W/m^2,22:56:11,28/6/17,Day of week:,Wednesday,26.37,Grade Celsius,
0,0.00,W/m^2,22:56:15,28/6/17,Day of week:,Wednesday,26.37,Grade Celsius,
0,0.00,W/m^2,22:56:18,28/6/17,Day of week:,Wednesday,26.37,Grade Celsius,
0,0.00,W/m^2,22:56:21,28/6/17,Day of week:,Wednesday,26.37,Grade Celsius,
0,0.00,W/m^2,22:56:24,28/6/17,Day of week:,Wednesday,26.37,Grade Celsius,
0,0.00,W/m^2,22:56:27,28/6/17,Day of week:,Wednesday,26.31,Grade Celsius,
0,0.00,W/m^2,22:56:30,28/6/17,Day of week:,Wednesday,26.31,Grade Celsius,
0,0.00,W/m^2,22:56:33,28/6/17,Day of week:,Wednesday,26.31,Grade Celsius,
0,0.00,W/m^2,22:56:36,28/6/17,Day of week:,Wednesday,26.31,Grade Celsius,
0,0.00,W/m^2,22:56:39,28/6/17,Day of week:,Wednesday,26.31,Grade Celsius,
0,0.00,W/m^2,22:56:42,28/6/17,Day of week:,Wednesday,26.31,Grade Celsius,
0,0.00,W/m^2,22:56:45,28/6/17,Day of week:,Wednesday,26.31,Grade Celsius,
0,0.00,W/m^2,22:56:48,28/6/17,Day of week:,Wednesday,26.31,Grade Celsius,
0,0.00,W/m^2,22:56:51,28/6/17,Day of week:,Wednesday,26.31,Grade Celsius,
0,0.00,W/m^2,22:56:54,28/6/17,Day of week:,Wednesday,26.37,Grade Celsius,
0,0.00,W/m^2,22:56:57,28/6/17,Day of week:,Wednesday,26.31,Grade Celsius,
0,0.00,W/m^2,22:57:00,28/6/17,Day of week:,Wednesday,26.31,Grade Celsius,
0,0.00,W/m^2,22:57:04,28/6/17,Day of week:,Wednesday,26.31,Grade Celsius,
0,0.00,W/m^2,22:57:07,28/6/17,Day of week:,Wednesday,26.37,Grade Celsius,
0,0.00,W/m^2,22:57:10,28/6/17,Day of week:,Wednesday,26.37,Grade Celsius,
0,0.00,W/m^2,22:57:13,28/6/17,Day of week:,Wednesday,26.37,Grade Celsius,
0,0.00,W/m^2,22:57:16,28/6/17,Day of week:,Wednesday,26.31,Grade Celsius,
0,0.00,W/m^2,22:57:19,28/6/17,Day of week:,Wednesday,26.31,Grade Celsius,
0,0.00,W/m^2,22:57:22,28/6/17,Day of week:,Wednesday,26.31,Grade Celsius,
0,0.00,W/m^2,22:57:25,28/6/17,Day of week:,Wednesday,26.31,Grade Celsius,
0,0.00,W/m^2,22:57:28,28/6/17,Day of week:,Wednesday,26.31,Grade Celsius,
0,0.00,W/m^2,22:57:31,28/6/17,Day of week:,Wednesday,26.25,Grade Celsius,
0,0.00,W/m^2,22:57:34,28/6/17,Day of week:,Wednesday,26.25,Grade Celsius,
0,0.00,W/m^2,22:57:37,28/6/17,Day of week:,Wednesday,26.25,Grade Celsius,
0,0.00,W/m^2,22:57:40,28/6/17,Day of week:,Wednesday,26.25,Grade Celsius,
0,0.00,W/m^2,22:57:43,28/6/17,Day of week:,Wednesday,26.25,Grade Celsius,
0,0.00,W/m^2,22:57:47,28/6/17,Day of week:,Wednesday,26.25,Grade Celsius,
0,0.00,W/m^2,22:57:50,28/6/17,Day of week:,Wednesday,26.25,Grade Celsius,
0,0.00,W/m^2,22:57:53,28/6/17,Day of week:,Wednesday,26.25,Grade Celsius,
0,0.00,W/m^2,22:57:56,28/6/17,Day of week:,Wednesday,26.25,Grade Celsius,
0,0.00,W/m^2,22:57:59,28/6/17,Day of week:,Wednesday,26.19,Grade Celsius,
0,0.00,W/m^2,22:58:02,28/6/17,Day of week:,Wednesday,26.19,Grade Celsius,
0,0.00,W/m^2,22:58:05,28/6/17,Day of week:,Wednesday,26.19,Grade Celsius,
0,0.00,W/m^2,22:58:08,28/6/17,Day of week:,Wednesday,26.19,Grade Celsius,
0,0.00,W/m^2,22:58:11,28/6/17,Day of week:,Wednesday,26.12,Grade Celsius,
0,0.00,W/m^2,22:58:14,28/6/17,Day of week:,Wednesday,26.12,Grade Celsius,
0,0.00,W/m^2,22:58:17,28/6/17,Day of week:,Wednesday,26.12,Grade Celsius,
0,0.00,W/m^2,22:58:20,28/6/17,Day of week:,Wednesday,26.06,Grade Celsius,
0,0.00,W/m^2,22:58:23,28/6/17,Day of week:,Wednesday,26.06,Grade Celsius,
0,0.00,W/m^2,22:58:26,28/6/17,Day of week:,Wednesday,26.06,Grade Celsius,
0,0.00,W/m^2,22:58:29,28/6/17,Day of week:,Wednesday,26.06,Grade Celsius,
0,0.00,W/m^2,22:58:32,28/6/17,Day of week:,Wednesday,26.06,Grade Celsius,
0,0.00,W/m^2,22:58:36,28/6/17,Day of week:,Wednesday,26.06,Grade Celsius,
0,0.00,W/m^2,22:58:39,28/6/17,Day of week:,Wednesday,26.06,Grade Celsius,
0,0.00,W/m^2,22:58:42,28/6/17,Day of week:,Wednesday,26.06,Grade Celsius,
0,0.00,W/m^2,22:58:45,28/6/17,Day of week:,Wednesday,26.06,Grade Celsius,
0,0.00,W/m^2,22:58:48,28/6/17,Day of week:,Wednesday,26.06,Grade Celsius,
0,0.00,W/m^2,22:58:51,28/6/17,Day of week:,Wednesday,26.12,Grade Celsius,
0,0.00,W/m^2,22:58:54,28/6/17,Day of week:,Wednesday,26.06,Grade Celsius,
0,0.00,W/m^2,22:58:57,28/6/17,Day of week:,Wednesday,26.06,Grade Celsius,
0,0.00,W/m^2,22:59:00,28/6/17,Day of week:,Wednesday,26.06,Grade Celsius,
0,0.00,W/m^2,22:59:03,28/6/17,Day of week:,Wednesday,26.06,Grade Celsius,
0,0.00,W/m^2,22:59:06,28/6/17,Day of week:,Wednesday,26.06,Grade Celsius,
0,0.00,W/m^2,22:59:09,28/6/17,Day of week:,Wednesday,26.12,Grade Celsius,
0,0.00,W/m^2,22:59:12,28/6/17,Day of week:,Wednesday,26.06,Grade Celsius,
0,0.00,W/m^2,22:59:15,28/6/17,Day of week:,Wednesday,26.12,Grade Celsius,
0,0.00,W/m^2,22:59:18,28/6/17,Day of week:,Wednesday,26.12,Grade Celsius,
0,0.00,W/m^2,22:59:22,28/6/17,Day of week:,Wednesday,26.12,Grade Celsius,
0,0.00,W/m^2,22:59:25,28/6/17,Day of week:,Wednesday,26.19,Grade Celsius,
0,0.00,W/m^2,22:59:28,28/6/17,Day of week:,Wednesday,26.19,Grade Celsius,
0,0.00,W/m^2,22:59:31,28/6/17,Day of week:,Wednesday,26.19,Grade Celsius,
0,0.00,W/m^2,22:59:34,28/6/17,Day of week:,Wednesday,26.19,Grade Celsius,
0,0.00,W/m^2,22:59:37,28/6/17,Day of week:,Wednesday,26.19,Grade Celsius,
0,0.00,W/m^2,22:59:40,28/6/17,Day of week:,Wednesday,26.19,Grade Celsius,
0,0.00,W/m^2,22:59:43,28/6/17,Day of week:,Wednesday,26.19,Grade Celsius,
0,0.00,W/m^2,22:59:46,28/6/17,Day of week:,Wednesday,26.19,Grade Celsius,
0,0.00,W/m^2,22:59:49,28/6/17,Day of week:,Wednesday,26.19,Grade Celsius,
0,0.00,W/m^2,22:59:52,28/6/17,Day of week:,Wednesday,26.19,Grade Celsius,
0,0.00,W/m^2,22:59:55,28/6/17,Day of week:,Wednesday,26.12,Grade Celsius,
0,0.00,W/m^2,22:59:58,28/6/17,Day of week:,Wednesday,26.12,Grade Celsius,
0,0.00,W/m^2,23:00:01,28/6/17,Day of week:,Wednesday,26.12,Grade Celsius,
0,0.00,W/m^2,23:00:04,28/6/17,Day of week:,Wednesday,26.06,Grade Celsius,
0,0.00,W/m^2,23:00:07,28/6/17,Day of week:,Wednesday,26.12,Grade Celsius,
0,0.00,W/m^2,23:00:11,28/6/17,Day of week:,Wednesday,26.12,Grade Celsius,
0,0.00,W/m^2,23:00:14,28/6/17,Day of week:,Wednesday,26.12,Grade Celsius,
0,0.00,W/m^2,23:00:17,28/6/17,Day of week:,Wednesday,26.06,Grade Celsius,
0,0.00,W/m^2,23:00:20,28/6/17,Day of week:,Wednesday,26.06,Grade Celsius,
0,0.00,W/m^2,23:00:23,28/6/17,Day of week:,Wednesday,26.06,Grade Celsius,
0,0.00,W/m^2,23:00:26,28/6/17,Day of week:,Wednesday,26.06,Grade Celsius,
0,0.00,W/m^2,23:00:29,28/6/17,Day of week:,Wednesday,26.06,Grade Celsius,
0,0.00,W/m^2,23:00:32,28/6/17,Day of week:,Wednesday,26.06,Grade Celsius,
0,0.00,W/m^2,23:00:35,28/6/17,Day of week:,Wednesday,26.06,Grade Celsius,
0,0.00,W/m^2,23:00:38,28/6/17,Day of week:,Wednesday,26.00,Grade Celsius,
0,0.00,W/m^2,23:00:41,28/6/17,Day of week:,Wednesday,26.00,Grade Celsius,
0,0.00,W/m^2,23:00:44,28/6/17,Day of week:,Wednesday,26.00,Grade Celsius,
0,0.00,W/m^2,23:00:47,28/6/17,Day of week:,Wednesday,26.00,Grade Celsius,
0,0.00,W/m^2,23:00:50,28/6/17,Day of week:,Wednesday,26.00,Grade Celsius,
0,0.00,W/m^2,23:00:53,28/6/17,Day of week:,Wednesday,26.06,Grade Celsius,
0,0.00,W/m^2,23:00:56,28/6/17,Day of week:,Wednesday,26.06,Grade Celsius,
0,0.00,W/m^2,23:01:00,28/6/17,Day of week:,Wednesday,26.06,Grade Celsius,
0,0.00,W/m^2,23:01:03,28/6/17,Day of week:,Wednesday,26.06,Grade Celsius,
0,0.00,W/m^2,23:01:06,28/6/17,Day of week:,Wednesday,26.06,Grade Celsius,
0,0.00,W/m^2,23:01:09,28/6/17,Day of week:,Wednesday,26.06,Grade Celsius,
0,0.00,W/m^2,23:01:12,28/6/17,Day of week:,Wednesday,26.06,Grade Celsius,
0,0.00,W/m^2,23:01:15,28/6/17,Day of week:,Wednesday,26.06,Grade Celsius,
0,0.00,W/m^2,23:01:18,28/6/17,Day of week:,Wednesday,26.06,Grade Celsius,
0,0.00,W/m^2,23:01:21,28/6/17,Day of week:,Wednesday,26.06,Grade Celsius,
0,0.00,W/m^2,23:01:24,28/6/17,Day of week:,Wednesday,26.06,Grade Celsius,
0,0.00,W/m^2,23:01:27,28/6/17,Day of week:,Wednesday,26.06,Grade Celsius,
0,0.00,W/m^2,23:01:30,28/6/17,Day of week:,Wednesday,26.06,Grade Celsius,
0,0.00,W/m^2,23:01:33,28/6/17,Day of week:,Wednesday,26.06,Grade Celsius,
0,0.00,W/m^2,23:01:36,28/6/17,Day of week:,Wednesday,26.06,Grade Celsius,
0,0.00,W/m^2,23:01:39,28/6/17,Day of week:,Wednesday,26.06,Grade Celsius,
0,0.00,W/m^2,23:01:42,28/6/17,Day of week:,Wednesday,26.06,Grade Celsius,
0,0.00,W/m^2,23:01:45,28/6/17,Day of week:,Wednesday,26.06,Grade Celsius,
0,0.00,W/m^2,23:01:49,28/6/17,Day of week:,Wednesday,26.12,Grade Celsius,
0,0.00,W/m^2,23:01:52,28/6/17,Day of week:,Wednesday,26.12,Grade Celsius,
0,0.00,W/m^2,23:01:55,28/6/17,Day of week:,Wednesday,26.12,Grade Celsius,
0,0.00,W/m^2,23:01:58,28/6/17,Day of week:,Wednesday,26.12,Grade Celsius,
0,0.00,W/m^2,23:02:01,28/6/17,Day of week:,Wednesday,26.12,Grade Celsius,
0,0.00,W/m^2,23:02:04,28/6/17,Day of week:,Wednesday,26.12,Grade Celsius,
0,0.00,W/m^2,23:02:07,28/6/17,Day of week:,Wednesday,26.12,Grade Celsius,
0,0.00,W/m^2,23:02:10,28/6/17,Day of week:,Wednesday,26.12,Grade Celsius,
0,0.00,W/m^2,23:02:13,28/6/17,Day of week:,Wednesday,26.12,Grade Celsius,
0,0.00,W/m^2,23:02:16,28/6/17,Day of week:,Wednesday,26.12,Grade Celsius,
0,0.00,W/m^2,23:02:19,28/6/17,Day of week:,Wednesday,26.12,Grade Celsius,
0,0.00,W/m^2,23:02:22,28/6/17,Day of week:,Wednesday,26.06,Grade Celsius,
0,0.00,W/m^2,23:02:25,28/6/17,Day of week:,Wednesday,26.06,Grade Celsius,
0,0.00,W/m^2,23:02:28,28/6/17,Day of week:,Wednesday,26.12,Grade Celsius,
0,0.00,W/m^2,23:02:31,28/6/17,Day of week:,Wednesday,26.12,Grade Celsius,
0,0.00,W/m^2,23:02:35,28/6/17,Day of week:,Wednesday,26.12,Grade Celsius,
0,0.00,W/m^2,23:02:38,28/6/17,Day of week:,Wednesday,26.12,Grade Celsius,
0,0.00,W/m^2,23:02:41,28/6/17,Day of week:,Wednesday,26.12,Grade Celsius,
0,0.00,W/m^2,23:02:44,28/6/17,Day of week:,Wednesday,26.12,Grade Celsius,
0,0.00,W/m^2,23:02:47,28/6/17,Day of week:,Wednesday,26.06,Grade Celsius,
0,0.00,W/m^2,23:02:50,28/6/17,Day of week:,Wednesday,26.12,Grade Celsius,
0,0.00,W/m^2,23:02:53,28/6/17,Day of week:,Wednesday,26.12,Grade Celsius,
0,0.00,W/m^2,23:02:56,28/6/17,Day of week:,Wednesday,26.12,Grade Celsius,
0,0.00,W/m^2,23:02:59,28/6/17,Day of week:,Wednesday,26.06,Grade Celsius,
0,0.00,W/m^2,23:03:02,28/6/17,Day of week:,Wednesday,26.12,Grade Celsius,
0,0.00,W/m^2,23:03:05,28/6/17,Day of week:,Wednesday,26.06,Grade Celsius,
0,0.00,W/m^2,23:03:08,28/6/17,Day of week:,Wednesday,26.06,Grade Celsius,
0,0.00,W/m^2,23:03:11,28/6/17,Day of week:,Wednesday,26.06,Grade Celsius,
0,0.00,W/m^2,23:03:14,28/6/17,Day of week:,Wednesday,26.06,Grade Celsius,
0,0.00,W/m^2,23:03:18,28/6/17,Day of week:,Wednesday,26.06,Grade Celsius,
0,0.00,W/m^2,23:03:21,28/6/17,Day of week:,Wednesday,26.06,Grade Celsius,
0,0.00,W/m^2,23:03:24,28/6/17,Day of week:,Wednesday,26.06,Grade Celsius,
0,0.00,W/m^2,23:03:27,28/6/17,Day of week:,Wednesday,26.06,Grade Celsius,
0,0.00,W/m^2,23:03:30,28/6/17,Day of week:,Wednesday,26.06,Grade Celsius,
0,0.00,W/m^2,23:03:33,28/6/17,Day of week:,Wednesday,26.06,Grade Celsius,
0,0.00,W/m^2,23:03:36,28/6/17,Day of week:,Wednesday,26.06,Grade Celsius,
0,0.00,W/m^2,23:03:39,28/6/17,Day of week:,Wednesday,26.06,Grade Celsius,
0,0.00,W/m^2,23:03:42,28/6/17,Day of week:,Wednesday,26.06,Grade Celsius,
0,0.00,W/m^2,23:03:45,28/6/17,Day of week:,Wednesday,26.06,Grade Celsius,
0,0.00,W/m^2,23:03:48,28/6/17,Day of week:,Wednesday,26.06,Grade Celsius,
0,0.00,W/m^2,23:03:51,28/6/17,Day of week:,Wednesday,26.06,Grade Celsius,
0,0.00,W/m^2,23:03:54,28/6/17,Day of week:,Wednesday,26.06,Grade Celsius,
0,0.00,W/m^2,23:03:57,28/6/17,Day of week:,Wednesday,26.06,Grade Celsius,
0,0.00,W/m^2,23:04:00,28/6/17,Day of week:,Wednesday,26.06,Grade Celsius,
0,0.00,W/m^2,23:04:04,28/6/17,Day of week:,Wednesday,26.06,Grade Celsius,
0,0.00,W/m^2,23:04:07,28/6/17,Day of week:,Wednesday,26.06,Grade Celsius,
0,0.00,W/m^2,23:04:10,28/6/17,Day of week:,Wednesday,26.06,Grade Celsius,
0,0.00,W/m^2,23:04:13,28/6/17,Day of week:,Wednesday,26.06,Grade Celsius,
0,0.00,W/m^2,23:04:16,28/6/17,Day of week:,Wednesday,26.06,Grade Celsius,
0,0.00,W/m^2,23:04:19,28/6/17,Day of week:,Wednesday,26.06,Grade Celsius,
0,0.00,W/m^2,23:04:22,28/6/17,Day of week:,Wednesday,26.12,Grade Celsius,
0,0.00,W/m^2,23:04:25,28/6/17,Day of week:,Wednesday,26.12,Grade Celsius,
0,0.00,W/m^2,23:04:28,28/6/17,Day of week:,Wednesday,26.12,Grade Celsius,
0,0.00,W/m^2,23:04:31,28/6/17,Day of week:,Wednesday,26.12,Grade Celsius,
0,0.00,W/m^2,23:04:34,28/6/17,Day of week:,Wednesday,26.12,Grade Celsius,
0,0.00,W/m^2,23:04:37,28/6/17,Day of week:,Wednesday,26.12,Grade Celsius,
0,0.00,W/m^2,23:04:40,28/6/17,Day of week:,Wednesday,26.12,Grade Celsius,
0,0.00,W/m^2,23:04:43,28/6/17,Day of week:,Wednesday,26.12,Grade Celsius,
0,0.00,W/m^2,23:04:46,28/6/17,Day of week:,Wednesday,26.06,Grade Celsius,
0,0.00,W/m^2,23:04:50,28/6/17,Day of week:,Wednesday,26.12,Grade Celsius,
0,0.00,W/m^2,23:04:53,28/6/17,Day of week:,Wednesday,26.12,Grade Celsius,
0,0.00,W/m^2,23:04:56,28/6/17,Day of week:,Wednesday,26.06,Grade Celsius,
0,0.00,W/m^2,23:04:59,28/6/17,Day of week:,Wednesday,26.06,Grade Celsius,
0,0.00,W/m^2,23:05:02,28/6/17,Day of week:,Wednesday,26.06,Grade Celsius,
0,0.00,W/m^2,23:05:05,28/6/17,Day of week:,Wednesday,26.06,Grade Celsius,
0,0.00,W/m^2,23:05:08,28/6/17,Day of week:,Wednesday,26.00,Grade Celsius,
0,0.00,W/m^2,23:05:11,28/6/17,Day of week:,Wednesday,26.00,Grade Celsius,
0,0.00,W/m^2,23:05:14,28/6/17,Day of week:,Wednesday,26.00,Grade Celsius,
0,0.00,W/m^2,23:05:17,28/6/17,Day of week:,Wednesday,26.00,Grade Celsius,
0,0.00,W/m^2,23:05:20,28/6/17,Day of week:,Wednesday,26.00,Grade Celsius,
0,0.00,W/m^2,23:05:23,28/6/17,Day of week:,Wednesday,26.00,Grade Celsius,
0,0.00,W/m^2,23:05:26,28/6/17,Day of week:,Wednesday,26.00,Grade Celsius,
0,0.00,W/m^2,23:05:29,28/6/17,Day of week:,Wednesday,26.00,Grade Celsius,
0,0.00,W/m^2,23:05:32,28/6/17,Day of week:,Wednesday,26.00,Grade Celsius,
0,0.00,W/m^2,23:05:35,28/6/17,Day of week:,Wednesday,26.00,Grade Celsius,
0,0.00,W/m^2,23:05:39,28/6/17,Day of week:,Wednesday,26.00,Grade Celsius,
0,0.00,W/m^2,23:05:42,28/6/17,Day of week:,Wednesday,26.00,Grade Celsius,
0,0.00,W/m^2,23:05:45,28/6/17,Day of week:,Wednesday,26.00,Grade Celsius,
0,0.00,W/m^2,23:05:48,28/6/17,Day of week:,Wednesday,26.00,Grade Celsius,
0,0.00,W/m^2,23:05:51,28/6/17,Day of week:,Wednesday,26.00,Grade Celsius,
0,0.00,W/m^2,23:05:54,28/6/17,Day of week:,Wednesday,26.00,Grade Celsius,
0,0.00,W/m^2,23:05:57,28/6/17,Day of week:,Wednesday,26.00,Grade Celsius,
0,0.00,W/m^2,23:06:00,28/6/17,Day of week:,Wednesday,26.00,Grade Celsius,
0,0.00,W/m^2,23:06:03,28/6/17,Day of week:,Wednesday,26.00,Grade Celsius,
0,0.00,W/m^2,23:06:06,28/6/17,Day of week:,Wednesday,25.94,Grade Celsius,
0,0.00,W/m^2,23:06:09,28/6/17,Day of week:,Wednesday,26.00,Grade Celsius,
0,0.00,W/m^2,23:06:12,28/6/17,Day of week:,Wednesday,25.94,Grade Celsius,
0,0.00,W/m^2,23:06:15,28/6/17,Day of week:,Wednesday,25.94,Grade Celsius,
0,0.00,W/m^2,23:06:18,28/6/17,Day of week:,Wednesday,26.00,Grade Celsius,
0,0.00,W/m^2,23:06:21,28/6/17,Day of week:,Wednesday,25.94,Grade Celsius,
0,0.00,W/m^2,23:06:24,28/6/17,Day of week:,Wednesday,25.94,Grade Celsius,
0,0.00,W/m^2,23:06:28,28/6/17,Day of week:,Wednesday,25.94,Grade Celsius,
0,0.00,W/m^2,23:06:31,28/6/17,Day of week:,Wednesday,25.94,Grade Celsius,
0,0.00,W/m^2,23:06:34,28/6/17,Day of week:,Wednesday,25.94,Grade Celsius,
0,0.00,W/m^2,23:06:37,28/6/17,Day of week:,Wednesday,25.94,Grade Celsius,
0,0.00,W/m^2,23:06:40,28/6/17,Day of week:,Wednesday,25.94,Grade Celsius,
0,0.00,W/m^2,23:06:43,28/6/17,Day of week:,Wednesday,25.94,Grade Celsius,
0,0.00,W/m^2,23:06:46,28/6/17,Day of week:,Wednesday,25.94,Grade Celsius,
0,0.00,W/m^2,23:06:49,28/6/17,Day of week:,Wednesday,25.94,Grade Celsius,
0,0.00,W/m^2,23:06:52,28/6/17,Day of week:,Wednesday,25.94,Grade Celsius,
0,0.00,W/m^2,23:06:55,28/6/17,Day of week:,Wednesday,26.00,Grade Celsius,
0,0.00,W/m^2,23:06:58,28/6/17,Day of week:,Wednesday,25.94,Grade Celsius,
0,0.00,W/m^2,23:07:01,28/6/17,Day of week:,Wednesday,25.94,Grade Celsius,
0,0.00,W/m^2,23:07:04,28/6/17,Day of week:,Wednesday,26.00,Grade Celsius,
0,0.00,W/m^2,23:07:07,28/6/17,Day of week:,Wednesday,25.94,Grade Celsius,
0,0.00,W/m^2,23:07:10,28/6/17,Day of week:,Wednesday,25.94,Grade Celsius,
0,0.00,W/m^2,23:07:14,28/6/17,Day of week:,Wednesday,26.00,Grade Celsius,
0,0.00,W/m^2,23:07:17,28/6/17,Day of week:,Wednesday,25.94,Grade Celsius,
0,0.00,W/m^2,23:07:20,28/6/17,Day of week:,Wednesday,25.94,Grade Celsius,
0,0.00,W/m^2,23:07:23,28/6/17,Day of week:,Wednesday,25.94,Grade Celsius,
0,0.00,W/m^2,23:07:26,28/6/17,Day of week:,Wednesday,25.94,Grade Celsius,
0,0.00,W/m^2,23:07:29,28/6/17,Day of week:,Wednesday,25.94,Grade Celsius,
0,0.00,W/m^2,23:07:32,28/6/17,Day of week:,Wednesday,25.94,Grade Celsius,
0,0.00,W/m^2,23:07:35,28/6/17,Day of week:,Wednesday,25.94,Grade Celsius,
0,0.00,W/m^2,23:07:38,28/6/17,Day of week:,Wednesday,25.94,Grade Celsius,
0,0.00,W/m^2,23:07:41,28/6/17,Day of week:,Wednesday,25.94,Grade Celsius,
0,0.00,W/m^2,23:07:44,28/6/17,Day of week:,Wednesday,25.94,Grade Celsius,
0,0.00,W/m^2,23:07:47,28/6/17,Day of week:,Wednesday,25.94,Grade Celsius,
0,0.00,W/m^2,23:07:50,28/6/17,Day of week:,Wednesday,25.94,Grade Celsius,
0,0.00,W/m^2,23:07:53,28/6/17,Day of week:,Wednesday,25.94,Grade Celsius,
0,0.00,W/m^2,23:07:56,28/6/17,Day of week:,Wednesday,25.94,Grade Celsius,
0,0.00,W/m^2,23:07:59,28/6/17,Day of week:,Wednesday,25.94,Grade Celsius,
0,0.00,W/m^2,23:08:03,28/6/17,Day of week:,Wednesday,25.94,Grade Celsius,
0,0.00,W/m^2,23:08:06,28/6/17,Day of week:,Wednesday,25.94,Grade Celsius,
0,0.00,W/m^2,23:08:09,28/6/17,Day of week:,Wednesday,25.94,Grade Celsius,
0,0.00,W/m^2,23:08:12,28/6/17,Day of week:,Wednesday,25.94,Grade Celsius,
0,0.00,W/m^2,23:08:15,28/6/17,Day of week:,Wednesday,25.94,Grade Celsius,
0,0.00,W/m^2,23:08:18,28/6/17,Day of week:,Wednesday,25.94,Grade Celsius,
0,0.00,W/m^2,23:08:21,28/6/17,Day of week:,Wednesday,25.94,Grade Celsius,
0,0.00,W/m^2,23:08:24,28/6/17,Day of week:,Wednesday,25.87,Grade Celsius,
0,0.00,W/m^2,23:08:27,28/6/17,Day of week:,Wednesday,25.87,Grade Celsius,
0,0.00,W/m^2,23:08:30,28/6/17,Day of week:,Wednesday,25.87,Grade Celsius,
0,0.00,W/m^2,23:08:33,28/6/17,Day of week:,Wednesday,25.94,Grade Celsius,
0,0.00,W/m^2,23:08:36,28/6/17,Day of week:,Wednesday,25.87,Grade Celsius,
0,0.00,W/m^2,23:08:39,28/6/17,Day of week:,Wednesday,25.87,Grade Celsius,
0,0.00,W/m^2,23:08:42,28/6/17,Day of week:,Wednesday,25.87,Grade Celsius,
0,0.00,W/m^2,23:08:45,28/6/17,Day of week:,Wednesday,25.94,Grade Celsius,
0,0.00,W/m^2,23:08:48,28/6/17,Day of week:,Wednesday,25.94,Grade Celsius,
0,0.00,W/m^2,23:08:52,28/6/17,Day of week:,Wednesday,25.94,Grade Celsius,
0,0.00,W/m^2,23:08:55,28/6/17,Day of week:,Wednesday,25.87,Grade Celsius,
0,0.00,W/m^2,23:08:58,28/6/17,Day of week:,Wednesday,25.94,Grade Celsius,
0,0.00,W/m^2,23:09:01,28/6/17,Day of week:,Wednesday,25.94,Grade Celsius,
0,0.00,W/m^2,23:09:04,28/6/17,Day of week:,Wednesday,25.94,Grade Celsius,
0,0.00,W/m^2,23:09:07,28/6/17,Day of week:,Wednesday,25.94,Grade Celsius,
0,0.00,W/m^2,23:09:10,28/6/17,Day of week:,Wednesday,25.94,Grade Celsius,
0,0.00,W/m^2,23:09:13,28/6/17,Day of week:,Wednesday,25.94,Grade Celsius,
0,0.00,W/m^2,23:09:16,28/6/17,Day of week:,Wednesday,25.87,Grade Celsius,
0,0.00,W/m^2,23:09:19,28/6/17,Day of week:,Wednesday,25.87,Grade Celsius,
0,0.00,W/m^2,23:09:22,28/6/17,Day of week:,Wednesday,25.87,Grade Celsius,
0,0.00,W/m^2,23:09:25,28/6/17,Day of week:,Wednesday,25.87,Grade Celsius,
0,0.00,W/m^2,23:09:28,28/6/17,Day of week:,Wednesday,25.87,Grade Celsius,
0,0.00,W/m^2,23:09:31,28/6/17,Day of week:,Wednesday,25.87,Grade Celsius,
0,0.00,W/m^2,23:09:35,28/6/17,Day of week:,Wednesday,25.81,Grade Celsius,
0,0.00,W/m^2,23:09:38,28/6/17,Day of week:,Wednesday,25.81,Grade Celsius,
0,0.00,W/m^2,23:09:41,28/6/17,Day of week:,Wednesday,25.81,Grade Celsius,
0,0.00,W/m^2,23:09:44,28/6/17,Day of week:,Wednesday,25.81,Grade Celsius,
0,0.00,W/m^2,23:09:47,28/6/17,Day of week:,Wednesday,25.81,Grade Celsius,
0,0.00,W/m^2,23:09:50,28/6/17,Day of week:,Wednesday,25.81,Grade Celsius,
0,0.00,W/m^2,23:09:53,28/6/17,Day of week:,Wednesday,25.75,Grade Celsius,
0,0.00,W/m^2,23:09:56,28/6/17,Day of week:,Wednesday,25.75,Grade Celsius,
0,0.00,W/m^2,23:09:59,28/6/17,Day of week:,Wednesday,25.75,Grade Celsius,
0,0.00,W/m^2,23:10:02,28/6/17,Day of week:,Wednesday,25.75,Grade Celsius,
0,0.00,W/m^2,23:10:05,28/6/17,Day of week:,Wednesday,25.75,Grade Celsius,
0,0.00,W/m^2,23:10:08,28/6/17,Day of week:,Wednesday,25.75,Grade Celsius,
0,0.00,W/m^2,23:10:11,28/6/17,Day of week:,Wednesday,25.75,Grade Celsius,
0,0.00,W/m^2,23:10:14,28/6/17,Day of week:,Wednesday,25.75,Grade Celsius,
0,0.00,W/m^2,23:10:17,28/6/17,Day of week:,Wednesday,25.75,Grade Celsius,
0,0.00,W/m^2,23:10:20,28/6/17,Day of week:,Wednesday,25.75,Grade Celsius,
0,0.00,W/m^2,23:10:24,28/6/17,Day of week:,Wednesday,25.75,Grade Celsius,
0,0.00,W/m^2,23:10:27,28/6/17,Day of week:,Wednesday,25.75,Grade Celsius,
0,0.00,W/m^2,23:10:30,28/6/17,Day of week:,Wednesday,25.75,Grade Celsius,
0,0.00,W/m^2,23:10:33,28/6/17,Day of week:,Wednesday,25.75,Grade Celsius,
0,0.00,W/m^2,23:10:36,28/6/17,Day of week:,Wednesday,25.75,Grade Celsius,
0,0.00,W/m^2,23:10:39,28/6/17,Day of week:,Wednesday,25.75,Grade Celsius,
0,0.00,W/m^2,23:10:42,28/6/17,Day of week:,Wednesday,25.75,Grade Celsius,
0,0.00,W/m^2,23:10:45,28/6/17,Day of week:,Wednesday,25.75,Grade Celsius,
0,0.00,W/m^2,23:10:48,28/6/17,Day of week:,Wednesday,25.75,Grade Celsius,
0,0.00,W/m^2,23:10:51,28/6/17,Day of week:,Wednesday,25.75,Grade Celsius,
0,0.00,W/m^2,23:10:54,28/6/17,Day of week:,Wednesday,25.75,Grade Celsius,
0,0.00,W/m^2,23:10:57,28/6/17,Day of week:,Wednesday,25.75,Grade Celsius,
0,0.00,W/m^2,23:11:00,28/6/17,Day of week:,Wednesday,25.75,Grade Celsius,
0,0.00,W/m^2,23:11:03,28/6/17,Day of week:,Wednesday,25.75,Grade Celsius,
0,0.00,W/m^2,23:11:06,28/6/17,Day of week:,Wednesday,25.75,Grade Celsius,
0,0.00,W/m^2,23:11:09,28/6/17,Day of week:,Wednesday,25.75,Grade Celsius,
0,0.00,W/m^2,23:11:13,28/6/17,Day of week:,Wednesday,25.75,Grade Celsius,
0,0.00,W/m^2,23:11:16,28/6/17,Day of week:,Wednesday,25.75,Grade Celsius,
0,0.00,W/m^2,23:11:19,28/6/17,Day of week:,Wednesday,25.75,Grade Celsius,
0,0.00,W/m^2,23:11:22,28/6/17,Day of week:,Wednesday,25.75,Grade Celsius,
0,0.00,W/m^2,23:11:25,28/6/17,Day of week:,Wednesday,25.75,Grade Celsius,
0,0.00,W/m^2,23:11:28,28/6/17,Day of week:,Wednesday,25.75,Grade Celsius,
0,0.00,W/m^2,23:11:31,28/6/17,Day of week:,Wednesday,25.75,Grade Celsius,
0,0.00,W/m^2,23:11:34,28/6/17,Day of week:,Wednesday,25.75,Grade Celsius,
0,0.00,W/m^2,23:11:37,28/6/17,Day of week:,Wednesday,25.75,Grade Celsius,
0,0.00,W/m^2,23:11:40,28/6/17,Day of week:,Wednesday,25.75,Grade Celsius,
0,0.00,W/m^2,23:11:43,28/6/17,Day of week:,Wednesday,25.75,Grade Celsius,
0,0.00,W/m^2,23:11:46,28/6/17,Day of week:,Wednesday,25.75,Grade Celsius,
0,0.00,W/m^2,23:11:49,28/6/17,Day of week:,Wednesday,25.75,Grade Celsius,
0,0.00,W/m^2,23:11:52,28/6/17,Day of week:,Wednesday,25.75,Grade Celsius,
0,0.00,W/m^2,23:11:55,28/6/17,Day of week:,Wednesday,25.81,Grade Celsius,
0,0.00,W/m^2,23:11:58,28/6/17,Day of week:,Wednesday,25.81,Grade Celsius,
0,0.00,W/m^2,23:12:02,28/6/17,Day of week:,Wednesday,25.81,Grade Celsius,
0,0.00,W/m^2,23:12:05,28/6/17,Day of week:,Wednesday,25.81,Grade Celsius,
0,0.00,W/m^2,23:12:08,28/6/17,Day of week:,Wednesday,25.81,Grade Celsius,
0,0.00,W/m^2,23:12:11,28/6/17,Day of week:,Wednesday,25.81,Grade Celsius,
0,0.00,W/m^2,23:12:14,28/6/17,Day of week:,Wednesday,25.81,Grade Celsius,
0,0.00,W/m^2,23:12:17,28/6/17,Day of week:,Wednesday,25.81,Grade Celsius,
0,0.00,W/m^2,23:12:20,28/6/17,Day of week:,Wednesday,25.81,Grade Celsius,
0,0.00,W/m^2,23:12:23,28/6/17,Day of week:,Wednesday,25.81,Grade Celsius,
0,0.00,W/m^2,23:12:26,28/6/17,Day of week:,Wednesday,25.87,Grade Celsius,
0,0.00,W/m^2,23:12:29,28/6/17,Day of week:,Wednesday,25.81,Grade Celsius,
0,0.00,W/m^2,23:12:32,28/6/17,Day of week:,Wednesday,25.81,Grade Celsius,
0,0.00,W/m^2,23:12:35,28/6/17,Day of week:,Wednesday,25.81,Grade Celsius,
0,0.00,W/m^2,23:12:38,28/6/17,Day of week:,Wednesday,25.81,Grade Celsius,
0,0.00,W/m^2,23:12:41,28/6/17,Day of week:,Wednesday,25.81,Grade Celsius,
0,0.00,W/m^2,23:12:44,28/6/17,Day of week:,Wednesday,25.81,Grade Celsius,
0,0.00,W/m^2,23:12:48,28/6/17,Day of week:,Wednesday,25.75,Grade Celsius,
0,0.00,W/m^2,23:12:51,28/6/17,Day of week:,Wednesday,25.75,Grade Celsius,
0,0.00,W/m^2,23:12:54,28/6/17,Day of week:,Wednesday,25.75,Grade Celsius,
0,0.00,W/m^2,23:12:57,28/6/17,Day of week:,Wednesday,25.75,Grade Celsius,
0,0.00,W/m^2,23:13:00,28/6/17,Day of week:,Wednesday,25.75,Grade Celsius,
0,0.00,W/m^2,23:13:03,28/6/17,Day of week:,Wednesday,25.75,Grade Celsius,
0,0.00,W/m^2,23:13:06,28/6/17,Day of week:,Wednesday,25.75,Grade Celsius,
0,0.00,W/m^2,23:13:09,28/6/17,Day of week:,Wednesday,25.75,Grade Celsius,
0,0.00,W/m^2,23:13:12,28/6/17,Day of week:,Wednesday,25.75,Grade Celsius,
0,0.00,W/m^2,23:13:15,28/6/17,Day of week:,Wednesday,25.75,Grade Celsius,
0,0.00,W/m^2,23:13:18,28/6/17,Day of week:,Wednesday,25.75,Grade Celsius,
0,0.00,W/m^2,23:13:21,28/6/17,Day of week:,Wednesday,25.75,Grade Celsius,
0,0.00,W/m^2,23:13:24,28/6/17,Day of week:,Wednesday,25.75,Grade Celsius,
0,0.00,W/m^2,23:13:27,28/6/17,Day of week:,Wednesday,25.75,Grade Celsius,
0,0.00,W/m^2,23:13:30,28/6/17,Day of week:,Wednesday,25.69,Grade Celsius,
0,0.00,W/m^2,23:13:33,28/6/17,Day of week:,Wednesday,25.69,Grade Celsius,
0,0.00,W/m^2,23:13:37,28/6/17,Day of week:,Wednesday,25.69,Grade Celsius,
0,0.00,W/m^2,23:13:40,28/6/17,Day of week:,Wednesday,25.75,Grade Celsius,
0,0.00,W/m^2,23:13:43,28/6/17,Day of week:,Wednesday,25.69,Grade Celsius,
0,0.00,W/m^2,23:13:46,28/6/17,Day of week:,Wednesday,25.75,Grade Celsius,
0,0.00,W/m^2,23:13:49,28/6/17,Day of week:,Wednesday,25.69,Grade Celsius,
0,0.00,W/m^2,23:13:52,28/6/17,Day of week:,Wednesday,25.75,Grade Celsius,
0,0.00,W/m^2,23:13:55,28/6/17,Day of week:,Wednesday,25.69,Grade Celsius,
0,0.00,W/m^2,23:13:58,28/6/17,Day of week:,Wednesday,25.69,Grade Celsius,
0,0.00,W/m^2,23:14:01,28/6/17,Day of week:,Wednesday,25.69,Grade Celsius,
0,0.00,W/m^2,23:14:04,28/6/17,Day of week:,Wednesday,25.69,Grade Celsius,
0,0.00,W/m^2,23:14:07,28/6/17,Day of week:,Wednesday,25.69,Grade Celsius,
0,0.00,W/m^2,23:14:10,28/6/17,Day of week:,Wednesday,25.62,Grade Celsius,
0,0.00,W/m^2,23:14:13,28/6/17,Day of week:,Wednesday,25.69,Grade Celsius,
0,0.00,W/m^2,23:14:16,28/6/17,Day of week:,Wednesday,25.69,Grade Celsius,
0,0.00,W/m^2,23:14:19,28/6/17,Day of week:,Wednesday,25.62,Grade Celsius,
0,0.00,W/m^2,23:14:23,28/6/17,Day of week:,Wednesday,25.62,Grade Celsius,
0,0.00,W/m^2,23:14:26,28/6/17,Day of week:,Wednesday,25.62,Grade Celsius,
0,0.00,W/m^2,23:14:29,28/6/17,Day of week:,Wednesday,25.62,Grade Celsius,
0,0.00,W/m^2,23:14:32,28/6/17,Day of week:,Wednesday,25.62,Grade Celsius,
0,0.00,W/m^2,23:14:35,28/6/17,Day of week:,Wednesday,25.62,Grade Celsius,
0,0.00,W/m^2,23:14:38,28/6/17,Day of week:,Wednesday,25.69,Grade Celsius,
0,0.00,W/m^2,23:14:41,28/6/17,Day of week:,Wednesday,25.62,Grade Celsius,
0,0.00,W/m^2,23:14:44,28/6/17,Day of week:,Wednesday,25.69,Grade Celsius,
0,0.00,W/m^2,23:14:47,28/6/17,Day of week:,Wednesday,25.69,Grade Celsius,
0,0.00,W/m^2,23:14:50,28/6/17,Day of week:,Wednesday,25.69,Grade Celsius,
0,0.00,W/m^2,23:14:53,28/6/17,Day of week:,Wednesday,25.69,Grade Celsius,
0,0.00,W/m^2,23:14:56,28/6/17,Day of week:,Wednesday,25.69,Grade Celsius,
0,0.00,W/m^2,23:14:59,28/6/17,Day of week:,Wednesday,25.62,Grade Celsius,
0,0.00,W/m^2,23:15:03,28/6/17,Day of week:,Wednesday,25.69,Grade Celsius,
0,0.00,W/m^2,23:15:06,28/6/17,Day of week:,Wednesday,25.69,Grade Celsius,
0,0.00,W/m^2,23:15:09,28/6/17,Day of week:,Wednesday,25.69,Grade Celsius,
0,0.00,W/m^2,23:15:12,28/6/17,Day of week:,Wednesday,25.69,Grade Celsius,
0,0.00,W/m^2,23:15:15,28/6/17,Day of week:,Wednesday,25.69,Grade Celsius,
0,0.00,W/m^2,23:15:18,28/6/17,Day of week:,Wednesday,25.69,Grade Celsius,
0,0.00,W/m^2,23:15:21,28/6/17,Day of week:,Wednesday,25.69,Grade Celsius,
0,0.00,W/m^2,23:15:24,28/6/17,Day of week:,Wednesday,25.69,Grade Celsius,
0,0.00,W/m^2,23:15:27,28/6/17,Day of week:,Wednesday,25.69,Grade Celsius,
0,0.00,W/m^2,23:15:30,28/6/17,Day of week:,Wednesday,25.62,Grade Celsius,
0,0.00,W/m^2,23:15:33,28/6/17,Day of week:,Wednesday,25.62,Grade Celsius,
0,0.00,W/m^2,23:15:36,28/6/17,Day of week:,Wednesday,25.62,Grade Celsius,
0,0.00,W/m^2,23:15:39,28/6/17,Day of week:,Wednesday,25.62,Grade Celsius,
0,0.00,W/m^2,23:15:42,28/6/17,Day of week:,Wednesday,25.62,Grade Celsius,
0,0.00,W/m^2,23:15:45,28/6/17,Day of week:,Wednesday,25.62,Grade Celsius,
0,0.00,W/m^2,23:15:48,28/6/17,Day of week:,Wednesday,25.62,Grade Celsius,
0,0.00,W/m^2,23:15:52,28/6/17,Day of week:,Wednesday,25.62,Grade Celsius,
0,0.00,W/m^2,23:15:55,28/6/17,Day of week:,Wednesday,25.62,Grade Celsius,
0,0.00,W/m^2,23:15:58,28/6/17,Day of week:,Wednesday,25.62,Grade Celsius,
0,0.00,W/m^2,23:16:01,28/6/17,Day of week:,Wednesday,25.62,Grade Celsius,
0,0.00,W/m^2,23:16:04,28/6/17,Day of week:,Wednesday,25.62,Grade Celsius,
0,0.00,W/m^2,23:16:07,28/6/17,Day of week:,Wednesday,25.62,Grade Celsius,
0,0.00,W/m^2,23:16:10,28/6/17,Day of week:,Wednesday,25.62,Grade Celsius,
0,0.00,W/m^2,23:16:13,28/6/17,Day of week:,Wednesday,25.62,Grade Celsius,
0,0.00,W/m^2,23:16:16,28/6/17,Day of week:,Wednesday,25.56,Grade Celsius,
0,0.00,W/m^2,23:16:19,28/6/17,Day of week:,Wednesday,25.62,Grade Celsius,
0,0.00,W/m^2,23:16:22,28/6/17,Day of week:,Wednesday,25.56,Grade Celsius,
0,0.00,W/m^2,23:16:25,28/6/17,Day of week:,Wednesday,25.62,Grade Celsius,
0,0.00,W/m^2,23:16:28,28/6/17,Day of week:,Wednesday,25.62,Grade Celsius,
0,0.00,W/m^2,23:16:31,28/6/17,Day of week:,Wednesday,25.62,Grade Celsius,
0,0.00,W/m^2,23:16:34,28/6/17,Day of week:,Wednesday,25.62,Grade Celsius,
0,0.00,W/m^2,23:16:37,28/6/17,Day of week:,Wednesday,25.62,Grade Celsius,
0,0.00,W/m^2,23:16:41,28/6/17,Day of week:,Wednesday,25.62,Grade Celsius,
0,0.00,W/m^2,23:16:44,28/6/17,Day of week:,Wednesday,25.62,Grade Celsius,
0,0.00,W/m^2,23:16:47,28/6/17,Day of week:,Wednesday,25.62,Grade Celsius,
0,0.00,W/m^2,23:16:50,28/6/17,Day of week:,Wednesday,25.62,Grade Celsius,
0,0.00,W/m^2,23:16:53,28/6/17,Day of week:,Wednesday,25.62,Grade Celsius,
0,0.00,W/m^2,23:16:56,28/6/17,Day of week:,Wednesday,25.62,Grade Celsius,
0,0.00,W/m^2,23:16:59,28/6/17,Day of week:,Wednesday,25.62,Grade Celsius,
0,0.00,W/m^2,23:17:02,28/6/17,Day of week:,Wednesday,25.62,Grade Celsius,
0,0.00,W/m^2,23:17:05,28/6/17,Day of week:,Wednesday,25.62,Grade Celsius,
0,0.00,W/m^2,23:17:08,28/6/17,Day of week:,Wednesday,25.62,Grade Celsius,
0,0.00,W/m^2,23:17:11,28/6/17,Day of week:,Wednesday,25.62,Grade Celsius,
0,0.00,W/m^2,23:17:14,28/6/17,Day of week:,Wednesday,25.62,Grade Celsius,
0,0.00,W/m^2,23:17:17,28/6/17,Day of week:,Wednesday,25.62,Grade Celsius,
0,0.00,W/m^2,23:17:20,28/6/17,Day of week:,Wednesday,25.62,Grade Celsius,
0,0.00,W/m^2,23:17:23,28/6/17,Day of week:,Wednesday,25.62,Grade Celsius,
0,0.00,W/m^2,23:17:26,28/6/17,Day of week:,Wednesday,25.62,Grade Celsius,
0,0.00,W/m^2,23:17:30,28/6/17,Day of week:,Wednesday,25.56,Grade Celsius,
0,0.00,W/m^2,23:17:33,28/6/17,Day of week:,Wednesday,25.62,Grade Celsius,
0,0.00,W/m^2,23:17:36,28/6/17,Day of week:,Wednesday,25.62,Grade Celsius,
0,0.00,W/m^2,23:17:39,28/6/17,Day of week:,Wednesday,25.62,Grade Celsius,
0,0.00,W/m^2,23:17:42,28/6/17,Day of week:,Wednesday,25.62,Grade Celsius,
0,0.00,W/m^2,23:17:45,28/6/17,Day of week:,Wednesday,25.69,Grade Celsius,
0,0.00,W/m^2,23:17:48,28/6/17,Day of week:,Wednesday,25.69,Grade Celsius,
0,0.00,W/m^2,23:17:51,28/6/17,Day of week:,Wednesday,25.69,Grade Celsius,
0,0.00,W/m^2,23:17:54,28/6/17,Day of week:,Wednesday,25.69,Grade Celsius,
0,0.00,W/m^2,23:17:57,28/6/17,Day of week:,Wednesday,25.69,Grade Celsius,
0,0.00,W/m^2,23:18:00,28/6/17,Day of week:,Wednesday,25.69,Grade Celsius,
0,0.00,W/m^2,23:18:03,28/6/17,Day of week:,Wednesday,25.69,Grade Celsius,
0,0.00,W/m^2,23:18:06,28/6/17,Day of week:,Wednesday,25.69,Grade Celsius,
0,0.00,W/m^2,23:18:09,28/6/17,Day of week:,Wednesday,25.69,Grade Celsius,
0,0.00,W/m^2,23:18:12,28/6/17,Day of week:,Wednesday,25.69,Grade Celsius,
0,0.00,W/m^2,23:18:15,28/6/17,Day of week:,Wednesday,25.69,Grade Celsius,
0,0.00,W/m^2,23:18:19,28/6/17,Day of week:,Wednesday,25.69,Grade Celsius,
0,0.00,W/m^2,23:18:22,28/6/17,Day of week:,Wednesday,25.69,Grade Celsius,
0,0.00,W/m^2,23:18:25,28/6/17,Day of week:,Wednesday,25.69,Grade Celsius,
0,0.00,W/m^2,23:18:28,28/6/17,Day of week:,Wednesday,25.62,Grade Celsius,
0,0.00,W/m^2,23:18:31,28/6/17,Day of week:,Wednesday,25.62,Grade Celsius,
0,0.00,W/m^2,23:18:34,28/6/17,Day of week:,Wednesday,25.62,Grade Celsius,
0,0.00,W/m^2,23:18:37,28/6/17,Day of week:,Wednesday,25.62,Grade Celsius,
0,0.00,W/m^2,23:18:40,28/6/17,Day of week:,Wednesday,25.62,Grade Celsius,
0,0.00,W/m^2,23:18:43,28/6/17,Day of week:,Wednesday,25.62,Grade Celsius,
0,0.00,W/m^2,23:18:46,28/6/17,Day of week:,Wednesday,25.62,Grade Celsius,
0,0.00,W/m^2,23:18:49,28/6/17,Day of week:,Wednesday,25.62,Grade Celsius,
0,0.00,W/m^2,23:18:52,28/6/17,Day of week:,Wednesday,25.62,Grade Celsius,
0,0.00,W/m^2,23:18:55,28/6/17,Day of week:,Wednesday,25.62,Grade Celsius,
0,0.00,W/m^2,23:18:58,28/6/17,Day of week:,Wednesday,25.62,Grade Celsius,
0,0.00,W/m^2,23:19:01,28/6/17,Day of week:,Wednesday,25.62,Grade Celsius,
0,0.00,W/m^2,23:19:05,28/6/17,Day of week:,Wednesday,25.62,Grade Celsius,
0,0.00,W/m^2,23:19:08,28/6/17,Day of week:,Wednesday,25.62,Grade Celsius,
0,0.00,W/m^2,23:19:11,28/6/17,Day of week:,Wednesday,25.69,Grade Celsius,
0,0.00,W/m^2,23:19:14,28/6/17,Day of week:,Wednesday,25.69,Grade Celsius,
0,0.00,W/m^2,23:19:17,28/6/17,Day of week:,Wednesday,25.69,Grade Celsius,
0,0.00,W/m^2,23:19:20,28/6/17,Day of week:,Wednesday,25.69,Grade Celsius,
0,0.00,W/m^2,23:19:23,28/6/17,Day of week:,Wednesday,25.69,Grade Celsius,
0,0.00,W/m^2,23:19:26,28/6/17,Day of week:,Wednesday,25.69,Grade Celsius,
0,0.00,W/m^2,23:19:29,28/6/17,Day of week:,Wednesday,25.69,Grade Celsius,
0,0.00,W/m^2,23:19:32,28/6/17,Day of week:,Wednesday,25.69,Grade Celsius,
0,0.00,W/m^2,23:19:35,28/6/17,Day of week:,Wednesday,25.69,Grade Celsius,
0,0.00,W/m^2,23:19:38,28/6/17,Day of week:,Wednesday,25.69,Grade Celsius,
0,0.00,W/m^2,23:19:41,28/6/17,Day of week:,Wednesday,25.69,Grade Celsius,
0,0.00,W/m^2,23:19:44,28/6/17,Day of week:,Wednesday,25.69,Grade Celsius,
0,0.00,W/m^2,23:19:47,28/6/17,Day of week:,Wednesday,25.62,Grade Celsius,
0,0.00,W/m^2,23:19:51,28/6/17,Day of week:,Wednesday,25.62,Grade Celsius,
0,0.00,W/m^2,23:19:54,28/6/17,Day of week:,Wednesday,25.62,Grade Celsius,
0,0.00,W/m^2,23:19:57,28/6/17,Day of week:,Wednesday,25.62,Grade Celsius,
0,0.00,W/m^2,23:20:00,28/6/17,Day of week:,Wednesday,25.62,Grade Celsius,
0,0.00,W/m^2,23:20:03,28/6/17,Day of week:,Wednesday,25.62,Grade Celsius,
0,0.00,W/m^2,23:20:06,28/6/17,Day of week:,Wednesday,25.62,Grade Celsius,
0,0.00,W/m^2,23:20:09,28/6/17,Day of week:,Wednesday,25.62,Grade Celsius,
0,0.00,W/m^2,23:20:12,28/6/17,Day of week:,Wednesday,25.62,Grade Celsius,
0,0.00,W/m^2,23:20:15,28/6/17,Day of week:,Wednesday,25.69,Grade Celsius,
0,0.00,W/m^2,23:20:18,28/6/17,Day of week:,Wednesday,25.62,Grade Celsius,
0,0.00,W/m^2,23:20:21,28/6/17,Day of week:,Wednesday,25.62,Grade Celsius,
0,0.00,W/m^2,23:20:24,28/6/17,Day of week:,Wednesday,25.69,Grade Celsius,
0,0.00,W/m^2,23:20:27,28/6/17,Day of week:,Wednesday,25.69,Grade Celsius,
0,0.00,W/m^2,23:20:30,28/6/17,Day of week:,Wednesday,25.62,Grade Celsius,
0,0.00,W/m^2,23:20:33,28/6/17,Day of week:,Wednesday,25.69,Grade Celsius,
0,0.00,W/m^2,23:20:37,28/6/17,Day of week:,Wednesday,25.69,Grade Celsius,
0,0.00,W/m^2,23:20:40,28/6/17,Day of week:,Wednesday,25.69,Grade Celsius,
0,0.00,W/m^2,23:20:43,28/6/17,Day of week:,Wednesday,25.69,Grade Celsius,
0,0.00,W/m^2,23:20:46,28/6/17,Day of week:,Wednesday,25.69,Grade Celsius,
0,0.00,W/m^2,23:20:49,28/6/17,Day of week:,Wednesday,25.69,Grade Celsius,
0,0.00,W/m^2,23:20:52,28/6/17,Day of week:,Wednesday,25.69,Grade Celsius,
0,0.00,W/m^2,23:20:55,28/6/17,Day of week:,Wednesday,25.62,Grade Celsius,
0,0.00,W/m^2,23:20:58,28/6/17,Day of week:,Wednesday,25.69,Grade Celsius,
0,0.00,W/m^2,23:21:01,28/6/17,Day of week:,Wednesday,25.62,Grade Celsius,
0,0.00,W/m^2,23:21:04,28/6/17,Day of week:,Wednesday,25.62,Grade Celsius,
0,0.00,W/m^2,23:21:07,28/6/17,Day of week:,Wednesday,25.62,Grade Celsius,
0,0.00,W/m^2,23:21:10,28/6/17,Day of week:,Wednesday,25.62,Grade Celsius,
0,0.00,W/m^2,23:21:13,28/6/17,Day of week:,Wednesday,25.62,Grade Celsius,
0,0.00,W/m^2,23:21:16,28/6/17,Day of week:,Wednesday,25.62,Grade Celsius,
0,0.00,W/m^2,23:21:19,28/6/17,Day of week:,Wednesday,25.62,Grade Celsius,
0,0.00,W/m^2,23:21:22,28/6/17,Day of week:,Wednesday,25.62,Grade Celsius,
0,0.00,W/m^2,23:21:26,28/6/17,Day of week:,Wednesday,25.62,Grade Celsius,
0,0.00,W/m^2,23:21:29,28/6/17,Day of week:,Wednesday,25.62,Grade Celsius,
0,0.00,W/m^2,23:21:32,28/6/17,Day of week:,Wednesday,25.69,Grade Celsius,
0,0.00,W/m^2,23:21:35,28/6/17,Day of week:,Wednesday,25.62,Grade Celsius,
0,0.00,W/m^2,23:21:38,28/6/17,Day of week:,Wednesday,25.62,Grade Celsius,
0,0.00,W/m^2,23:21:41,28/6/17,Day of week:,Wednesday,25.62,Grade Celsius,
0,0.00,W/m^2,23:21:44,28/6/17,Day of week:,Wednesday,25.62,Grade Celsius,
0,0.00,W/m^2,23:21:47,28/6/17,Day of week:,Wednesday,25.56,Grade Celsius,
0,0.00,W/m^2,23:21:50,28/6/17,Day of week:,Wednesday,25.56,Grade Celsius,
0,0.00,W/m^2,23:21:53,28/6/17,Day of week:,Wednesday,25.56,Grade Celsius,
0,0.00,W/m^2,23:21:56,28/6/17,Day of week:,Wednesday,25.56,Grade Celsius,
0,0.00,W/m^2,23:21:59,28/6/17,Day of week:,Wednesday,25.56,Grade Celsius,
0,0.00,W/m^2,23:22:02,28/6/17,Day of week:,Wednesday,25.56,Grade Celsius,
0,0.00,W/m^2,23:22:05,28/6/17,Day of week:,Wednesday,25.56,Grade Celsius,
0,0.00,W/m^2,23:22:08,28/6/17,Day of week:,Wednesday,25.56,Grade Celsius,
0,0.00,W/m^2,23:22:12,28/6/17,Day of week:,Wednesday,25.56,Grade Celsius,
0,0.00,W/m^2,23:22:15,28/6/17,Day of week:,Wednesday,25.56,Grade Celsius,
0,0.00,W/m^2,23:22:18,28/6/17,Day of week:,Wednesday,25.50,Grade Celsius,
0,0.00,W/m^2,23:22:21,28/6/17,Day of week:,Wednesday,25.50,Grade Celsius,
0,0.00,W/m^2,23:22:24,28/6/17,Day of week:,Wednesday,25.50,Grade Celsius,
0,0.00,W/m^2,23:22:27,28/6/17,Day of week:,Wednesday,25.50,Grade Celsius,
0,0.00,W/m^2,23:22:30,28/6/17,Day of week:,Wednesday,25.50,Grade Celsius,
0,0.00,W/m^2,23:22:33,28/6/17,Day of week:,Wednesday,25.50,Grade Celsius,
0,0.00,W/m^2,23:22:36,28/6/17,Day of week:,Wednesday,25.50,Grade Celsius,
0,0.00,W/m^2,23:22:39,28/6/17,Day of week:,Wednesday,25.50,Grade Celsius,
0,0.00,W/m^2,23:22:42,28/6/17,Day of week:,Wednesday,25.50,Grade Celsius,
0,0.00,W/m^2,23:22:45,28/6/17,Day of week:,Wednesday,25.50,Grade Celsius,
0,0.00,W/m^2,23:22:48,28/6/17,Day of week:,Wednesday,25.50,Grade Celsius,
0,0.00,W/m^2,23:22:51,28/6/17,Day of week:,Wednesday,25.50,Grade Celsius,
0,0.00,W/m^2,23:22:54,28/6/17,Day of week:,Wednesday,25.50,Grade Celsius,
0,0.00,W/m^2,23:22:57,28/6/17,Day of week:,Wednesday,25.50,Grade Celsius,
0,0.00,W/m^2,23:23:01,28/6/17,Day of week:,Wednesday,25.50,Grade Celsius,
0,0.00,W/m^2,23:23:04,28/6/17,Day of week:,Wednesday,25.50,Grade Celsius,
0,0.00,W/m^2,23:23:07,28/6/17,Day of week:,Wednesday,25.50,Grade Celsius,
0,0.00,W/m^2,23:23:10,28/6/17,Day of week:,Wednesday,25.50,Grade Celsius,
0,0.00,W/m^2,23:23:13,28/6/17,Day of week:,Wednesday,25.50,Grade Celsius,
0,0.00,W/m^2,23:23:16,28/6/17,Day of week:,Wednesday,25.50,Grade Celsius,
0,0.00,W/m^2,23:23:19,28/6/17,Day of week:,Wednesday,25.50,Grade Celsius,
0,0.00,W/m^2,23:23:22,28/6/17,Day of week:,Wednesday,25.50,Grade Celsius,
0,0.00,W/m^2,23:23:25,28/6/17,Day of week:,Wednesday,25.50,Grade Celsius,
0,0.00,W/m^2,23:23:28,28/6/17,Day of week:,Wednesday,25.50,Grade Celsius,
0,0.00,W/m^2,23:23:31,28/6/17,Day of week:,Wednesday,25.50,Grade Celsius,
0,0.00,W/m^2,23:23:34,28/6/17,Day of week:,Wednesday,25.50,Grade Celsius,
0,0.00,W/m^2,23:23:37,28/6/17,Day of week:,Wednesday,25.50,Grade Celsius,
0,0.00,W/m^2,23:23:40,28/6/17,Day of week:,Wednesday,25.50,Grade Celsius,
0,0.00,W/m^2,23:23:43,28/6/17,Day of week:,Wednesday,25.50,Grade Celsius,
0,0.00,W/m^2,23:23:47,28/6/17,Day of week:,Wednesday,25.50,Grade Celsius,
0,0.00,W/m^2,23:23:50,28/6/17,Day of week:,Wednesday,25.44,Grade Celsius,
0,0.00,W/m^2,23:23:53,28/6/17,Day of week:,Wednesday,25.44,Grade Celsius,
0,0.00,W/m^2,23:23:56,28/6/17,Day of week:,Wednesday,25.44,Grade Celsius,
0,0.00,W/m^2,23:23:59,28/6/17,Day of week:,Wednesday,25.44,Grade Celsius,
0,0.00,W/m^2,23:24:02,28/6/17,Day of week:,Wednesday,25.44,Grade Celsius,
0,0.00,W/m^2,23:24:05,28/6/17,Day of week:,Wednesday,25.44,Grade Celsius,
0,0.00,W/m^2,23:24:08,28/6/17,Day of week:,Wednesday,25.44,Grade Celsius,
0,0.00,W/m^2,23:24:11,28/6/17,Day of week:,Wednesday,25.44,Grade Celsius,
0,0.00,W/m^2,23:24:14,28/6/17,Day of week:,Wednesday,25.50,Grade Celsius,
0,0.00,W/m^2,23:24:17,28/6/17,Day of week:,Wednesday,25.44,Grade Celsius,
0,0.00,W/m^2,23:24:20,28/6/17,Day of week:,Wednesday,25.50,Grade Celsius,
0,0.00,W/m^2,23:24:23,28/6/17,Day of week:,Wednesday,25.50,Grade Celsius,
0,0.00,W/m^2,23:24:26,28/6/17,Day of week:,Wednesday,25.44,Grade Celsius,
0,0.00,W/m^2,23:24:29,28/6/17,Day of week:,Wednesday,25.44,Grade Celsius,
0,0.00,W/m^2,23:24:32,28/6/17,Day of week:,Wednesday,25.50,Grade Celsius,
0,0.00,W/m^2,23:24:36,28/6/17,Day of week:,Wednesday,25.44,Grade Celsius,
0,0.00,W/m^2,23:24:39,28/6/17,Day of week:,Wednesday,25.44,Grade Celsius,
0,0.00,W/m^2,23:24:42,28/6/17,Day of week:,Wednesday,25.44,Grade Celsius,
0,0.00,W/m^2,23:24:45,28/6/17,Day of week:,Wednesday,25.44,Grade Celsius,
0,0.00,W/m^2,23:24:48,28/6/17,Day of week:,Wednesday,25.44,Grade Celsius,
0,0.00,W/m^2,23:24:51,28/6/17,Day of week:,Wednesday,25.44,Grade Celsius,
0,0.00,W/m^2,23:24:54,28/6/17,Day of week:,Wednesday,25.50,Grade Celsius,
0,0.00,W/m^2,23:24:57,28/6/17,Day of week:,Wednesday,25.50,Grade Celsius,
0,0.00,W/m^2,23:25:00,28/6/17,Day of week:,Wednesday,25.50,Grade Celsius,
0,0.00,W/m^2,23:25:03,28/6/17,Day of week:,Wednesday,25.50,Grade Celsius,
0,0.00,W/m^2,23:25:06,28/6/17,Day of week:,Wednesday,25.50,Grade Celsius,
0,0.00,W/m^2,23:25:09,28/6/17,Day of week:,Wednesday,25.50,Grade Celsius,
0,0.00,W/m^2,23:25:12,28/6/17,Day of week:,Wednesday,25.50,Grade Celsius,
0,0.00,W/m^2,23:25:15,28/6/17,Day of week:,Wednesday,25.50,Grade Celsius,
0,0.00,W/m^2,23:25:18,28/6/17,Day of week:,Wednesday,25.50,Grade Celsius,
0,0.00,W/m^2,23:25:21,28/6/17,Day of week:,Wednesday,25.50,Grade Celsius,
0,0.00,W/m^2,23:25:25,28/6/17,Day of week:,Wednesday,25.44,Grade Celsius,
0,0.00,W/m^2,23:25:28,28/6/17,Day of week:,Wednesday,25.50,Grade Celsius,
0,0.00,W/m^2,23:25:31,28/6/17,Day of week:,Wednesday,25.50,Grade Celsius,
0,0.00,W/m^2,23:25:34,28/6/17,Day of week:,Wednesday,25.50,Grade Celsius,
0,0.00,W/m^2,23:25:37,28/6/17,Day of week:,Wednesday,25.50,Grade Celsius,
0,0.00,W/m^2,23:25:40,28/6/17,Day of week:,Wednesday,25.50,Grade Celsius,
0,0.00,W/m^2,23:25:43,28/6/17,Day of week:,Wednesday,25.50,Grade Celsius,
0,0.00,W/m^2,23:25:46,28/6/17,Day of week:,Wednesday,25.50,Grade Celsius,
0,0.00,W/m^2,23:25:49,28/6/17,Day of week:,Wednesday,25.50,Grade Celsius,
0,0.00,W/m^2,23:25:52,28/6/17,Day of week:,Wednesday,25.50,Grade Celsius,
0,0.00,W/m^2,23:25:55,28/6/17,Day of week:,Wednesday,25.50,Grade Celsius,
0,0.00,W/m^2,23:25:58,28/6/17,Day of week:,Wednesday,25.50,Grade Celsius,
0,0.00,W/m^2,23:26:01,28/6/17,Day of week:,Wednesday,25.50,Grade Celsius,
0,0.00,W/m^2,23:26:05,28/6/17,Day of week:,Wednesday,25.44,Grade Celsius,
0,0.00,W/m^2,23:26:08,28/6/17,Day of week:,Wednesday,25.44,Grade Celsius,
0,0.00,W/m^2,23:26:11,28/6/17,Day of week:,Wednesday,25.44,Grade Celsius,
0,0.00,W/m^2,23:26:14,28/6/17,Day of week:,Wednesday,25.44,Grade Celsius,
0,0.00,W/m^2,23:26:17,28/6/17,Day of week:,Wednesday,25.44,Grade Celsius,
0,0.00,W/m^2,23:26:20,28/6/17,Day of week:,Wednesday,25.44,Grade Celsius,
0,0.00,W/m^2,23:26:23,28/6/17,Day of week:,Wednesday,25.50,Grade Celsius,
0,0.00,W/m^2,23:26:26,28/6/17,Day of week:,Wednesday,25.44,Grade Celsius,
0,0.00,W/m^2,23:26:29,28/6/17,Day of week:,Wednesday,25.50,Grade Celsius,
0,0.00,W/m^2,23:26:32,28/6/17,Day of week:,Wednesday,25.44,Grade Celsius,
0,0.00,W/m^2,23:26:35,28/6/17,Day of week:,Wednesday,25.44,Grade Celsius,
0,0.00,W/m^2,23:26:38,28/6/17,Day of week:,Wednesday,25.44,Grade Celsius,
0,0.00,W/m^2,23:26:41,28/6/17,Day of week:,Wednesday,25.50,Grade Celsius,
0,0.00,W/m^2,23:26:44,28/6/17,Day of week:,Wednesday,25.50,Grade Celsius,
0,0.00,W/m^2,23:26:47,28/6/17,Day of week:,Wednesday,25.44,Grade Celsius,
0,0.00,W/m^2,23:26:51,28/6/17,Day of week:,Wednesday,25.50,Grade Celsius,
0,0.00,W/m^2,23:26:54,28/6/17,Day of week:,Wednesday,25.44,Grade Celsius,
0,0.00,W/m^2,23:26:57,28/6/17,Day of week:,Wednesday,25.50,Grade Celsius,
0,0.00,W/m^2,23:27:00,28/6/17,Day of week:,Wednesday,25.50,Grade Celsius,
0,0.00,W/m^2,23:27:03,28/6/17,Day of week:,Wednesday,25.50,Grade Celsius,
0,0.00,W/m^2,23:27:06,28/6/17,Day of week:,Wednesday,25.50,Grade Celsius,
0,0.00,W/m^2,23:27:09,28/6/17,Day of week:,Wednesday,25.50,Grade Celsius,
0,0.00,W/m^2,23:27:12,28/6/17,Day of week:,Wednesday,25.50,Grade Celsius,
0,0.00,W/m^2,23:27:15,28/6/17,Day of week:,Wednesday,25.50,Grade Celsius,
0,0.00,W/m^2,23:27:18,28/6/17,Day of week:,Wednesday,25.50,Grade Celsius,
0,0.00,W/m^2,23:27:21,28/6/17,Day of week:,Wednesday,25.50,Grade Celsius,
0,0.00,W/m^2,23:27:24,28/6/17,Day of week:,Wednesday,25.50,Grade Celsius,
0,0.00,W/m^2,23:27:27,28/6/17,Day of week:,Wednesday,25.50,Grade Celsius,
0,0.00,W/m^2,23:27:30,28/6/17,Day of week:,Wednesday,25.50,Grade Celsius,
0,0.00,W/m^2,23:27:33,28/6/17,Day of week:,Wednesday,25.50,Grade Celsius,
0,0.00,W/m^2,23:27:36,28/6/17,Day of week:,Wednesday,25.44,Grade Celsius,
0,0.00,W/m^2,23:27:40,28/6/17,Day of week:,Wednesday,25.44,Grade Celsius,
0,0.00,W/m^2,23:27:43,28/6/17,Day of week:,Wednesday,25.44,Grade Celsius,
0,0.00,W/m^2,23:27:46,28/6/17,Day of week:,Wednesday,25.50,Grade Celsius,
0,0.00,W/m^2,23:27:49,28/6/17,Day of week:,Wednesday,25.50,Grade Celsius,
0,0.00,W/m^2,23:27:52,28/6/17,Day of week:,Wednesday,25.50,Grade Celsius,
0,0.00,W/m^2,23:27:55,28/6/17,Day of week:,Wednesday,25.44,Grade Celsius,
0,0.00,W/m^2,23:27:58,28/6/17,Day of week:,Wednesday,25.50,Grade Celsius,
0,0.00,W/m^2,23:28:01,28/6/17,Day of week:,Wednesday,25.50,Grade Celsius,
0,0.00,W/m^2,23:28:04,28/6/17,Day of week:,Wednesday,25.50,Grade Celsius,
0,0.00,W/m^2,23:28:07,28/6/17,Day of week:,Wednesday,25.50,Grade Celsius,
0,0.00,W/m^2,23:28:10,28/6/17,Day of week:,Wednesday,25.50,Grade Celsius,
0,0.00,W/m^2,23:28:13,28/6/17,Day of week:,Wednesday,25.50,Grade Celsius,
0,0.00,W/m^2,23:28:16,28/6/17,Day of week:,Wednesday,25.50,Grade Celsius,
0,0.00,W/m^2,23:28:19,28/6/17,Day of week:,Wednesday,25.44,Grade Celsius,
0,0.00,W/m^2,23:28:22,28/6/17,Day of week:,Wednesday,25.44,Grade Celsius,
0,0.00,W/m^2,23:28:25,28/6/17,Day of week:,Wednesday,25.44,Grade Celsius,
0,0.00,W/m^2,23:28:29,28/6/17,Day of week:,Wednesday,25.44,Grade Celsius,
0,0.00,W/m^2,23:28:32,28/6/17,Day of week:,Wednesday,25.44,Grade Celsius,
0,0.00,W/m^2,23:28:35,28/6/17,Day of week:,Wednesday,25.44,Grade Celsius,
0,0.00,W/m^2,23:28:38,28/6/17,Day of week:,Wednesday,25.44,Grade Celsius,
0,0.00,W/m^2,23:28:41,28/6/17,Day of week:,Wednesday,25.44,Grade Celsius,
0,0.00,W/m^2,23:28:44,28/6/17,Day of week:,Wednesday,25.44,Grade Celsius,
0,0.00,W/m^2,23:28:47,28/6/17,Day of week:,Wednesday,25.44,Grade Celsius,
0,0.00,W/m^2,23:28:50,28/6/17,Day of week:,Wednesday,25.50,Grade Celsius,
0,0.00,W/m^2,23:28:53,28/6/17,Day of week:,Wednesday,25.44,Grade Celsius,
0,0.00,W/m^2,23:28:56,28/6/17,Day of week:,Wednesday,25.44,Grade Celsius,
0,0.00,W/m^2,23:28:59,28/6/17,Day of week:,Wednesday,25.44,Grade Celsius,
0,0.00,W/m^2,23:29:02,28/6/17,Day of week:,Wednesday,25.44,Grade Celsius,
0,0.00,W/m^2,23:29:05,28/6/17,Day of week:,Wednesday,25.44,Grade Celsius,
0,0.00,W/m^2,23:29:08,28/6/17,Day of week:,Wednesday,25.44,Grade Celsius,
0,0.00,W/m^2,23:29:11,28/6/17,Day of week:,Wednesday,25.37,Grade Celsius,
0,0.00,W/m^2,23:29:15,28/6/17,Day of week:,Wednesday,25.37,Grade Celsius,
0,0.00,W/m^2,23:29:18,28/6/17,Day of week:,Wednesday,25.37,Grade Celsius,
0,0.00,W/m^2,23:29:21,28/6/17,Day of week:,Wednesday,25.44,Grade Celsius,
0,0.00,W/m^2,23:29:24,28/6/17,Day of week:,Wednesday,25.44,Grade Celsius,
0,0.00,W/m^2,23:29:27,28/6/17,Day of week:,Wednesday,25.44,Grade Celsius,
0,0.00,W/m^2,23:29:30,28/6/17,Day of week:,Wednesday,25.44,Grade Celsius,
0,0.00,W/m^2,23:29:33,28/6/17,Day of week:,Wednesday,25.44,Grade Celsius,
0,0.00,W/m^2,23:29:36,28/6/17,Day of week:,Wednesday,25.44,Grade Celsius,
0,0.00,W/m^2,23:29:39,28/6/17,Day of week:,Wednesday,25.44,Grade Celsius,
0,0.00,W/m^2,23:29:42,28/6/17,Day of week:,Wednesday,25.44,Grade Celsius,
0,0.00,W/m^2,23:29:45,28/6/17,Day of week:,Wednesday,25.44,Grade Celsius,
0,0.00,W/m^2,23:29:48,28/6/17,Day of week:,Wednesday,25.44,Grade Celsius,
0,0.00,W/m^2,23:29:51,28/6/17,Day of week:,Wednesday,25.44,Grade Celsius,
0,0.00,W/m^2,23:29:54,28/6/17,Day of week:,Wednesday,25.44,Grade Celsius,
0,0.00,W/m^2,23:29:57,28/6/17,Day of week:,Wednesday,25.44,Grade Celsius,
0,0.00,W/m^2,23:30:00,28/6/17,Day of week:,Wednesday,25.44,Grade Celsius,
0,0.00,W/m^2,23:30:04,28/6/17,Day of week:,Wednesday,25.44,Grade Celsius,
0,0.00,W/m^2,23:30:07,28/6/17,Day of week:,Wednesday,25.44,Grade Celsius,
0,0.00,W/m^2,23:30:10,28/6/17,Day of week:,Wednesday,25.44,Grade Celsius,
0,0.00,W/m^2,23:30:13,28/6/17,Day of week:,Wednesday,25.44,Grade Celsius,
0,0.00,W/m^2,23:30:16,28/6/17,Day of week:,Wednesday,25.37,Grade Celsius,
0,0.00,W/m^2,23:30:19,28/6/17,Day of week:,Wednesday,25.37,Grade Celsius,
0,0.00,W/m^2,23:30:22,28/6/17,Day of week:,Wednesday,25.37,Grade Celsius,
0,0.00,W/m^2,23:30:25,28/6/17,Day of week:,Wednesday,25.37,Grade Celsius,
0,0.00,W/m^2,23:30:28,28/6/17,Day of week:,Wednesday,25.37,Grade Celsius,
0,0.00,W/m^2,23:30:31,28/6/17,Day of week:,Wednesday,25.37,Grade Celsius,
0,0.00,W/m^2,23:30:34,28/6/17,Day of week:,Wednesday,25.37,Grade Celsius,
0,0.00,W/m^2,23:30:37,28/6/17,Day of week:,Wednesday,25.37,Grade Celsius,
0,0.00,W/m^2,23:30:40,28/6/17,Day of week:,Wednesday,25.37,Grade Celsius,
0,0.00,W/m^2,23:30:43,28/6/17,Day of week:,Wednesday,25.37,Grade Celsius,
0,0.00,W/m^2,23:30:46,28/6/17,Day of week:,Wednesday,25.37,Grade Celsius,
0,0.00,W/m^2,23:30:50,28/6/17,Day of week:,Wednesday,25.37,Grade Celsius,
0,0.00,W/m^2,23:30:53,28/6/17,Day of week:,Wednesday,25.37,Grade Celsius,
0,0.00,W/m^2,23:30:56,28/6/17,Day of week:,Wednesday,25.37,Grade Celsius,
0,0.00,W/m^2,23:30:59,28/6/17,Day of week:,Wednesday,25.37,Grade Celsius,
0,0.00,W/m^2,23:31:02,28/6/17,Day of week:,Wednesday,25.37,Grade Celsius,
0,0.00,W/m^2,23:31:05,28/6/17,Day of week:,Wednesday,25.31,Grade Celsius,
0,0.00,W/m^2,23:31:08,28/6/17,Day of week:,Wednesday,25.37,Grade Celsius,
0,0.00,W/m^2,23:31:11,28/6/17,Day of week:,Wednesday,25.37,Grade Celsius,
0,0.00,W/m^2,23:31:14,28/6/17,Day of week:,Wednesday,25.37,Grade Celsius,
0,0.00,W/m^2,23:31:17,28/6/17,Day of week:,Wednesday,25.31,Grade Celsius,
0,0.00,W/m^2,23:31:20,28/6/17,Day of week:,Wednesday,25.31,Grade Celsius,
0,0.00,W/m^2,23:31:23,28/6/17,Day of week:,Wednesday,25.31,Grade Celsius,
0,0.00,W/m^2,23:31:26,28/6/17,Day of week:,Wednesday,25.37,Grade Celsius,
0,0.00,W/m^2,23:31:29,28/6/17,Day of week:,Wednesday,25.31,Grade Celsius,
0,0.00,W/m^2,23:31:32,28/6/17,Day of week:,Wednesday,25.37,Grade Celsius,
0,0.00,W/m^2,23:31:36,28/6/17,Day of week:,Wednesday,25.37,Grade Celsius,
0,0.00,W/m^2,23:31:39,28/6/17,Day of week:,Wednesday,25.37,Grade Celsius,
0,0.00,W/m^2,23:31:42,28/6/17,Day of week:,Wednesday,25.37,Grade Celsius,
0,0.00,W/m^2,23:31:45,28/6/17,Day of week:,Wednesday,25.37,Grade Celsius,
0,0.00,W/m^2,23:31:48,28/6/17,Day of week:,Wednesday,25.37,Grade Celsius,
0,0.00,W/m^2,23:31:51,28/6/17,Day of week:,Wednesday,25.31,Grade Celsius,
0,0.00,W/m^2,23:31:54,28/6/17,Day of week:,Wednesday,25.31,Grade Celsius,
0,0.00,W/m^2,23:31:57,28/6/17,Day of week:,Wednesday,25.31,Grade Celsius,
0,0.00,W/m^2,23:32:00,28/6/17,Day of week:,Wednesday,25.31,Grade Celsius,
0,0.00,W/m^2,23:32:03,28/6/17,Day of week:,Wednesday,25.31,Grade Celsius,
0,0.00,W/m^2,23:32:06,28/6/17,Day of week:,Wednesday,25.37,Grade Celsius,
0,0.00,W/m^2,23:32:09,28/6/17,Day of week:,Wednesday,25.37,Grade Celsius,
0,0.00,W/m^2,23:32:12,28/6/17,Day of week:,Wednesday,25.37,Grade Celsius,
0,0.00,W/m^2,23:32:15,28/6/17,Day of week:,Wednesday,25.37,Grade Celsius,
0,0.00,W/m^2,23:32:18,28/6/17,Day of week:,Wednesday,25.37,Grade Celsius,
0,0.00,W/m^2,23:32:21,28/6/17,Day of week:,Wednesday,25.31,Grade Celsius,
0,0.00,W/m^2,23:32:25,28/6/17,Day of week:,Wednesday,25.31,Grade Celsius,
0,0.00,W/m^2,23:32:28,28/6/17,Day of week:,Wednesday,25.37,Grade Celsius,
0,0.00,W/m^2,23:32:31,28/6/17,Day of week:,Wednesday,25.31,Grade Celsius,
0,0.00,W/m^2,23:32:34,28/6/17,Day of week:,Wednesday,25.31,Grade Celsius,
0,0.00,W/m^2,23:32:37,28/6/17,Day of week:,Wednesday,25.31,Grade Celsius,
0,0.00,W/m^2,23:32:40,28/6/17,Day of week:,Wednesday,25.31,Grade Celsius,
0,0.00,W/m^2,23:32:43,28/6/17,Day of week:,Wednesday,25.31,Grade Celsius,
0,0.00,W/m^2,23:32:46,28/6/17,Day of week:,Wednesday,25.31,Grade Celsius,
0,0.00,W/m^2,23:32:49,28/6/17,Day of week:,Wednesday,25.31,Grade Celsius,
0,0.00,W/m^2,23:32:52,28/6/17,Day of week:,Wednesday,25.31,Grade Celsius,
0,0.00,W/m^2,23:32:55,28/6/17,Day of week:,Wednesday,25.31,Grade Celsius,
0,0.00,W/m^2,23:32:58,28/6/17,Day of week:,Wednesday,25.31,Grade Celsius,
0,0.00,W/m^2,23:33:01,28/6/17,Day of week:,Wednesday,25.31,Grade Celsius,
0,0.00,W/m^2,23:33:04,28/6/17,Day of week:,Wednesday,25.31,Grade Celsius,
0,0.00,W/m^2,23:33:07,28/6/17,Day of week:,Wednesday,25.31,Grade Celsius,
0,0.00,W/m^2,23:33:10,28/6/17,Day of week:,Wednesday,25.31,Grade Celsius,
0,0.00,W/m^2,23:33:14,28/6/17,Day of week:,Wednesday,25.31,Grade Celsius,
0,0.00,W/m^2,23:33:17,28/6/17,Day of week:,Wednesday,25.31,Grade Celsius,
0,0.00,W/m^2,23:33:20,28/6/17,Day of week:,Wednesday,25.31,Grade Celsius,
0,0.00,W/m^2,23:33:23,28/6/17,Day of week:,Wednesday,25.31,Grade Celsius,
0,0.00,W/m^2,23:33:26,28/6/17,Day of week:,Wednesday,25.31,Grade Celsius,
0,0.00,W/m^2,23:33:29,28/6/17,Day of week:,Wednesday,25.31,Grade Celsius,
0,0.00,W/m^2,23:33:32,28/6/17,Day of week:,Wednesday,25.31,Grade Celsius,
0,0.00,W/m^2,23:33:35,28/6/17,Day of week:,Wednesday,25.31,Grade Celsius,
0,0.00,W/m^2,23:33:38,28/6/17,Day of week:,Wednesday,25.31,Grade Celsius,
0,0.00,W/m^2,23:33:41,28/6/17,Day of week:,Wednesday,25.31,Grade Celsius,
0,0.00,W/m^2,23:33:44,28/6/17,Day of week:,Wednesday,25.31,Grade Celsius,
0,0.00,W/m^2,23:33:47,28/6/17,Day of week:,Wednesday,25.31,Grade Celsius,
0,0.00,W/m^2,23:33:50,28/6/17,Day of week:,Wednesday,25.25,Grade Celsius,
0,0.00,W/m^2,23:33:53,28/6/17,Day of week:,Wednesday,25.31,Grade Celsius,
0,0.00,W/m^2,23:33:56,28/6/17,Day of week:,Wednesday,25.31,Grade Celsius,
0,0.00,W/m^2,23:34:00,28/6/17,Day of week:,Wednesday,25.31,Grade Celsius,
0,0.00,W/m^2,23:34:03,28/6/17,Day of week:,Wednesday,25.31,Grade Celsius,
0,0.00,W/m^2,23:34:06,28/6/17,Day of week:,Wednesday,25.31,Grade Celsius,
0,0.00,W/m^2,23:34:09,28/6/17,Day of week:,Wednesday,25.31,Grade Celsius,
0,0.00,W/m^2,23:34:12,28/6/17,Day of week:,Wednesday,25.25,Grade Celsius,
0,0.00,W/m^2,23:34:15,28/6/17,Day of week:,Wednesday,25.31,Grade Celsius,
0,0.00,W/m^2,23:34:18,28/6/17,Day of week:,Wednesday,25.31,Grade Celsius,
0,0.00,W/m^2,23:34:21,28/6/17,Day of week:,Wednesday,25.31,Grade Celsius,
0,0.00,W/m^2,23:34:24,28/6/17,Day of week:,Wednesday,25.25,Grade Celsius,
0,0.00,W/m^2,23:34:27,28/6/17,Day of week:,Wednesday,25.31,Grade Celsius,
0,0.00,W/m^2,23:34:30,28/6/17,Day of week:,Wednesday,25.25,Grade Celsius,
0,0.00,W/m^2,23:34:33,28/6/17,Day of week:,Wednesday,25.25,Grade Celsius,
0,0.00,W/m^2,23:34:36,28/6/17,Day of week:,Wednesday,25.25,Grade Celsius,
0,0.00,W/m^2,23:34:39,28/6/17,Day of week:,Wednesday,25.25,Grade Celsius,
0,0.00,W/m^2,23:34:42,28/6/17,Day of week:,Wednesday,25.25,Grade Celsius,
0,0.00,W/m^2,23:34:46,28/6/17,Day of week:,Wednesday,25.25,Grade Celsius,
0,0.00,W/m^2,23:34:49,28/6/17,Day of week:,Wednesday,25.25,Grade Celsius,
0,0.00,W/m^2,23:34:52,28/6/17,Day of week:,Wednesday,25.25,Grade Celsius,
0,0.00,W/m^2,23:34:55,28/6/17,Day of week:,Wednesday,25.25,Grade Celsius,
0,0.00,W/m^2,23:34:58,28/6/17,Day of week:,Wednesday,25.19,Grade Celsius,
0,0.00,W/m^2,23:35:01,28/6/17,Day of week:,Wednesday,25.19,Grade Celsius,
0,0.00,W/m^2,23:35:04,28/6/17,Day of week:,Wednesday,25.19,Grade Celsius,
0,0.00,W/m^2,23:35:07,28/6/17,Day of week:,Wednesday,25.19,Grade Celsius,
0,0.00,W/m^2,23:35:10,28/6/17,Day of week:,Wednesday,25.19,Grade Celsius,
0,0.00,W/m^2,23:35:13,28/6/17,Day of week:,Wednesday,25.19,Grade Celsius,
0,0.00,W/m^2,23:35:16,28/6/17,Day of week:,Wednesday,25.19,Grade Celsius,
0,0.00,W/m^2,23:35:19,28/6/17,Day of week:,Wednesday,25.19,Grade Celsius,
0,0.00,W/m^2,23:35:22,28/6/17,Day of week:,Wednesday,25.19,Grade Celsius,
0,0.00,W/m^2,23:35:25,28/6/17,Day of week:,Wednesday,25.19,Grade Celsius,
0,0.00,W/m^2,23:35:28,28/6/17,Day of week:,Wednesday,25.19,Grade Celsius,
0,0.00,W/m^2,23:35:31,28/6/17,Day of week:,Wednesday,25.19,Grade Celsius,
0,0.00,W/m^2,23:35:35,28/6/17,Day of week:,Wednesday,25.19,Grade Celsius,
0,0.00,W/m^2,23:35:38,28/6/17,Day of week:,Wednesday,25.19,Grade Celsius,
0,0.00,W/m^2,23:35:41,28/6/17,Day of week:,Wednesday,25.19,Grade Celsius,
0,0.00,W/m^2,23:35:44,28/6/17,Day of week:,Wednesday,25.19,Grade Celsius,
0,0.00,W/m^2,23:35:47,28/6/17,Day of week:,Wednesday,25.19,Grade Celsius,
0,0.00,W/m^2,23:35:50,28/6/17,Day of week:,Wednesday,25.19,Grade Celsius,
0,0.00,W/m^2,23:35:53,28/6/17,Day of week:,Wednesday,25.19,Grade Celsius,
0,0.00,W/m^2,23:35:56,28/6/17,Day of week:,Wednesday,25.19,Grade Celsius,
0,0.00,W/m^2,23:35:59,28/6/17,Day of week:,Wednesday,25.19,Grade Celsius,
0,0.00,W/m^2,23:36:02,28/6/17,Day of week:,Wednesday,25.19,Grade Celsius,
0,0.00,W/m^2,23:36:05,28/6/17,Day of week:,Wednesday,25.19,Grade Celsius,
0,0.00,W/m^2,23:36:08,28/6/17,Day of week:,Wednesday,25.19,Grade Celsius,
0,0.00,W/m^2,23:36:11,28/6/17,Day of week:,Wednesday,25.19,Grade Celsius,
0,0.00,W/m^2,23:36:14,28/6/17,Day of week:,Wednesday,25.19,Grade Celsius,
0,0.00,W/m^2,23:36:17,28/6/17,Day of week:,Wednesday,25.19,Grade Celsius,
0,0.00,W/m^2,23:36:20,28/6/17,Day of week:,Wednesday,25.19,Grade Celsius,
0,0.00,W/m^2,23:36:24,28/6/17,Day of week:,Wednesday,25.19,Grade Celsius,
0,0.00,W/m^2,23:36:27,28/6/17,Day of week:,Wednesday,25.19,Grade Celsius,
0,0.00,W/m^2,23:36:30,28/6/17,Day of week:,Wednesday,25.19,Grade Celsius,
0,0.00,W/m^2,23:36:33,28/6/17,Day of week:,Wednesday,25.19,Grade Celsius,
0,0.00,W/m^2,23:36:36,28/6/17,Day of week:,Wednesday,25.19,Grade Celsius,
0,0.00,W/m^2,23:36:39,28/6/17,Day of week:,Wednesday,25.19,Grade Celsius,
0,0.00,W/m^2,23:36:42,28/6/17,Day of week:,Wednesday,25.12,Grade Celsius,
0,0.00,W/m^2,23:36:45,28/6/17,Day of week:,Wednesday,25.12,Grade Celsius,
0,0.00,W/m^2,23:36:48,28/6/17,Day of week:,Wednesday,25.12,Grade Celsius,
0,0.00,W/m^2,23:36:51,28/6/17,Day of week:,Wednesday,25.12,Grade Celsius,
0,0.00,W/m^2,23:36:54,28/6/17,Day of week:,Wednesday,25.12,Grade Celsius,
0,0.00,W/m^2,23:36:57,28/6/17,Day of week:,Wednesday,25.12,Grade Celsius,
0,0.00,W/m^2,23:37:00,28/6/17,Day of week:,Wednesday,25.12,Grade Celsius,
0,0.00,W/m^2,23:37:04,28/6/17,Day of week:,Wednesday,25.12,Grade Celsius,
0,0.00,W/m^2,23:37:07,28/6/17,Day of week:,Wednesday,25.12,Grade Celsius,
0,0.00,W/m^2,23:37:10,28/6/17,Day of week:,Wednesday,25.12,Grade Celsius,
0,0.00,W/m^2,23:37:13,28/6/17,Day of week:,Wednesday,25.12,Grade Celsius,
0,0.00,W/m^2,23:37:16,28/6/17,Day of week:,Wednesday,25.12,Grade Celsius,
0,0.00,W/m^2,23:37:19,28/6/17,Day of week:,Wednesday,25.12,Grade Celsius,
0,0.00,W/m^2,23:37:22,28/6/17,Day of week:,Wednesday,25.12,Grade Celsius,
0,0.00,W/m^2,23:37:25,28/6/17,Day of week:,Wednesday,25.12,Grade Celsius,
0,0.00,W/m^2,23:37:28,28/6/17,Day of week:,Wednesday,25.12,Grade Celsius,
0,0.00,W/m^2,23:37:31,28/6/17,Day of week:,Wednesday,25.12,Grade Celsius,
0,0.00,W/m^2,23:37:34,28/6/17,Day of week:,Wednesday,25.12,Grade Celsius,
0,0.00,W/m^2,23:37:37,28/6/17,Day of week:,Wednesday,25.12,Grade Celsius,
0,0.00,W/m^2,23:37:40,28/6/17,Day of week:,Wednesday,25.12,Grade Celsius,
0,0.00,W/m^2,23:37:43,28/6/17,Day of week:,Wednesday,25.12,Grade Celsius,
0,0.00,W/m^2,23:37:46,28/6/17,Day of week:,Wednesday,25.12,Grade Celsius,
0,0.00,W/m^2,23:37:49,28/6/17,Day of week:,Wednesday,25.12,Grade Celsius,
0,0.00,W/m^2,23:37:53,28/6/17,Day of week:,Wednesday,25.12,Grade Celsius,
0,0.00,W/m^2,23:37:56,28/6/17,Day of week:,Wednesday,25.12,Grade Celsius,
0,0.00,W/m^2,23:37:59,28/6/17,Day of week:,Wednesday,25.12,Grade Celsius,
0,0.00,W/m^2,23:38:02,28/6/17,Day of week:,Wednesday,25.12,Grade Celsius,
0,0.00,W/m^2,23:38:05,28/6/17,Day of week:,Wednesday,25.12,Grade Celsius,
0,0.00,W/m^2,23:38:08,28/6/17,Day of week:,Wednesday,25.12,Grade Celsius,
0,0.00,W/m^2,23:38:11,28/6/17,Day of week:,Wednesday,25.12,Grade Celsius,
0,0.00,W/m^2,23:38:14,28/6/17,Day of week:,Wednesday,25.12,Grade Celsius,
0,0.00,W/m^2,23:38:17,28/6/17,Day of week:,Wednesday,25.12,Grade Celsius,
0,0.00,W/m^2,23:38:20,28/6/17,Day of week:,Wednesday,25.12,Grade Celsius,
0,0.00,W/m^2,23:38:23,28/6/17,Day of week:,Wednesday,25.12,Grade Celsius,
0,0.00,W/m^2,23:38:26,28/6/17,Day of week:,Wednesday,25.12,Grade Celsius,
0,0.00,W/m^2,23:38:29,28/6/17,Day of week:,Wednesday,25.12,Grade Celsius,
0,0.00,W/m^2,23:38:32,28/6/17,Day of week:,Wednesday,25.19,Grade Celsius,
0,0.00,W/m^2,23:38:35,28/6/17,Day of week:,Wednesday,25.12,Grade Celsius,
0,0.00,W/m^2,23:38:39,28/6/17,Day of week:,Wednesday,25.12,Grade Celsius,
0,0.00,W/m^2,23:38:42,28/6/17,Day of week:,Wednesday,25.12,Grade Celsius,
0,0.00,W/m^2,23:38:45,28/6/17,Day of week:,Wednesday,25.12,Grade Celsius,
0,0.00,W/m^2,23:38:48,28/6/17,Day of week:,Wednesday,25.19,Grade Celsius,
0,0.00,W/m^2,23:38:51,28/6/17,Day of week:,Wednesday,25.19,Grade Celsius,
0,0.00,W/m^2,23:38:54,28/6/17,Day of week:,Wednesday,25.12,Grade Celsius,
0,0.00,W/m^2,23:38:57,28/6/17,Day of week:,Wednesday,25.12,Grade Celsius,
0,0.00,W/m^2,23:39:00,28/6/17,Day of week:,Wednesday,25.12,Grade Celsius,
0,0.00,W/m^2,23:39:03,28/6/17,Day of week:,Wednesday,25.12,Grade Celsius,
0,0.00,W/m^2,23:39:06,28/6/17,Day of week:,Wednesday,25.12,Grade Celsius,
0,0.00,W/m^2,23:39:09,28/6/17,Day of week:,Wednesday,25.06,Grade Celsius,
0,0.00,W/m^2,23:39:12,28/6/17,Day of week:,Wednesday,25.06,Grade Celsius,
0,0.00,W/m^2,23:39:15,28/6/17,Day of week:,Wednesday,25.00,Grade Celsius,
0,0.00,W/m^2,23:39:18,28/6/17,Day of week:,Wednesday,25.06,Grade Celsius,
0,0.00,W/m^2,23:39:21,28/6/17,Day of week:,Wednesday,25.00,Grade Celsius,
0,0.00,W/m^2,23:39:24,28/6/17,Day of week:,Wednesday,25.00,Grade Celsius,
0,0.00,W/m^2,23:39:28,28/6/17,Day of week:,Wednesday,25.00,Grade Celsius,
0,0.00,W/m^2,23:39:31,28/6/17,Day of week:,Wednesday,25.00,Grade Celsius,
0,0.00,W/m^2,23:39:34,28/6/17,Day of week:,Wednesday,25.06,Grade Celsius,
0,0.00,W/m^2,23:39:37,28/6/17,Day of week:,Wednesday,25.06,Grade Celsius,
0,0.00,W/m^2,23:39:40,28/6/17,Day of week:,Wednesday,25.12,Grade Celsius,
0,0.00,W/m^2,23:39:43,28/6/17,Day of week:,Wednesday,25.12,Grade Celsius,
0,0.00,W/m^2,23:39:46,28/6/17,Day of week:,Wednesday,25.12,Grade Celsius,
0,0.00,W/m^2,23:39:49,28/6/17,Day of week:,Wednesday,25.12,Grade Celsius,
0,0.00,W/m^2,23:39:52,28/6/17,Day of week:,Wednesday,25.12,Grade Celsius,
0,0.00,W/m^2,23:39:55,28/6/17,Day of week:,Wednesday,25.12,Grade Celsius,
0,0.00,W/m^2,23:39:58,28/6/17,Day of week:,Wednesday,25.12,Grade Celsius,
0,0.00,W/m^2,23:40:01,28/6/17,Day of week:,Wednesday,25.12,Grade Celsius,
0,0.00,W/m^2,23:40:04,28/6/17,Day of week:,Wednesday,25.12,Grade Celsius,
0,0.00,W/m^2,23:40:07,28/6/17,Day of week:,Wednesday,25.12,Grade Celsius,
0,0.00,W/m^2,23:40:10,28/6/17,Day of week:,Wednesday,25.12,Grade Celsius,
0,0.00,W/m^2,23:40:14,28/6/17,Day of week:,Wednesday,25.12,Grade Celsius,
0,0.00,W/m^2,23:40:17,28/6/17,Day of week:,Wednesday,25.12,Grade Celsius,
0,0.00,W/m^2,23:40:20,28/6/17,Day of week:,Wednesday,25.12,Grade Celsius,
0,0.00,W/m^2,23:40:23,28/6/17,Day of week:,Wednesday,25.12,Grade Celsius,
0,0.00,W/m^2,23:40:26,28/6/17,Day of week:,Wednesday,25.12,Grade Celsius,
0,0.00,W/m^2,23:40:29,28/6/17,Day of week:,Wednesday,25.12,Grade Celsius,
0,0.00,W/m^2,23:40:32,28/6/17,Day of week:,Wednesday,25.12,Grade Celsius,
0,0.00,W/m^2,23:40:35,28/6/17,Day of week:,Wednesday,25.12,Grade Celsius,
0,0.00,W/m^2,23:40:38,28/6/17,Day of week:,Wednesday,25.12,Grade Celsius,
0,0.00,W/m^2,23:40:41,28/6/17,Day of week:,Wednesday,25.12,Grade Celsius,
0,0.00,W/m^2,23:40:44,28/6/17,Day of week:,Wednesday,25.12,Grade Celsius,
0,0.00,W/m^2,23:40:47,28/6/17,Day of week:,Wednesday,25.12,Grade Celsius,
0,0.00,W/m^2,23:40:50,28/6/17,Day of week:,Wednesday,25.12,Grade Celsius,
0,0.00,W/m^2,23:40:53,28/6/17,Day of week:,Wednesday,25.12,Grade Celsius,
0,0.00,W/m^2,23:40:56,28/6/17,Day of week:,Wednesday,25.12,Grade Celsius,
0,0.00,W/m^2,23:40:59,28/6/17,Day of week:,Wednesday,25.12,Grade Celsius,
0,0.00,W/m^2,23:41:03,28/6/17,Day of week:,Wednesday,25.06,Grade Celsius,
0,0.00,W/m^2,23:41:06,28/6/17,Day of week:,Wednesday,25.06,Grade Celsius,
0,0.00,W/m^2,23:41:09,28/6/17,Day of week:,Wednesday,25.06,Grade Celsius,
0,0.00,W/m^2,23:41:12,28/6/17,Day of week:,Wednesday,25.06,Grade Celsius,
0,0.00,W/m^2,23:41:15,28/6/17,Day of week:,Wednesday,25.06,Grade Celsius,
0,0.00,W/m^2,23:41:18,28/6/17,Day of week:,Wednesday,25.12,Grade Celsius,
0,0.00,W/m^2,23:41:21,28/6/17,Day of week:,Wednesday,25.12,Grade Celsius,
0,0.00,W/m^2,23:41:24,28/6/17,Day of week:,Wednesday,25.12,Grade Celsius,
0,0.00,W/m^2,23:41:27,28/6/17,Day of week:,Wednesday,25.12,Grade Celsius,
0,0.00,W/m^2,23:41:30,28/6/17,Day of week:,Wednesday,25.12,Grade Celsius,
0,0.00,W/m^2,23:41:33,28/6/17,Day of week:,Wednesday,25.12,Grade Celsius,
0,0.00,W/m^2,23:41:36,28/6/17,Day of week:,Wednesday,25.12,Grade Celsius,
0,0.00,W/m^2,23:41:39,28/6/17,Day of week:,Wednesday,25.12,Grade Celsius,
0,0.00,W/m^2,23:41:42,28/6/17,Day of week:,Wednesday,25.12,Grade Celsius,
0,0.00,W/m^2,23:41:45,28/6/17,Day of week:,Wednesday,25.12,Grade Celsius,
0,0.00,W/m^2,23:41:48,28/6/17,Day of week:,Wednesday,25.12,Grade Celsius,
0,0.00,W/m^2,23:41:52,28/6/17,Day of week:,Wednesday,25.12,Grade Celsius,
0,0.00,W/m^2,23:41:55,28/6/17,Day of week:,Wednesday,25.12,Grade Celsius,
0,0.00,W/m^2,23:41:58,28/6/17,Day of week:,Wednesday,25.12,Grade Celsius,
0,0.00,W/m^2,23:42:01,28/6/17,Day of week:,Wednesday,25.12,Grade Celsius,
0,0.00,W/m^2,23:42:04,28/6/17,Day of week:,Wednesday,25.12,Grade Celsius,
0,0.00,W/m^2,23:42:07,28/6/17,Day of week:,Wednesday,25.12,Grade Celsius,
0,0.00,W/m^2,23:42:10,28/6/17,Day of week:,Wednesday,25.12,Grade Celsius,
0,0.00,W/m^2,23:42:13,28/6/17,Day of week:,Wednesday,25.12,Grade Celsius,
0,0.00,W/m^2,23:42:16,28/6/17,Day of week:,Wednesday,25.12,Grade Celsius,
0,0.00,W/m^2,23:42:19,28/6/17,Day of week:,Wednesday,25.12,Grade Celsius,
0,0.00,W/m^2,23:42:22,28/6/17,Day of week:,Wednesday,25.12,Grade Celsius,
0,0.00,W/m^2,23:42:25,28/6/17,Day of week:,Wednesday,25.12,Grade Celsius,
0,0.00,W/m^2,23:42:28,28/6/17,Day of week:,Wednesday,25.12,Grade Celsius,
0,0.00,W/m^2,23:42:31,28/6/17,Day of week:,Wednesday,25.12,Grade Celsius,
0,0.00,W/m^2,23:42:35,28/6/17,Day of week:,Wednesday,25.06,Grade Celsius,
0,0.00,W/m^2,23:42:38,28/6/17,Day of week:,Wednesday,25.00,Grade Celsius,
0,0.00,W/m^2,23:42:41,28/6/17,Day of week:,Wednesday,25.00,Grade Celsius,
0,0.00,W/m^2,23:42:44,28/6/17,Day of week:,Wednesday,25.00,Grade Celsius,
0,0.00,W/m^2,23:42:47,28/6/17,Day of week:,Wednesday,25.00,Grade Celsius,
0,0.00,W/m^2,23:42:50,28/6/17,Day of week:,Wednesday,25.00,Grade Celsius,
0,0.00,W/m^2,23:42:53,28/6/17,Day of week:,Wednesday,25.00,Grade Celsius,
0,0.00,W/m^2,23:42:56,28/6/17,Day of week:,Wednesday,25.00,Grade Celsius,
0,0.00,W/m^2,23:42:59,28/6/17,Day of week:,Wednesday,25.06,Grade Celsius,
0,0.00,W/m^2,23:43:02,28/6/17,Day of week:,Wednesday,25.06,Grade Celsius,
0,0.00,W/m^2,23:43:05,28/6/17,Day of week:,Wednesday,25.00,Grade Celsius,
0,0.00,W/m^2,23:43:08,28/6/17,Day of week:,Wednesday,25.00,Grade Celsius,
0,0.00,W/m^2,23:43:11,28/6/17,Day of week:,Wednesday,25.00,Grade Celsius,
0,0.00,W/m^2,23:43:14,28/6/17,Day of week:,Wednesday,25.00,Grade Celsius,
0,0.00,W/m^2,23:43:17,28/6/17,Day of week:,Wednesday,25.06,Grade Celsius,
0,0.00,W/m^2,23:43:20,28/6/17,Day of week:,Wednesday,25.00,Grade Celsius,
0,0.00,W/m^2,23:43:24,28/6/17,Day of week:,Wednesday,25.00,Grade Celsius,
0,0.00,W/m^2,23:43:27,28/6/17,Day of week:,Wednesday,25.00,Grade Celsius,
0,0.00,W/m^2,23:43:30,28/6/17,Day of week:,Wednesday,25.00,Grade Celsius,
0,0.00,W/m^2,23:43:33,28/6/17,Day of week:,Wednesday,25.06,Grade Celsius,
0,0.00,W/m^2,23:43:36,28/6/17,Day of week:,Wednesday,25.00,Grade Celsius,
0,0.00,W/m^2,23:43:39,28/6/17,Day of week:,Wednesday,25.00,Grade Celsius,
0,0.00,W/m^2,23:43:42,28/6/17,Day of week:,Wednesday,25.00,Grade Celsius,
0,0.00,W/m^2,23:43:45,28/6/17,Day of week:,Wednesday,25.00,Grade Celsius,
0,0.00,W/m^2,23:43:48,28/6/17,Day of week:,Wednesday,25.06,Grade Celsius,
0,0.00,W/m^2,23:43:51,28/6/17,Day of week:,Wednesday,25.06,Grade Celsius,
0,0.00,W/m^2,23:43:54,28/6/17,Day of week:,Wednesday,25.06,Grade Celsius,
0,0.00,W/m^2,23:43:57,28/6/17,Day of week:,Wednesday,25.06,Grade Celsius,
0,0.00,W/m^2,23:44:00,28/6/17,Day of week:,Wednesday,25.06,Grade Celsius,
0,0.00,W/m^2,23:44:03,28/6/17,Day of week:,Wednesday,25.06,Grade Celsius,
0,0.00,W/m^2,23:44:06,28/6/17,Day of week:,Wednesday,25.06,Grade Celsius,
0,0.00,W/m^2,23:44:10,28/6/17,Day of week:,Wednesday,25.06,Grade Celsius,
0,0.00,W/m^2,23:44:13,28/6/17,Day of week:,Wednesday,25.06,Grade Celsius,
0,0.00,W/m^2,23:44:16,28/6/17,Day of week:,Wednesday,25.06,Grade Celsius,
0,0.00,W/m^2,23:44:19,28/6/17,Day of week:,Wednesday,25.06,Grade Celsius,
0,0.00,W/m^2,23:44:22,28/6/17,Day of week:,Wednesday,25.06,Grade Celsius,
0,0.00,W/m^2,23:44:25,28/6/17,Day of week:,Wednesday,25.12,Grade Celsius,
0,0.00,W/m^2,23:44:28,28/6/17,Day of week:,Wednesday,25.12,Grade Celsius,
0,0.00,W/m^2,23:44:31,28/6/17,Day of week:,Wednesday,25.12,Grade Celsius,
0,0.00,W/m^2,23:44:34,28/6/17,Day of week:,Wednesday,25.12,Grade Celsius,
0,0.00,W/m^2,23:44:37,28/6/17,Day of week:,Wednesday,25.12,Grade Celsius,
0,0.00,W/m^2,23:44:40,28/6/17,Day of week:,Wednesday,25.12,Grade Celsius,
0,0.00,W/m^2,23:44:43,28/6/17,Day of week:,Wednesday,25.12,Grade Celsius,
0,0.00,W/m^2,23:44:46,28/6/17,Day of week:,Wednesday,25.12,Grade Celsius,
0,0.00,W/m^2,23:44:49,28/6/17,Day of week:,Wednesday,25.06,Grade Celsius,
0,0.00,W/m^2,23:44:52,28/6/17,Day of week:,Wednesday,25.06,Grade Celsius,
0,0.00,W/m^2,23:44:55,28/6/17,Day of week:,Wednesday,25.06,Grade Celsius,
0,0.00,W/m^2,23:44:59,28/6/17,Day of week:,Wednesday,25.06,Grade Celsius,
0,0.00,W/m^2,23:45:02,28/6/17,Day of week:,Wednesday,25.06,Grade Celsius,
0,0.00,W/m^2,23:45:05,28/6/17,Day of week:,Wednesday,25.00,Grade Celsius,
0,0.00,W/m^2,23:45:08,28/6/17,Day of week:,Wednesday,25.00,Grade Celsius,
0,0.00,W/m^2,23:45:11,28/6/17,Day of week:,Wednesday,25.06,Grade Celsius,
0,0.00,W/m^2,23:45:14,28/6/17,Day of week:,Wednesday,25.00,Grade Celsius,
0,0.00,W/m^2,23:45:17,28/6/17,Day of week:,Wednesday,25.00,Grade Celsius,
0,0.00,W/m^2,23:45:20,28/6/17,Day of week:,Wednesday,25.00,Grade Celsius,
0,0.00,W/m^2,23:45:23,28/6/17,Day of week:,Wednesday,25.00,Grade Celsius,
0,0.00,W/m^2,23:45:26,28/6/17,Day of week:,Wednesday,25.00,Grade Celsius,
0,0.00,W/m^2,23:45:29,28/6/17,Day of week:,Wednesday,25.00,Grade Celsius,
0,0.00,W/m^2,23:45:32,28/6/17,Day of week:,Wednesday,25.06,Grade Celsius,
0,0.00,W/m^2,23:45:35,28/6/17,Day of week:,Wednesday,25.06,Grade Celsius,
0,0.00,W/m^2,23:45:38,28/6/17,Day of week:,Wednesday,25.06,Grade Celsius,
0,0.00,W/m^2,23:45:41,28/6/17,Day of week:,Wednesday,25.06,Grade Celsius,
0,0.00,W/m^2,23:45:44,28/6/17,Day of week:,Wednesday,25.06,Grade Celsius,
0,0.00,W/m^2,23:45:48,28/6/17,Day of week:,Wednesday,25.06,Grade Celsius,
0,0.00,W/m^2,23:45:51,28/6/17,Day of week:,Wednesday,25.06,Grade Celsius,
0,0.00,W/m^2,23:45:54,28/6/17,Day of week:,Wednesday,25.12,Grade Celsius,
0,0.00,W/m^2,23:45:57,28/6/17,Day of week:,Wednesday,25.12,Grade Celsius,
0,0.00,W/m^2,23:46:00,28/6/17,Day of week:,Wednesday,25.12,Grade Celsius,
0,0.00,W/m^2,23:46:03,28/6/17,Day of week:,Wednesday,25.12,Grade Celsius,
0,0.00,W/m^2,23:46:06,28/6/17,Day of week:,Wednesday,25.12,Grade Celsius,
0,0.00,W/m^2,23:46:09,28/6/17,Day of week:,Wednesday,25.12,Grade Celsius,
0,0.00,W/m^2,23:46:12,28/6/17,Day of week:,Wednesday,25.12,Grade Celsius,
0,0.00,W/m^2,23:46:15,28/6/17,Day of week:,Wednesday,25.12,Grade Celsius,
0,0.00,W/m^2,23:46:18,28/6/17,Day of week:,Wednesday,25.12,Grade Celsius,
0,0.00,W/m^2,23:46:21,28/6/17,Day of week:,Wednesday,25.12,Grade Celsius,
0,0.00,W/m^2,23:46:24,28/6/17,Day of week:,Wednesday,25.12,Grade Celsius,
0,0.00,W/m^2,23:46:27,28/6/17,Day of week:,Wednesday,25.12,Grade Celsius,
0,0.00,W/m^2,23:46:30,28/6/17,Day of week:,Wednesday,25.06,Grade Celsius,
0,0.00,W/m^2,23:46:34,28/6/17,Day of week:,Wednesday,25.06,Grade Celsius,
0,0.00,W/m^2,23:46:37,28/6/17,Day of week:,Wednesday,25.06,Grade Celsius,
0,0.00,W/m^2,23:46:40,28/6/17,Day of week:,Wednesday,25.06,Grade Celsius,
0,0.00,W/m^2,23:46:43,28/6/17,Day of week:,Wednesday,25.06,Grade Celsius,
0,0.00,W/m^2,23:46:46,28/6/17,Day of week:,Wednesday,25.06,Grade Celsius,
0,0.00,W/m^2,23:46:49,28/6/17,Day of week:,Wednesday,25.06,Grade Celsius,
0,0.00,W/m^2,23:46:52,28/6/17,Day of week:,Wednesday,25.06,Grade Celsius,
0,0.00,W/m^2,23:46:55,28/6/17,Day of week:,Wednesday,25.06,Grade Celsius,
0,0.00,W/m^2,23:46:58,28/6/17,Day of week:,Wednesday,25.06,Grade Celsius,
0,0.00,W/m^2,23:47:01,28/6/17,Day of week:,Wednesday,25.06,Grade Celsius,
0,0.00,W/m^2,23:47:04,28/6/17,Day of week:,Wednesday,25.00,Grade Celsius,
0,0.00,W/m^2,23:47:07,28/6/17,Day of week:,Wednesday,25.00,Grade Celsius,
0,0.00,W/m^2,23:47:10,28/6/17,Day of week:,Wednesday,25.00,Grade Celsius,
0,0.00,W/m^2,23:47:13,28/6/17,Day of week:,Wednesday,25.00,Grade Celsius,
0,0.00,W/m^2,23:47:16,28/6/17,Day of week:,Wednesday,25.06,Grade Celsius,
0,0.00,W/m^2,23:47:19,28/6/17,Day of week:,Wednesday,25.06,Grade Celsius,
0,0.00,W/m^2,23:47:23,28/6/17,Day of week:,Wednesday,25.06,Grade Celsius,
0,0.00,W/m^2,23:47:26,28/6/17,Day of week:,Wednesday,25.06,Grade Celsius,
0,0.00,W/m^2,23:47:29,28/6/17,Day of week:,Wednesday,25.06,Grade Celsius,
0,0.00,W/m^2,23:47:32,28/6/17,Day of week:,Wednesday,25.06,Grade Celsius,
0,0.00,W/m^2,23:47:35,28/6/17,Day of week:,Wednesday,25.06,Grade Celsius,
0,0.00,W/m^2,23:47:38,28/6/17,Day of week:,Wednesday,25.06,Grade Celsius,
0,0.00,W/m^2,23:47:41,28/6/17,Day of week:,Wednesday,25.06,Grade Celsius,
0,0.00,W/m^2,23:47:44,28/6/17,Day of week:,Wednesday,25.12,Grade Celsius,
0,0.00,W/m^2,23:47:47,28/6/17,Day of week:,Wednesday,25.12,Grade Celsius,
0,0.00,W/m^2,23:47:50,28/6/17,Day of week:,Wednesday,25.12,Grade Celsius,
0,0.00,W/m^2,23:47:53,28/6/17,Day of week:,Wednesday,25.06,Grade Celsius,
0,0.00,W/m^2,23:47:56,28/6/17,Day of week:,Wednesday,25.06,Grade Celsius,
0,0.00,W/m^2,23:47:59,28/6/17,Day of week:,Wednesday,25.06,Grade Celsius,
0,0.00,W/m^2,23:48:03,28/6/17,Day of week:,Wednesday,25.06,Grade Celsius,
0,0.00,W/m^2,23:48:06,28/6/17,Day of week:,Wednesday,25.06,Grade Celsius,
0,0.00,W/m^2,23:48:09,28/6/17,Day of week:,Wednesday,25.06,Grade Celsius,
0,0.00,W/m^2,23:48:12,28/6/17,Day of week:,Wednesday,25.06,Grade Celsius,
0,0.00,W/m^2,23:48:15,28/6/17,Day of week:,Wednesday,25.06,Grade Celsius,
0,0.00,W/m^2,23:48:18,28/6/17,Day of week:,Wednesday,25.06,Grade Celsius,
0,0.00,W/m^2,23:48:21,28/6/17,Day of week:,Wednesday,25.06,Grade Celsius,
0,0.00,W/m^2,23:48:24,28/6/17,Day of week:,Wednesday,25.00,Grade Celsius,
0,0.00,W/m^2,23:48:27,28/6/17,Day of week:,Wednesday,25.00,Grade Celsius,
0,0.00,W/m^2,23:48:30,28/6/17,Day of week:,Wednesday,25.00,Grade Celsius,
0,0.00,W/m^2,23:48:33,28/6/17,Day of week:,Wednesday,25.00,Grade Celsius,
0,0.00,W/m^2,23:48:36,28/6/17,Day of week:,Wednesday,25.00,Grade Celsius,
0,0.00,W/m^2,23:48:39,28/6/17,Day of week:,Wednesday,25.00,Grade Celsius,
0,0.00,W/m^2,23:48:42,28/6/17,Day of week:,Wednesday,25.00,Grade Celsius,
0,0.00,W/m^2,23:48:45,28/6/17,Day of week:,Wednesday,25.00,Grade Celsius,
0,0.00,W/m^2,23:48:49,28/6/17,Day of week:,Wednesday,25.00,Grade Celsius,
0,0.00,W/m^2,23:48:52,28/6/17,Day of week:,Wednesday,25.00,Grade Celsius,
0,0.00,W/m^2,23:48:55,28/6/17,Day of week:,Wednesday,25.00,Grade Celsius,
0,0.00,W/m^2,23:48:58,28/6/17,Day of week:,Wednesday,25.00,Grade Celsius,
0,0.00,W/m^2,23:49:01,28/6/17,Day of week:,Wednesday,25.00,Grade Celsius,
0,0.00,W/m^2,23:49:04,28/6/17,Day of week:,Wednesday,25.00,Grade Celsius,
0,0.00,W/m^2,23:49:07,28/6/17,Day of week:,Wednesday,25.00,Grade Celsius,
0,0.00,W/m^2,23:49:10,28/6/17,Day of week:,Wednesday,25.00,Grade Celsius,
0,0.00,W/m^2,23:49:13,28/6/17,Day of week:,Wednesday,25.00,Grade Celsius,
0,0.00,W/m^2,23:49:16,28/6/17,Day of week:,Wednesday,25.00,Grade Celsius,
0,0.00,W/m^2,23:49:19,28/6/17,Day of week:,Wednesday,25.00,Grade Celsius,
0,0.00,W/m^2,23:49:22,28/6/17,Day of week:,Wednesday,24.94,Grade Celsius,
0,0.00,W/m^2,23:49:25,28/6/17,Day of week:,Wednesday,25.00,Grade Celsius,
0,0.00,W/m^2,23:49:28,28/6/17,Day of week:,Wednesday,25.00,Grade Celsius,
0,0.00,W/m^2,23:49:31,28/6/17,Day of week:,Wednesday,25.00,Grade Celsius,
0,0.00,W/m^2,23:49:34,28/6/17,Day of week:,Wednesday,25.00,Grade Celsius,
0,0.00,W/m^2,23:49:38,28/6/17,Day of week:,Wednesday,25.00,Grade Celsius,
0,0.00,W/m^2,23:49:41,28/6/17,Day of week:,Wednesday,25.00,Grade Celsius,
0,0.00,W/m^2,23:49:44,28/6/17,Day of week:,Wednesday,25.00,Grade Celsius,
0,0.00,W/m^2,23:49:47,28/6/17,Day of week:,Wednesday,25.00,Grade Celsius,
0,0.00,W/m^2,23:49:50,28/6/17,Day of week:,Wednesday,25.00,Grade Celsius,
0,0.00,W/m^2,23:49:53,28/6/17,Day of week:,Wednesday,25.00,Grade Celsius,
0,0.00,W/m^2,23:49:56,28/6/17,Day of week:,Wednesday,25.00,Grade Celsius,
0,0.00,W/m^2,23:49:59,28/6/17,Day of week:,Wednesday,25.00,Grade Celsius,
0,0.00,W/m^2,23:50:02,28/6/17,Day of week:,Wednesday,25.06,Grade Celsius,
0,0.00,W/m^2,23:50:05,28/6/17,Day of week:,Wednesday,25.00,Grade Celsius,
0,0.00,W/m^2,23:50:08,28/6/17,Day of week:,Wednesday,25.06,Grade Celsius,
0,0.00,W/m^2,23:50:11,28/6/17,Day of week:,Wednesday,25.06,Grade Celsius,
0,0.00,W/m^2,23:50:14,28/6/17,Day of week:,Wednesday,25.06,Grade Celsius,
0,0.00,W/m^2,23:50:17,28/6/17,Day of week:,Wednesday,25.06,Grade Celsius,
0,0.00,W/m^2,23:50:20,28/6/17,Day of week:,Wednesday,25.06,Grade Celsius,
0,0.00,W/m^2,23:50:23,28/6/17,Day of week:,Wednesday,25.06,Grade Celsius,
0,0.00,W/m^2,23:50:27,28/6/17,Day of week:,Wednesday,25.00,Grade Celsius,
0,0.00,W/m^2,23:50:30,28/6/17,Day of week:,Wednesday,25.00,Grade Celsius,
0,0.00,W/m^2,23:50:33,28/6/17,Day of week:,Wednesday,25.00,Grade Celsius,
0,0.00,W/m^2,23:50:36,28/6/17,Day of week:,Wednesday,25.06,Grade Celsius,
0,0.00,W/m^2,23:50:39,28/6/17,Day of week:,Wednesday,25.06,Grade Celsius,
0,0.00,W/m^2,23:50:42,28/6/17,Day of week:,Wednesday,25.06,Grade Celsius,
0,0.00,W/m^2,23:50:45,28/6/17,Day of week:,Wednesday,25.06,Grade Celsius,
0,0.00,W/m^2,23:50:48,28/6/17,Day of week:,Wednesday,25.00,Grade Celsius,
0,0.00,W/m^2,23:50:51,28/6/17,Day of week:,Wednesday,25.00,Grade Celsius,
0,0.00,W/m^2,23:50:54,28/6/17,Day of week:,Wednesday,25.00,Grade Celsius,
0,0.00,W/m^2,23:50:57,28/6/17,Day of week:,Wednesday,25.00,Grade Celsius,
0,0.00,W/m^2,23:51:00,28/6/17,Day of week:,Wednesday,25.00,Grade Celsius,
0,0.00,W/m^2,23:51:03,28/6/17,Day of week:,Wednesday,25.00,Grade Celsius,
0,0.00,W/m^2,23:51:06,28/6/17,Day of week:,Wednesday,25.00,Grade Celsius,
0,0.00,W/m^2,23:51:09,28/6/17,Day of week:,Wednesday,25.00,Grade Celsius,
0,0.00,W/m^2,23:51:12,28/6/17,Day of week:,Wednesday,25.00,Grade Celsius,
0,0.00,W/m^2,23:51:16,28/6/17,Day of week:,Wednesday,25.00,Grade Celsius,
0,0.00,W/m^2,23:51:19,28/6/17,Day of week:,Wednesday,25.00,Grade Celsius,
0,0.00,W/m^2,23:51:22,28/6/17,Day of week:,Wednesday,25.00,Grade Celsius,
0,0.00,W/m^2,23:51:25,28/6/17,Day of week:,Wednesday,25.00,Grade Celsius,
0,0.00,W/m^2,23:51:28,28/6/17,Day of week:,Wednesday,25.00,Grade Celsius,
0,0.00,W/m^2,23:51:31,28/6/17,Day of week:,Wednesday,25.00,Grade Celsius,
0,0.00,W/m^2,23:51:34,28/6/17,Day of week:,Wednesday,25.00,Grade Celsius,
0,0.00,W/m^2,23:51:37,28/6/17,Day of week:,Wednesday,25.00,Grade Celsius,
0,0.00,W/m^2,23:51:40,28/6/17,Day of week:,Wednesday,25.00,Grade Celsius,
0,0.00,W/m^2,23:51:43,28/6/17,Day of week:,Wednesday,25.00,Grade Celsius,
0,0.00,W/m^2,23:51:46,28/6/17,Day of week:,Wednesday,25.00,Grade Celsius,
0,0.00,W/m^2,23:51:49,28/6/17,Day of week:,Wednesday,25.00,Grade Celsius,
0,0.00,W/m^2,23:51:52,28/6/17,Day of week:,Wednesday,25.00,Grade Celsius,
0,0.00,W/m^2,23:51:55,28/6/17,Day of week:,Wednesday,25.00,Grade Celsius,
0,0.00,W/m^2,23:51:58,28/6/17,Day of week:,Wednesday,25.00,Grade Celsius,
0,0.00,W/m^2,23:52:01,28/6/17,Day of week:,Wednesday,25.00,Grade Celsius,
0,0.00,W/m^2,23:52:05,28/6/17,Day of week:,Wednesday,25.00,Grade Celsius,
0,0.00,W/m^2,23:52:08,28/6/17,Day of week:,Wednesday,25.00,Grade Celsius,
0,0.00,W/m^2,23:52:11,28/6/17,Day of week:,Wednesday,25.00,Grade Celsius,
0,0.00,W/m^2,23:52:14,28/6/17,Day of week:,Wednesday,25.00,Grade Celsius,
0,0.00,W/m^2,23:52:17,28/6/17,Day of week:,Wednesday,25.00,Grade Celsius,
0,0.00,W/m^2,23:52:20,28/6/17,Day of week:,Wednesday,25.00,Grade Celsius,
0,0.00,W/m^2,23:52:23,28/6/17,Day of week:,Wednesday,25.00,Grade Celsius,
0,0.00,W/m^2,23:52:26,28/6/17,Day of week:,Wednesday,25.00,Grade Celsius,
0,0.00,W/m^2,23:52:29,28/6/17,Day of week:,Wednesday,25.00,Grade Celsius,
0,0.00,W/m^2,23:52:32,28/6/17,Day of week:,Wednesday,25.00,Grade Celsius,
0,0.00,W/m^2,23:52:35,28/6/17,Day of week:,Wednesday,25.00,Grade Celsius,
0,0.00,W/m^2,23:52:38,28/6/17,Day of week:,Wednesday,25.00,Grade Celsius,
0,0.00,W/m^2,23:52:41,28/6/17,Day of week:,Wednesday,24.94,Grade Celsius,
0,0.00,W/m^2,23:52:44,28/6/17,Day of week:,Wednesday,25.00,Grade Celsius,
0,0.00,W/m^2,23:52:47,28/6/17,Day of week:,Wednesday,25.00,Grade Celsius,
0,0.00,W/m^2,23:52:50,28/6/17,Day of week:,Wednesday,25.00,Grade Celsius,
0,0.00,W/m^2,23:52:54,28/6/17,Day of week:,Wednesday,25.00,Grade Celsius,
0,0.00,W/m^2,23:52:57,28/6/17,Day of week:,Wednesday,25.00,Grade Celsius,
0,0.00,W/m^2,23:53:00,28/6/17,Day of week:,Wednesday,25.00,Grade Celsius,
0,0.00,W/m^2,23:53:03,28/6/17,Day of week:,Wednesday,25.00,Grade Celsius,
0,0.00,W/m^2,23:53:06,28/6/17,Day of week:,Wednesday,25.00,Grade Celsius,
0,0.00,W/m^2,23:53:09,28/6/17,Day of week:,Wednesday,24.94,Grade Celsius,
0,0.00,W/m^2,23:53:12,28/6/17,Day of week:,Wednesday,24.94,Grade Celsius,
0,0.00,W/m^2,23:53:15,28/6/17,Day of week:,Wednesday,24.94,Grade Celsius,
0,0.00,W/m^2,23:53:18,28/6/17,Day of week:,Wednesday,24.94,Grade Celsius,
0,0.00,W/m^2,23:53:21,28/6/17,Day of week:,Wednesday,24.94,Grade Celsius,
0,0.00,W/m^2,23:53:24,28/6/17,Day of week:,Wednesday,24.94,Grade Celsius,
0,0.00,W/m^2,23:53:27,28/6/17,Day of week:,Wednesday,24.94,Grade Celsius,
0,0.00,W/m^2,23:53:30,28/6/17,Day of week:,Wednesday,24.87,Grade Celsius,
0,0.00,W/m^2,23:53:33,28/6/17,Day of week:,Wednesday,24.87,Grade Celsius,
0,0.00,W/m^2,23:53:37,28/6/17,Day of week:,Wednesday,24.87,Grade Celsius,
0,0.00,W/m^2,23:53:40,28/6/17,Day of week:,Wednesday,24.87,Grade Celsius,
0,0.00,W/m^2,23:53:43,28/6/17,Day of week:,Wednesday,24.87,Grade Celsius,
0,0.00,W/m^2,23:53:46,28/6/17,Day of week:,Wednesday,24.87,Grade Celsius,
0,0.00,W/m^2,23:53:49,28/6/17,Day of week:,Wednesday,24.87,Grade Celsius,
0,0.00,W/m^2,23:53:52,28/6/17,Day of week:,Wednesday,24.87,Grade Celsius,
0,0.00,W/m^2,23:53:55,28/6/17,Day of week:,Wednesday,24.87,Grade Celsius,
0,0.00,W/m^2,23:53:58,28/6/17,Day of week:,Wednesday,24.87,Grade Celsius,
0,0.00,W/m^2,23:54:01,28/6/17,Day of week:,Wednesday,24.87,Grade Celsius,
0,0.00,W/m^2,23:54:04,28/6/17,Day of week:,Wednesday,24.87,Grade Celsius,
0,0.00,W/m^2,23:54:07,28/6/17,Day of week:,Wednesday,24.87,Grade Celsius,
0,0.00,W/m^2,23:54:10,28/6/17,Day of week:,Wednesday,24.87,Grade Celsius,
0,0.00,W/m^2,23:54:13,28/6/17,Day of week:,Wednesday,24.87,Grade Celsius,
0,0.00,W/m^2,23:54:16,28/6/17,Day of week:,Wednesday,24.87,Grade Celsius,
0,0.00,W/m^2,23:54:19,28/6/17,Day of week:,Wednesday,24.87,Grade Celsius,
0,0.00,W/m^2,23:54:23,28/6/17,Day of week:,Wednesday,24.87,Grade Celsius,
0,0.00,W/m^2,23:54:26,28/6/17,Day of week:,Wednesday,24.87,Grade Celsius,
0,0.00,W/m^2,23:54:29,28/6/17,Day of week:,Wednesday,24.87,Grade Celsius,
0,0.00,W/m^2,23:54:32,28/6/17,Day of week:,Wednesday,24.87,Grade Celsius,
0,0.00,W/m^2,23:54:35,28/6/17,Day of week:,Wednesday,24.87,Grade Celsius,
0,0.00,W/m^2,23:54:38,28/6/17,Day of week:,Wednesday,24.87,Grade Celsius,
0,0.00,W/m^2,23:54:41,28/6/17,Day of week:,Wednesday,24.87,Grade Celsius,
0,0.00,W/m^2,23:54:44,28/6/17,Day of week:,Wednesday,24.94,Grade Celsius,
0,0.00,W/m^2,23:54:47,28/6/17,Day of week:,Wednesday,24.94,Grade Celsius,
0,0.00,W/m^2,23:54:50,28/6/17,Day of week:,Wednesday,24.94,Grade Celsius,
0,0.00,W/m^2,23:54:53,28/6/17,Day of week:,Wednesday,24.94,Grade Celsius,
0,0.00,W/m^2,23:54:56,28/6/17,Day of week:,Wednesday,24.94,Grade Celsius,
0,0.00,W/m^2,23:54:59,28/6/17,Day of week:,Wednesday,24.94,Grade Celsius,
0,0.00,W/m^2,23:55:02,28/6/17,Day of week:,Wednesday,24.94,Grade Celsius,
0,0.00,W/m^2,23:55:05,28/6/17,Day of week:,Wednesday,24.94,Grade Celsius,
0,0.00,W/m^2,23:55:08,28/6/17,Day of week:,Wednesday,24.94,Grade Celsius,
0,0.00,W/m^2,23:55:12,28/6/17,Day of week:,Wednesday,24.94,Grade Celsius,
0,0.00,W/m^2,23:55:15,28/6/17,Day of week:,Wednesday,24.94,Grade Celsius,
0,0.00,W/m^2,23:55:18,28/6/17,Day of week:,Wednesday,24.94,Grade Celsius,
0,0.00,W/m^2,23:55:21,28/6/17,Day of week:,Wednesday,24.94,Grade Celsius,
0,0.00,W/m^2,23:55:24,28/6/17,Day of week:,Wednesday,24.94,Grade Celsius,
0,0.00,W/m^2,23:55:27,28/6/17,Day of week:,Wednesday,24.94,Grade Celsius,
0,0.00,W/m^2,23:55:30,28/6/17,Day of week:,Wednesday,24.94,Grade Celsius,
0,0.00,W/m^2,23:55:33,28/6/17,Day of week:,Wednesday,25.00,Grade Celsius,
0,0.00,W/m^2,23:55:36,28/6/17,Day of week:,Wednesday,25.00,Grade Celsius,
0,0.00,W/m^2,23:55:39,28/6/17,Day of week:,Wednesday,25.00,Grade Celsius,
0,0.00,W/m^2,23:55:42,28/6/17,Day of week:,Wednesday,25.00,Grade Celsius,
0,0.00,W/m^2,23:55:45,28/6/17,Day of week:,Wednesday,25.00,Grade Celsius,
0,0.00,W/m^2,23:55:48,28/6/17,Day of week:,Wednesday,25.00,Grade Celsius,
0,0.00,W/m^2,23:55:51,28/6/17,Day of week:,Wednesday,25.00,Grade Celsius,
0,0.00,W/m^2,23:55:54,28/6/17,Day of week:,Wednesday,25.00,Grade Celsius,
0,0.00,W/m^2,23:55:57,28/6/17,Day of week:,Wednesday,24.94,Grade Celsius,
0,0.00,W/m^2,23:56:01,28/6/17,Day of week:,Wednesday,25.00,Grade Celsius,
0,0.00,W/m^2,23:56:04,28/6/17,Day of week:,Wednesday,24.94,Grade Celsius,
0,0.00,W/m^2,23:56:07,28/6/17,Day of week:,Wednesday,24.94,Grade Celsius,
0,0.00,W/m^2,23:56:10,28/6/17,Day of week:,Wednesday,24.94,Grade Celsius,
0,0.00,W/m^2,23:56:13,28/6/17,Day of week:,Wednesday,24.94,Grade Celsius,
0,0.00,W/m^2,23:56:16,28/6/17,Day of week:,Wednesday,25.00,Grade Celsius,
0,0.00,W/m^2,23:56:19,28/6/17,Day of week:,Wednesday,24.94,Grade Celsius,
0,0.00,W/m^2,23:56:22,28/6/17,Day of week:,Wednesday,25.00,Grade Celsius,
0,0.00,W/m^2,23:56:25,28/6/17,Day of week:,Wednesday,25.00,Grade Celsius,
0,0.00,W/m^2,23:56:28,28/6/17,Day of week:,Wednesday,24.94,Grade Celsius,
0,0.00,W/m^2,23:56:31,28/6/17,Day of week:,Wednesday,24.94,Grade Celsius,
0,0.00,W/m^2,23:56:34,28/6/17,Day of week:,Wednesday,24.94,Grade Celsius,
0,0.00,W/m^2,23:56:37,28/6/17,Day of week:,Wednesday,25.00,Grade Celsius,
0,0.00,W/m^2,23:56:40,28/6/17,Day of week:,Wednesday,25.00,Grade Celsius,
0,0.00,W/m^2,23:56:43,28/6/17,Day of week:,Wednesday,24.94,Grade Celsius,
0,0.00,W/m^2,23:56:46,28/6/17,Day of week:,Wednesday,25.00,Grade Celsius,
0,0.00,W/m^2,23:56:50,28/6/17,Day of week:,Wednesday,25.00,Grade Celsius,
0,0.00,W/m^2,23:56:53,28/6/17,Day of week:,Wednesday,25.00,Grade Celsius,
0,0.00,W/m^2,23:56:56,28/6/17,Day of week:,Wednesday,25.00,Grade Celsius,
0,0.00,W/m^2,23:56:59,28/6/17,Day of week:,Wednesday,25.00,Grade Celsius,
0,0.00,W/m^2,23:57:02,28/6/17,Day of week:,Wednesday,25.00,Grade Celsius,
0,0.00,W/m^2,23:57:05,28/6/17,Day of week:,Wednesday,24.94,Grade Celsius,
0,0.00,W/m^2,23:57:08,28/6/17,Day of week:,Wednesday,24.94,Grade Celsius,
0,0.00,W/m^2,23:57:11,28/6/17,Day of week:,Wednesday,24.94,Grade Celsius,
0,0.00,W/m^2,23:57:14,28/6/17,Day of week:,Wednesday,24.94,Grade Celsius,
0,0.00,W/m^2,23:57:17,28/6/17,Day of week:,Wednesday,24.94,Grade Celsius,
0,0.00,W/m^2,23:57:20,28/6/17,Day of week:,Wednesday,24.94,Grade Celsius,
0,0.00,W/m^2,23:57:23,28/6/17,Day of week:,Wednesday,24.94,Grade Celsius,
0,0.00,W/m^2,23:57:26,28/6/17,Day of week:,Wednesday,24.94,Grade Celsius,
0,0.00,W/m^2,23:57:29,28/6/17,Day of week:,Wednesday,24.94,Grade Celsius,
0,0.00,W/m^2,23:57:32,28/6/17,Day of week:,Wednesday,24.94,Grade Celsius,
0,0.00,W/m^2,23:57:35,28/6/17,Day of week:,Wednesday,24.94,Grade Celsius,
0,0.00,W/m^2,23:57:39,28/6/17,Day of week:,Wednesday,24.94,Grade Celsius,
0,0.00,W/m^2,23:57:42,28/6/17,Day of week:,Wednesday,24.94,Grade Celsius,
0,0.00,W/m^2,23:57:45,28/6/17,Day of week:,Wednesday,24.94,Grade Celsius,
0,0.00,W/m^2,23:57:48,28/6/17,Day of week:,Wednesday,24.94,Grade Celsius,
0,0.00,W/m^2,23:57:51,28/6/17,Day of week:,Wednesday,24.94,Grade Celsius,
0,0.00,W/m^2,23:57:54,28/6/17,Day of week:,Wednesday,24.94,Grade Celsius,
0,0.00,W/m^2,23:57:57,28/6/17,Day of week:,Wednesday,24.94,Grade Celsius,
0,0.00,W/m^2,23:58:00,28/6/17,Day of week:,Wednesday,24.94,Grade Celsius,
0,0.00,W/m^2,23:58:03,28/6/17,Day of week:,Wednesday,24.94,Grade Celsius,
0,0.00,W/m^2,23:58:06,28/6/17,Day of week:,Wednesday,24.94,Grade Celsius,
0,0.00,W/m^2,23:58:09,28/6/17,Day of week:,Wednesday,24.94,Grade Celsius,
0,0.00,W/m^2,23:58:12,28/6/17,Day of week:,Wednesday,24.94,Grade Celsius,
0,0.00,W/m^2,23:58:15,28/6/17,Day of week:,Wednesday,24.94,Grade Celsius,
0,0.00,W/m^2,23:58:18,28/6/17,Day of week:,Wednesday,24.94,Grade Celsius,
0,0.00,W/m^2,23:58:21,28/6/17,Day of week:,Wednesday,24.94,Grade Celsius,
0,0.00,W/m^2,23:58:25,28/6/17,Day of week:,Wednesday,24.94,Grade Celsius,
0,0.00,W/m^2,23:58:28,28/6/17,Day of week:,Wednesday,24.94,Grade Celsius,
0,0.00,W/m^2,23:58:31,28/6/17,Day of week:,Wednesday,24.94,Grade Celsius,
0,0.00,W/m^2,23:58:34,28/6/17,Day of week:,Wednesday,24.94,Grade Celsius,
0,0.00,W/m^2,23:58:37,28/6/17,Day of week:,Wednesday,24.94,Grade Celsius,
0,0.00,W/m^2,23:58:40,28/6/17,Day of week:,Wednesday,24.94,Grade Celsius,
0,0.00,W/m^2,23:58:43,28/6/17,Day of week:,Wednesday,24.94,Grade Celsius,
0,0.00,W/m^2,23:58:46,28/6/17,Day of week:,Wednesday,24.94,Grade Celsius,
0,0.00,W/m^2,23:58:49,28/6/17,Day of week:,Wednesday,24.94,Grade Celsius,
0,0.00,W/m^2,23:58:52,28/6/17,Day of week:,Wednesday,24.94,Grade Celsius,
0,0.00,W/m^2,23:58:55,28/6/17,Day of week:,Wednesday,24.94,Grade Celsius,
0,0.00,W/m^2,23:58:58,28/6/17,Day of week:,Wednesday,24.94,Grade Celsius,
0,0.00,W/m^2,23:59:01,28/6/17,Day of week:,Wednesday,24.94,Grade Celsius,
0,0.00,W/m^2,23:59:05,28/6/17,Day of week:,Wednesday,24.94,Grade Celsius,
0,0.00,W/m^2,23:59:08,28/6/17,Day of week:,Wednesday,24.94,Grade Celsius,
0,0.00,W/m^2,23:59:11,28/6/17,Day of week:,Wednesday,24.94,Grade Celsius,
0,0.00,W/m^2,23:59:14,28/6/17,Day of week:,Wednesday,24.94,Grade Celsius,
0,0.00,W/m^2,23:59:17,28/6/17,Day of week:,Wednesday,24.94,Grade Celsius,
0,0.00,W/m^2,23:59:20,28/6/17,Day of week:,Wednesday,24.94,Grade Celsius,
0,0.00,W/m^2,23:59:23,28/6/17,Day of week:,Wednesday,24.94,Grade Celsius,
0,0.00,W/m^2,23:59:26,28/6/17,Day of week:,Wednesday,24.94,Grade Celsius,
0,0.00,W/m^2,23:59:29,28/6/17,Day of week:,Wednesday,24.94,Grade Celsius,
0,0.00,W/m^2,23:59:32,28/6/17,Day of week:,Wednesday,24.94,Grade Celsius,
0,0.00,W/m^2,23:59:35,28/6/17,Day of week:,Wednesday,24.94,Grade Celsius,
0,0.00,W/m^2,23:59:38,28/6/17,Day of week:,Wednesday,24.94,Grade Celsius,
0,0.00,W/m^2,23:59:41,28/6/17,Day of week:,Wednesday,24.94,Grade Celsius,
0,0.00,W/m^2,23:59:44,28/6/17,Day of week:,Wednesday,24.94,Grade Celsius,
0,0.00,W/m^2,23:59:47,28/6/17,Day of week:,Wednesday,24.94,Grade Celsius,
0,0.00,W/m^2,23:59:51,28/6/17,Day of week:,Wednesday,24.94,Grade Celsius,
0,0.00,W/m^2,23:59:54,28/6/17,Day of week:,Wednesday,24.94,Grade Celsius,
0,0.00,W/m^2,23:59:57,28/6/17,Day of week:,Wednesday,24.94,Grade Celsius,
